2019-07-03	0.09915601325482096	0.10224123088822652	0.10224123088822652	0.10224123088822652	0.10224123088822652	404148
2019-07-04	0.09980835032106176	0.10289510928574173	0.10289510928574173	0.10289510928574173	0.10289510928574173	553125
2019-07-05	0.09947631792505485	0.10256226720404038	0.10256226720404038	0.10256226720404038	0.10256226720404038	910003
2019-07-08	0.10000004775270219	0.10308741912085045	0.10308741912085045	0.10308741912085045	0.10308741912085045	1436196
2019-07-09	0.09956698430412153	0.10265325577908962	0.10265325577908962	0.10265325577908962	0.10265325577908962	1803002
2019-07-10	0.09973755940511723	0.1028242829799735	0.1028242829799735	0.1028242829799735	0.1028242829799735	1762684
2019-07-11	0.10023867519411418	0.10332679354924793	0.10332679354924793	0.10332679354924793	0.10332679354924793	1086550
2019-07-12	0.09978308049623488	0.10286991986464514	0.10286991986464514	0.10286991986464514	0.10286991986464514	21911864
2019-07-15	0.09960551322196771	0.08785744399586266	0.10269186368671537	0.06313341117777488	0.10269186368671537	135431270
2019-07-16	0.10044859189739326	0.10353714684113172	0.10353714684113172	0.07026015056311885	0.10353714684113172	96127722
2019-07-17	-0.04400997118340749	0.05266091511703626	0.07227571477760202	-0.04786493314336397	-0.04132666658984201	260239693
2019-07-18	0.09974431417929541	-0.004887336832299835	0.10283104423224501	-0.020275676984377648	0.10283104423224501	257902515
2019-07-19	-0.04186057503272333	-0.05160910063469124	-0.018959577869656026	-0.06482438365863406	-0.0391711872003921	169950172
2019-07-22	-0.09870540551855346	0.001995553249207811	0.024712861339068484	-0.09779833585982264	-0.09617567099626106	154694689
2019-07-23	-0.029622948251929442	-0.025098975408729247	-0.015196933607709927	-0.06560732823108115	-0.026899346645278186	130883820
2019-07-24	0.026826982162099517	-0.012035907346222742	0.054756031312060686	-0.015746570605016358	0.0297090543152044	133189755
2019-07-25	-0.03333347788205767	-0.008937808995483899	-0.004420661361005799	-0.04236470149062263	-0.030620117640979255	99511548
2019-07-26	-0.015843227913060715	-0.01588472337201824	0.023367737804026612	-0.01681930578097167	-0.013080976145157786	79289100
2019-07-29	0.01799230877634414	0.012302995011416509	0.027497036212338344	-4.216346433254751e-05	0.02084964318693502	58006457
2019-07-30	-0.005581389621611608	-0.005588759085779687	0.01586664292268852	-0.01211866404487872	-0.0027902283890230287	68892529
2019-07-31	0.01870914840312161	-0.0037597282346594637	0.030011128435352197	-0.037530584904670955	0.021568414267849324	110688366
2019-08-01	-0.02846654364097117	-0.012847713342762775	-0.0045600542197076245	-0.036789839698255444	-0.025739627534181967	69295003
2019-08-02	0.008506607387956494	-0.03321081965998037	0.030293959832942485	-0.0445848100169217	0.011337309238040206	98694427
2019-08-05	-0.007497555247184502	-0.013170415600929948	0.022543416977322185	-0.017869604098068443	-0.0047118763060807894	70236452
2019-08-06	0.04910287149301732	-0.026548337367286717	0.09560658916930873	-0.03317689927237315	0.05204746807873976	135558834
2019-08-07	-0.059405876249130726	-0.0071220041260398725	0.0019041594728142787	-0.06218160207905034	-0.056765903919737945	91328533
2019-08-08	0.002870714128884271	-0.007749152844247745	0.030635792887116015	-0.007749152844247745	0.005685578161729613	66176730
2019-08-09	-0.07728999498309531	0.005677436665047363	0.009504943560061903	-0.08618272881529941	-0.07470020813025613	90068158
2019-08-12	-0.010341457243048913	-0.005489511232835203	-0.003415453904853674	-0.039711457144531184	-0.007563568560816734	49583303
2019-08-13	-0.01671879271687643	-0.01605465580617337	0.010141972101010513	-0.020246116271322886	-0.013958925573598702	36421463
2019-08-14	-0.006376082173462672	0.018792023838880942	0.018792023838880942	-0.004652980893813037	-0.0035872988605087906	36705126
2019-08-15	0.0021390349095774717	-0.03473153899936627	0.028547171221786374	-0.04545674412159549	0.004951719952881923	57165055
2019-08-16	0.0010671275795915887	-0.0036147060476092725	0.022070843957608124	-0.00468493729782664	0.0038769127039124923	44390277
2019-08-19	0.03198290823804715	0.008152241893247956	0.04557040569628469	-0.00040048126173188617	0.03487950175255994	62267381
2019-08-20	-0.016528804900824732	-0.0034089216242238914	0.029741717157506738	-0.014804453705443726	-0.013768496243514667	63970595
2019-08-21	-0.008403562281195556	-0.01615393082845838	0.02071396255591413	-0.0277409830349754	-0.005620247004351973	47227792
2019-08-22	0.009533889190049665	0.0017446078148614106	0.022990516782302912	-0.006753755772115152	0.012367562298582067	42958654
2019-08-23	-0.02623292373984893	-0.006663457263642014	0.008068228751515898	-0.025604196425987793	-0.02349966985239386	39647751
2019-08-26	-0.005387925794451677	-0.02528899586936504	0.0017262758637456874	-0.02745021760801385	-0.0025961676135519366	24337960
2019-08-27	0.05850503549208423	0.015844457373373897	0.08103233699091657	0.0049798107704501484	0.06147597310565379	83726306
2019-08-28	0.10030694918376978	-0.011563069820290097	0.103395327043809	-0.012589484078005428	0.103395327043809	82031069
2019-08-29	0.003720926414407683	0.025195078578544212	0.07743431825133631	0.002806833004490453	0.0065382072668326635	166140089
2019-08-30	0.1000927619558693	-0.009275173262994884	0.10318045904017353	-0.009275173262994884	0.10318045904017353	115738167
2019-09-02	0.10025271237263321	0.07884097165976853	0.10334088409370228	0.056875532925896984	0.10334088409370228	93215893
2019-09-03	0.10030624767054744	0.07498430138997007	0.1033946007838478	0.006646013658750501	0.1033946007838478	235375908
2019-09-04	-0.0584550536334161	-0.034179103529789284	-0.015337221878997633	-0.08442412126523383	-0.055812375054772365	158143208
2019-09-05	0.08647440496983021	0.007994956467588337	0.10286507001747909	-0.009793189823016179	0.0895239602995256	196110370
2019-09-06	-0.01632644568760665	-0.0210695173668067	0.028047552145102697	-0.043581507559765156	-0.013565520635820465	162339979
2019-09-09	0.00553249731891368	0.005580765195643042	0.011822300979615988	-0.054754080716095485	0.008354781099630964	100772397
2019-09-10	0.05089402912029434	0.009703638188426159	0.10281155564432608	0.009013949910975063	0.05384368794529716	197857904
2019-09-11	-0.06544502308555783	-0.010318934567643288	-0.010318934567643288	-0.06544705757581169	-0.06282190886113706	140348271
2019-09-12	0.011904749364660731	0.004211297011923683	0.028087649528291087	-0.030198740438135255	0.014744981945615089	81246968
2019-09-16	0.05951564777677039	0.013216577472378602	0.06248943843165187	-0.005520989371288645	0.06248943843165187	101670282
2019-09-17	-0.01241024110002457	0.0021517442451109143	0.046691821767115824	-0.026668305916186474	-0.0096382762754199	122029347
2019-09-18	-0.034391497896228085	0.0008171018352955493	0.02137729411951968	-0.046272370815669255	-0.03168126661396191	89402009
2019-09-19	0.04589049789767738	-0.010930318942003163	0.05500765979519656	-0.03153593729737814	0.04882597428858409	92277212
2019-09-20	-0.017681839322131517	-0.0017903415597630317	0.01594101421516232	-0.02608886614021612	-0.014924679170818736	67672049
2019-09-23	-0.009333323349834687	-0.0225976493139198	0.03489660660879088	-0.03329425506698213	-0.00655274068432613	87699793
2019-09-24	-0.01951545672112681	-0.01743831051216833	0.022377032674495166	-0.03498405496730817	-0.016763474186970658	76004385
2019-09-25	-0.08030203961396418	-0.0020111196609315894	0.01106597601247686	-0.09148598479477915	-0.07772062092803331	91407231
2019-09-26	-0.09999997006546835	-0.009167001309785408	-0.0009350050971023993	-0.09747386977311266	-0.09747386977311266	86135301
2019-09-27	0.0024875595000767117	0.0028067780092623333	0.023594646541792646	-0.013823516816762006	0.005301322233165918	41953147
2019-09-30	-0.03225802973268182	0.00778348928817398	0.018566357897841602	-0.030371276561419507	-0.029541825129906624	36350572
2019-10-08	-0.0034188853194492743	0.012234842254642112	0.0233771394174789	-0.02204914901562522	-0.000621654471708156	32668371
2019-10-09	0.01801035901172438	-0.010093775338933249	0.020867670436738643	-0.029874699028945913	0.020867670436738643	34086261
2019-10-10	0.0042123797719598784	-0.0031070113089060433	0.01716877829159065	-0.00902078327571764	0.007030883491342303	32497811
2019-10-11	-0.012583961924305219	0.006171804003789908	0.01206076941183872	-0.0232730230364549	-0.009812530675200172	29098353
2019-10-14	0.06287172329485997	0.011326774676138929	0.07181894064244555	0.0028067513006028257	0.06585492427957022	60379326
2019-10-15	-0.019984070523205326	-0.0060109085493161366	0.01643400641892506	-0.0196381783514626	-0.017233366033436805	42235603
2019-10-16	-0.02120715526369288	0.003624745770891301	0.014258096785578885	-0.025003506960959685	-0.018459906336536592	30252196
2019-10-17	-0.013333318848346593	-0.007221295136646088	0.011163495694156665	-0.013906673620574402	-0.01056398437861032	21115818
2019-10-18	-0.04983102621433418	0.0028067578673112398	0.009582479204252538	-0.07850189817598419	-0.04716418699263078	39532342
2019-10-21	-0.033777827774501	0.0001325487611415973	0.0010239324944402784	-0.04532802163709209	-0.031065881904313034	25966526
2019-10-22	0.02575894112463439	0.008342023710152548	0.03509583769697278	0.008342023710152548	0.028638020527740306	24209327
2019-10-23	-0.02152473038437986	0.012699940784934251	0.012699940784934251	-0.02147643377086273	-0.018778298937510388	22652069
2019-10-24	0.0064161255017826995	-0.0008698039599932664	0.023947597413585684	-0.004546456015338199	0.009240989192205626	18594889
2019-10-25	0.0018215831251534808	0.0018935514130763173	0.011939886021593894	-0.021852330388874422	0.004633460851762885	20829012
2019-10-28	0.044545405814018224	0.0018951224572922453	0.07300323851886525	0.0018951224572922453	0.047477248137787795	38687458
2019-10-29	-0.037423807628662854	0.0028068117550952955	0.008043400850422208	-0.0347220767614139	-0.0347220767614139	28956212
2019-10-30	-0.038878800374719705	-0.008073591872514175	-0.008073591872514175	-0.03890128645782908	-0.03618119575912472	24595594
2019-10-31	-0.031044179343728617	0.007523597561113584	0.014127216646251996	-0.03115474279469697	-0.028324620329637555	20676205
2019-11-01	0.00873785386906189	-0.0049820994137766686	0.017410671343056013	-0.023480475256377812	0.011569078971708448	21874657
2019-11-04	-0.0057748732738018786	0.007632526841245698	0.018249344652791506	-0.003949456225894983	-0.0029842909702999403	16789900
2019-11-05	0.0038723097863360176	0.010572961863150885	0.018339132559505558	-0.003017836855469835	0.006689876514973463	16222795
2019-11-06	0.051108908868950066	0.0008726449031503549	0.1024104494585425	-0.00106140851695231	0.05405911395597484	51142812
2019-11-07	-0.012844022517335591	-0.010993338051125045	0.0009667425119777002	-0.027553449600036414	-0.010073331853963322	24729137
2019-11-08	-0.007435029120538487	0.010262552698612553	0.015854411846390897	-0.0055810482200926185	-0.004649071695462922	19588255
2019-11-11	-0.030898750594712292	-1.004684741663696e-05	-1.004684741663696e-05	-0.04414105886447906	-0.02817877792213736	19819124
2019-11-12	0.02125601393349035	-0.003975571435104676	0.053189254717938915	-0.016571211095944696	0.024122393962154137	24666598
2019-11-13	-0.004730363583372865	-0.0076293003995287845	0.017037657716735297	-0.01996277945766091	-0.0019369254496218059	18310922
2019-11-14	0.04182514253772637	0.0009002382714510299	0.06190749088990143	-0.005772429983692004	0.0447492010909623	42718114
2019-11-15	-0.0009124991708088518	-0.003598117907556032	0.0375755135838672	-0.0072579962623492995	0.0018916996246336245	45505592
2019-11-18	0.01369861508265328	0.017459644125402265	0.031196723028985587	-0.010014513681764215	0.0165438388651634	26669137
2019-11-19	-0.012612508596131932	-0.016165245210649017	-0.0008069432534231594	-0.08753617783540459	-0.009841238522379519	49654415
2019-11-20	-0.0063869452139085035	-0.01457775297193567	0.03666054399516893	-0.02281247927022032	-0.003598117907556032	35908796
2019-11-21	-0.018365544701791626	-0.011926862329089998	0.012015264026402675	-0.023897925506836417	-0.015610266383781267	25312177
2019-11-22	-0.019644507324945753	-0.007512045642438445	0.008435303340622556	-0.02439747397744419	-0.016892839161886063	24996361
2019-11-25	-0.025763331661031657	-0.0029344538487351417	-0.001977577124981549	-0.028770125390082654	-0.02302886504756093	19594503
2019-11-26	0.0	0.002806778580950845	0.011646407383329437	-0.0021041263092595615	0.002806778580950845	10729400
2019-11-27	-0.0009794308713036676	0.003788959558992891	0.00968204542724517	-0.0021041263092595615	0.0018245976029086241	9886100
2019-11-28	-0.010784302062704625	-0.00309208587840602	0.005756209217347759	-0.009974093175103442	-0.008007805376047086	14216306
2019-11-29	-0.009910791940057359	0.002806765695739633	0.006782213726248108	-0.01607661244917514	-0.00713185438053129	15538406
2019-12-02	0.0060060997552809576	0.0028067547215986062	0.017863913200901922	0.0028067547215986062	0.008829618113319969	13850900
2019-12-03	-0.0029850710525937724	-0.0021824265965480413	-0.00018679144974118007	-0.020143142917810147	-0.00018679144974118007	15324803
2019-12-04	0.0049899138867304516	-0.00720139280036863	0.0138155131988172	-0.009203002895529134	0.00781068291333551	14200600
2019-12-05	0.022840193729918374	0.005794271254748263	0.030690169058083618	0.0018109276062146917	0.025710989497416653	24527475
2019-12-06	-0.006796303284571596	-0.0010877044995449576	0.0076746840574765645	-0.00985009305656648	-0.004008500685218741	16343728
2019-12-09	-0.0009773200961519196	0.009668705151839523	0.014570009545780388	-0.0030746862724070705	0.0018266181215339675	17340863
2019-12-10	0.003913889716384415	0.002806681243668817	0.007712780466974332	-0.018780155338875976	0.00673156062231323	20419496
2019-12-11	0.023391785429863803	-0.0030576807368460496	0.0350607020585099	-0.006967258459446571	0.02626415218265855	33069628
2019-12-12	0.008571418748015891	0.0008966047065826988	0.018087576924825502	-0.014384259487410943	0.011402198839953264	30503199
2019-12-13	0.026440007727009298	0.005647534743133749	0.039737281683579075	-3.408974694033212e-05	0.029320970118442927	37491418
2019-12-16	0.01655941154893894	0.012032204949714033	0.0314056564574113	-0.005496155938202736	0.01941256742883684	34784895
2019-12-17	0.0787330295388731	0.01188185249339938	0.09446593193456472	0.0037141962849324924	0.08176068894361616	55412778
2019-12-18	0.016778419600226736	0.013743330956995672	0.0751568273552202	0.013743330956995672	0.019632296365044485	63435805
2019-12-19	-0.029702938347984948	-0.0005028099688591628	0.00115198670337779	-0.02863435339688795	-0.026979556724650997	40782602
2019-12-20	-0.0357143313960801	0.010481291812926997	0.010481291812926997	-0.03300777644231288	-0.03300777644231288	33422157
2019-12-23	-0.029100498219885338	-0.0024990582105470943	0.015187128700613515	-0.027259719886171756	-0.02637541054061375	24247274
2019-12-24	0.010899170648747685	0.01191491098063384	0.022844684996626376	-0.0008364920380239018	0.013736539983299371	18281614
2019-12-25	0.014375546002612136	0.004608766603524986	0.02352964920323255	-0.003500183082063992	0.017222688336663308	20655099
2019-12-26	-0.002657215945427419	0.001030341789241776	0.0072479215519079	-0.011404817736090313	0.00014211610886092374	14700637
2019-12-27	0.010657182216227962	0.006369159006683432	0.034868108642270794	0.0001350137738986418	0.013493896415580311	31909161
2019-12-30	0.005272490277708694	-0.00864881212335265	0.019549621665138676	-0.013054817402804479	0.008094007938564017	21085185
2019-12-31	-0.010489586194086357	-0.004205915139585178	0.006313036461053095	-0.01998434254054243	-0.007712232339797832	17340762
2020-01-02	0.020318088189593582	0.009893769805877186	0.029382947819674717	0.00812202635007744	0.0231818457243756	24841306
2020-01-03	0.01212111161690385	0.006279653884947036	0.021907810718362928	-0.0015344245317609096	0.014961963236844737	27906089
2020-01-06	0.006843534683905679	0.029399654121716207	0.07057564028658489	0.0028068297235718295	0.009669494084383277	42683540
2020-01-07	-0.00679701904830146	0.0019547489630492307	0.009622770001031738	-0.015085297788022974	-0.004009267399826087	26377845
2020-01-08	0.043627072524636976	0.04655631502374475	0.04655631502374475	0.04655631502374475	0.04655631502374475	55862107
2020-01-09	-0.016393425105498228	-0.021852392923044514	-0.0029470190047503836	-0.030072120713607136	-0.013632665132481894	32577733
2020-01-10	-0.02416664041262819	-0.0013715889632089425	0.006149461831210393	-0.022263396725484906	-0.02142772441499374	24142624
2020-01-13	-0.004269935708184088	-0.0014750936117099587	-0.0014750936117099587	-0.0014750936117099587	-0.0014750936117099587	19461350
2020-01-14	-0.0008575460439700842	0.0019467869071614445	0.0019467869071614445	0.0019467869071614445	0.0019467869071614445	17579493
2020-01-15	-0.013733976288828373	-0.002357930045062606	0.0071106314471757505	-0.017851939759634516	-0.010965713219824761	16238519
2020-01-16	0.012184582783491488	0.00018851720743191705	0.027244227533287292	0.00018851720743191705	0.015025519644191371	20430036
2020-01-17	-0.013757508224437952	0.0002199621658177082	0.007980289458483524	-0.017025209595661846	-0.010989399479143956	15784463
2020-01-20	0.10026161277724394	0.006303868622002826	0.10334968045262165	0.006303868622002826	0.10334968045262165	92274800
2020-01-21	0.0	0.00042281571107219765	0.019493623953380182	-0.03454033273315904	0.0028066667413606428	63367993
2020-01-22	0.053882582146115986	0.004395900761553081	0.08385760177116962	-0.011496439440370312	0.05684062342790001	64125211
2020-01-23	0.030075156222974176	-0.019058908792383894	0.10082551357657149	-0.02132087902576036	0.032966406575275956	85756389
2020-02-03	-0.09999997072096838	-0.0974738490668846	-0.0974738490668846	-0.0974738490668846	-0.0974738490668846	5914000
2020-02-04	0.051905946969656905	-0.08015045192590546	0.0873906682361311	-0.08015045192590546	0.05485841189398817	67881520
2020-02-05	0.10023134914701118	-0.0026054420011971317	0.1033194064064276	-0.015749401292654217	0.1033194064064276	77407677
2020-02-06	0.1002101185799638	0.05340385072164139	0.10329822924147891	0.01967243989132863	0.10329822924147891	69964152
2020-02-07	0.10000008942226574	0.10053259901471999	0.10308752089287367	0.059015118494721706	0.10308752089287367	109679638
2020-02-10	0.06485244775722293	0.10326163042442536	0.10326163042442536	-0.04713034972290419	0.06784106738123954	177681794
2020-02-11	-0.09189793293137448	-0.0130070403680119	-0.0130070403680119	-0.09752859144108056	-0.08934898271562652	133719946
2020-02-12	0.10000007806280785	0.00280689837429401	0.10308758220689193	0.00280689837429401	0.10308758220689193	127141349
2020-02-13	0.05117027604317005	0.013724641598935756	0.10325115740386911	-0.025579706379052	0.054120722431384424	152192535
2020-02-14	0.022786202561483546	0.039159270814513494	0.08434005674401654	0.012673952068116522	0.025656951453605196	113993867
2020-02-17	0.014683680972175176	-0.001255209454350714	0.08455463776308378	-0.0022707100039651576	0.01753160148854096	119526770
2020-02-18	0.06387207870010632	-0.002197317522214938	0.0803690488629053	-0.014206978093178143	0.06685818072057163	127228827
2020-02-19	-0.07692309139568228	-0.031059072189203393	-0.030118305805847036	-0.09690937947047468	-0.07433216216910313	111179433
2020-02-20	0.01371954916902582	0.005864177966417769	0.03439928099564863	-0.03133343347813552	0.016564911666373573	85723065
2020-02-21	0.009022597132897325	-0.012775708410120984	0.06563936021227534	-0.031374080062989376	0.011854634131090077	108537403
2020-02-24	-0.04321907845595452	-0.028577651367777526	-0.014130807648511202	-0.06046018119866334	-0.04053361873555865	87300242
2020-02-25	0.02232609203756326	-0.0367640102544541	0.03821224858173912	-0.037284678357019346	0.025195546017610117	84202107
2020-02-26	-0.07364146170413986	-0.02927905376602555	-0.009416350180724125	-0.0878482130533962	-0.071041396208484	66687432
2020-02-27	-0.025219270515260062	0.012702878693149369	0.015451745752420728	-0.037877286800753945	-0.022483268411125332	43521828
2020-02-28	-0.060180078821285864	-0.046825998255184124	-0.027649716563276593	-0.08292252849877463	-0.05754221207207854	50930378
2020-03-02	0.030520615182087298	0.019610304821472312	0.04961649389803124	-0.006195077796746352	0.03341309178431144	40760431
2020-03-03	0.02322895542523475	0.02144213061868127	0.07734768181858162	0.013289171007746948	0.026100931404923686	52310113
2020-03-04	-0.0005675931568741819	-0.014267173662675835	0.021588061113614037	-0.03191019769065327	0.002237647663574195	35171600
2020-03-05	0.018171530754079398	0.01932091473972764	0.04152963965980642	-0.0006099980803739443	0.021029273814710488	43484381
2020-03-06	-0.0027887311592021393	-0.021242724198056718	0.024619045296662926	-0.030191362148245922	1.0235004655518947e-05	37231295
2020-03-09	-0.07438476846322772	-0.015701386554334413	-0.013457914697929164	-0.07851697205724709	-0.07178678082960847	40902700
2020-03-10	0.08338378168695389	-0.026883584791437598	0.10278460975696511	-0.026883584791437598	0.0864245585998805	55219850
2020-03-11	0.053541490583571896	0.003925375965837602	0.10291957143183127	-0.011175506504093888	0.05649851206522471	114051818
2020-03-12	-0.07464269500106391	-0.03223039095981083	-0.02851437862502183	-0.08690958621717704	-0.07204537761807424	56271995
2020-03-13	-0.012013660202463678	-0.07062519498224828	0.012559524444678494	-0.07062519498224828	-0.009240623956963253	36719678
2020-03-16	-0.09496237384275841	0.021968668182625682	0.02313005428105282	-0.09706745510000973	-0.09242214297190689	45864034
2020-03-17	-0.012795891353746099	0.006014723359103723	0.02782881812581897	-0.06135233400869333	-0.010025052204657497	32953117
2020-03-18	0.004536611967663449	0.006706197053281933	0.05869883516489088	-0.004342224734907728	0.007356104217293076	36314493
2020-03-19	0.021290299164429097	0.0002188706623190085	0.03192050369107287	-0.02307212503227582	0.02415683845954134	33190473
2020-03-20	-0.0037902042057957708	0.02244475424677265	0.024345272646566832	-0.024433073669936432	-0.000994128037331058	22377985
2020-03-23	-0.0665821689138566	-0.033439311625652064	-0.016270141503212907	-0.0741366037677298	-0.06396228073221034	22013112
2020-03-24	0.02309786903561594	0.027331934490557763	0.038913262664522934	-0.011499577622149013	0.025969425293620715	20489603
2020-03-25	0.02523230856829099	0.029441699673501902	0.03543456855905268	0.01079721869623271	0.028109951032268304	20175988
2020-03-26	-0.02072536706366728	-0.003688042905583425	0.011899627870339664	-0.019275713681506514	-0.017976741116846287	15914871
2020-03-27	-0.009259315756800788	0.01739790206450853	0.02734638220203634	-0.008468146293063758	-0.006478450265558125	15420711
2020-03-30	-0.03538047181593939	-0.0206232116583192	-0.009912324020953014	-0.06882220602646758	-0.03267296025035638	19830872
2020-03-31	-0.011072652833484428	0.015298529343897267	0.01946243308693435	-0.01246082894301724	-0.008296925199980158	12369083
2020-04-01	0.010496910070826041	-0.003508981717407375	0.030175221717497196	-0.009824769861451966	0.01333312000004491	16095129
2020-04-02	0.0346260003066755	0.00350121225724288	0.05419712125016937	-0.003443432810281268	0.03752997308811134	19085008
2020-04-03	-0.00669336611764228	0.004820453284776191	0.01556001724773974	-0.013973783650410078	-0.0039054424351317365	18033717
2020-04-07	0.09973034365388574	0.033891015047844524	0.10281708271770079	0.02983654047902941	0.10281708271770079	45794523
2020-04-08	0.03431375109290279	-0.015627134305634068	0.05687979240424223	-0.018084994145070633	0.037216790795757376	56469518
2020-04-09	0.004146974404782413	-0.008480668106954012	0.046768758101021206	-0.009074807366637782	0.0069654080372112005	41183940
2020-04-10	-0.025368821371959147	-0.010800731415876065	0.021738779317380254	-0.029141090411221163	-0.022633200097097756	32802491
2020-04-13	0.03753028831728231	-0.009940777943785782	0.04894085813191044	-0.022081175027366198	0.040442373784589924	36638710
2020-04-14	0.0023337198293518686	0.008072419267323827	0.022699122971144545	-0.016500501461909744	0.0051470785265596425	35378977
2020-04-15	-0.02270079104996658	-0.008867310447624118	0.012146103465147069	-0.02462742925279677	-0.019957664975436964	31529851
2020-04-16	-0.008338347367252934	-0.01451388119911091	0.009376691377880256	-0.01929199571450906	-0.005554916482739275	24444199
2020-04-17	-0.021020999497873803	0.011841070836287214	0.018466281327851105	-0.020682333862160826	-0.018273248540645107	23711504
2020-04-20	0.10000007997845749	0.007113407053373798	0.10308749452532065	0.007113407053373798	0.10308749452532065	41462753
2020-04-21	0.06413835578621156	0.062650756584967	0.09453027928251602	0.04027916170949408	0.06712507556006149	95337822
2020-04-22	0.013102605100501917	-0.00823042563888728	0.03696940461978545	-0.017165286195671953	0.015946203309703522	81668923
2020-04-23	-0.01758922127407194	-0.003937300761531353	0.004363221299803702	-0.038695736893371954	-0.014831787845296584	56010458
2020-04-24	-0.09952601404415354	0.003334873892423848	0.008087512768756374	-0.09752668448307772	-0.09699861349681846	74275197
2020-04-27	-0.04444433627945453	-0.006576183785506418	-0.004816990994502155	-0.0570097980083321	-0.041762443996028915	47720949
2020-04-28	-0.033659873521166964	-0.0162184026922842	0.0028066311416997066	-0.07943087716490234	-0.030947570028920585	43749959
2020-04-29	0.026598957627126635	-0.011800285853914754	0.04599282158009709	-0.014975734806826384	0.029480487024956748	33495050
2020-04-30	0.04996935592760675	0.003425504343527505	0.07023805745718725	0.003425504343527505	0.052916346291194974	38775808
2020-05-06	0.022914192914681185	0.003985184620432567	0.028142103724743506	-0.01899340710542208	0.025785272209886075	44586696
2020-05-07	-0.000574497109111407	-0.0023771877070519944	0.028150531144868533	-0.011593102832160068	0.0022307698555019398	39469820
2020-05-08	0.06954027701790834	0.009146463229809432	0.08061086153963022	0.0016541702905553787	0.07254235807271363	69486430
2020-05-11	-0.005910794593206046	-0.011203362274988778	-0.002042848465002399	-0.0365295425762091	-0.003120555972059609	52016523
2020-05-12	-0.011351285454709904	-0.006408152461763566	0.017984500292412883	-0.015623134135604176	-0.008576329238069079	38001706
2020-05-13	-0.005467462566632524	-0.007610585077708882	0.014320672710628963	-0.016383033364899727	-0.002675997247188525	32798948
2020-05-14	0.022539887341634847	0.0006015737946691471	0.03478190303724193	-0.018142532855014527	0.025409877277181765	54037291
2020-05-15	-0.02526905816661813	-0.002584707380727681	0.0017284398305988102	-0.02792439333293129	-0.022533067147453185	39870791
2020-05-18	0.011583222580226269	-0.000511746835543862	0.06475644014475818	-0.01157409609645365	0.01442249933791506	60014664
2020-05-19	0.0010905660270064434	0.01374255358564106	0.015929645614431682	-0.013050102938059872	0.003900393402078227	33114916
2020-05-20	-0.047930392105617295	-0.003201389422563093	0.009907195045304485	-0.046896616363020005	-0.04525809792363849	43982401
2020-05-21	-0.016018232726221982	0.004527890823021159	0.009691083865515262	-0.03563033465407798	-0.013256383398980382	30904757
2020-05-22	0.008139584169855671	0.002806809454298719	0.047116758597420726	-0.0024404351738200086	0.010969131684209746	35342388
2020-05-25	-0.037485654774944414	-0.016856174386119114	-0.009916277785090301	-0.04577216925711561	-0.034784033374147275	24396900
2020-05-26	0.030557246928280987	0.005210149005430816	0.03465139035644774	0.005210149005430816	0.03344982475215535	18974905
2020-05-27	0.0029069735239777156	0.0033897200297645915	0.0389544363675097	-0.0024404351738200086	0.005721887056091019	28309754
2020-05-28	-0.017970936509310535	-0.011145339602396661	0.014433557483411958	-0.046606911785967556	-0.015214642211048901	25793726
2020-05-29	0.09976375437558772	0.0063585283675893865	0.10285049277233314	0.0063585283675893865	0.10285049277233314	48273169
2020-06-01	0.022544205316264682	0.022722966525308377	0.0302587661353387	-0.0171094016446246	0.025414288925481986	81018198
2020-06-02	0.0015749594968678254	-0.0056157184105706465	0.07703030619194015	-0.012458967169998437	0.004386082430513143	86740263
2020-06-03	0.03197061292828065	-0.0066537380986344125	0.05799255337186404	-0.0066537380986344125	0.034867137046780454	84339633
2020-06-04	-0.018791345406060353	-0.0068699137097278686	0.007390466664188086	-0.027751110395831034	-0.016037268352407288	46686738
2020-06-05	-0.008799214613324365	-0.009131355443943329	0.012149741689004989	-0.018993327286041393	-0.0060170485464387646	34543203
2020-06-08	-0.00835503070500362	0.014327413246863808	0.041033914299758806	-0.007142707900060207	-0.005571678723302924	38545413
2020-06-09	0.006319161457070241	0.007031370796238056	0.03185075995751769	0.0001665007819673854	0.009143707548373374	31385792
2020-06-10	0.007849284913772014	-0.004539865189397323	0.0285197507015057	-0.01975770698448343	0.010678081556683672	35938919
2020-06-11	-0.006230678982966486	-0.005003203931169069	0.023112821540539213	-0.016978674423788205	-0.00344130375709415	41534146
2020-06-12	0.015674175982449575	-0.0307247674341964	0.018524945424565044	-0.035964093015633254	0.018524945424565044	40980145
2020-06-15	-0.02254489030253927	0.011060277247171785	0.01931383053082217	-0.024017324208342322	-0.020406394646745447	32514310
2020-06-16	0.0	-0.00889477312874275	0.012742773270600659	-0.0183942365175919	0.0021878198134906916	30741115
2020-06-17	-0.014744615734063701	-0.002561885493682243	0.010103942550942241	-0.015755511346940414	-0.012589093916661801	32971352
2020-06-18	-0.04008542432691781	-0.0037042383546549654	-0.0037042383546549654	-0.05405466931952731	-0.03798543640566486	39932099
2020-06-19	0.018374074273717927	-0.0011603280524290496	0.021160055743065787	-0.0072983931403932546	0.02060215635534895	24874552
2020-06-22	0.009841495419853782	0.006023483085436652	0.013694630903374003	-0.007675093007852186	0.012050746977875046	23952642
2020-06-23	-0.01786688645706283	0.022264087059569056	0.04668127715728102	-0.016260781521979743	-0.015718178503370737	46641498
2020-06-24	-0.01764060560211962	-0.01659631923031088	-0.007204261077338576	-0.025988377383282985	-0.015491315964913214	31533525
2020-06-29	0.009539906339862018	-6.163849170838166e-05	0.019622073936158297	-0.015246359659361709	0.011748600212911464	19933960
2020-06-30	0.001111876973005052	0.007201546767437205	0.011658190779682606	-0.01953831730603441	0.003301983256722751	20321199
2020-07-01	-0.008883968035499602	0.006639368135417827	0.009978138842334564	-0.014506235321233745	-0.006715714692249321	20484658
2020-07-02	0.011764616710932324	-0.0017424029541237656	0.014539581781743726	-0.009041305011191197	0.01397807595122916	25496647
2020-07-03	-0.0038760139451710254	0.011621438272641107	0.011621438272641107	-0.009465569217408406	-0.0016966717210745196	24791411
2020-07-06	0.05614235011205947	0.009986893567040543	0.07126580444346348	0.0021878222536612525	0.05845295290825822	54967180
2020-07-07	0.007894655084681514	0.010099784672044284	0.047022492205748403	-0.010471438096733485	0.010099784672044284	62489337
2020-07-08	0.10026107124514218	0.013701294847644808	0.10266831077808815	0.013701294847644808	0.10266831077808815	56072005
2020-07-09	0.100142494278682	0.1025493623906619	0.1025493623906619	0.1025493623906619	0.1025493623906619	14345552
2020-07-10	0.034081085897696185	0.07136385477909976	0.10033131861019479	0.0034847858988807873	0.03634340158788409	147328740
2020-07-13	-0.012932779873694303	-0.0383679883908439	-0.0024112713640662355	-0.07683326885521022	-0.010773330666407241	86116490
2020-07-14	0.02535924681905997	-0.005436677894190854	0.05386432961793912	-0.0211090558590898	0.027602478461964692	78574035
2020-07-15	-0.06760103393058237	0.019538075719374354	0.03275737005609235	-0.06638733746929246	-0.06556109026295291	61914515
2020-07-16	-0.0760388505056575	-0.021294053951553028	0.023011330659060237	-0.09173961548242811	-0.07401746163818286	49221216
2020-07-17	0.05263149566306853	0.001708178657563337	0.07651271848172307	-0.01411583832573064	0.05493446555293727	47754340
2020-07-20	0.1000001229957781	0.025420357432108846	0.10240664927931542	0.025420357432108846	0.10240664927931542	67785816
2020-07-21	-0.0533058673162278	-0.002367689170073814	-0.002367689170073814	-0.06075961769934721	-0.0512346931874799	56330743
2020-07-22	0.0017459764959620726	0.003937622536705731	0.04155785390429141	-0.008748342682784559	0.003937622536705731	43489862
2020-07-23	0.024836658675365463	0.011794811331053975	0.041489264145258394	-0.013969493316564725	0.02707872086777675	61244584
2020-07-24	-0.07440485409966156	0.011988031526473784	0.011988031526473784	-0.07280591300984963	-0.0723798127860491	52287914
2020-07-27	-0.00826816465434987	-0.0010345966562281229	0.017379465277322318	-0.03786285862913875	-0.006098522382923652	28739605
2020-07-28	0.03010648070568123	0.004044447188327317	0.037930461447337326	-0.0019899855497434015	0.03236012657552117	29782876
2020-07-29	0.03012588181484313	-0.004120956494505688	0.03778712071541062	-0.014935887470174289	0.03237958763397617	37742089
2020-07-30	0.02095158671787524	0.04112040833619019	0.08311522661845788	0.017060945835183534	0.023185140044042863	66484335
2020-07-31	-0.013681084059516003	0.002187717179957557	0.024468120660149913	-0.025662690764876317	-0.011523231132176551	49304478
2020-08-03	0.10012998466787361	0.007835179684406845	0.10253684267319933	0.003925474414497742	0.10253684267319933	77190441
2020-08-04	-0.020488423230003258	0.026669963593493298	0.07800342228586166	-0.033350741970433986	-0.018345526092145868	108296930
2020-08-05	0.018101218778739506	-0.026031603258811174	0.048144797817504525	-0.026434735873356433	0.020328607100624733	63799807
2020-08-06	0.027261963859705352	-0.0013758997466890837	0.04376420797246562	-0.01404674535048796	0.02950942252559496	70627028
2020-08-07	-0.03576920092597532	-0.016699571190816092	-0.0074486067488638156	-0.04869248988590133	-0.03365967266772876	46123088
2020-08-10	0.0047865959642574216	-0.00460806502523742	0.0665484668725569	-0.009804890388559435	0.006984893068522271	46833409
2020-08-11	-0.049225840769508346	-0.0133284609793273	-0.005769243775912671	-0.050726417057323656	-0.04714575406972191	44526960
2020-08-12	-0.04634660095997451	-0.00408905151529537	-0.0003230015518637213	-0.0768993508083073	-0.04426020928023342	35396353
2020-08-13	-0.00744304335120361	0.0013102157336461878	0.016667734379867818	-0.011414541551741337	-0.005271577971877279	18263681
2020-08-14	0.0247022260150433	0.006166438673006165	0.04064846100742541	0.0035140230247661416	0.02694404087758928	21675019
2020-08-17	0.061558316132992626	0.04403551808685761	0.08933453480820741	0.016424576267201316	0.06388077736120376	45081050
2020-08-18	0.0	-0.009597837810334327	0.030635978370788155	-0.009597837810334327	0.002187784875230706	39120734
2020-08-19	0.03568536294173736	-0.004721052246780281	0.08346822160477091	-0.015287509021620427	0.03795121767644676	60413657
2020-08-20	-0.07478470915777893	-0.026849841786575065	-0.026849841786575065	-0.07472251387298207	-0.07276055674707588	39504726
2020-08-21	-0.009733393868926285	0.009821864616429966	0.023817716330805098	-0.024531547179910088	-0.007566878435212931	20676655
2020-08-24	0.011111179160900646	0.007755563138110366	0.020604081979476743	-0.014087034529267484	0.01332323036653049	15097608
2020-08-25	-0.036348324370473827	0.0021877428033834794	0.0021877428033834794	-0.04355878138206268	-0.03424008733180896	24863931
2020-08-26	-0.020613992115331346	-0.010998879263929933	0.009660211302507115	-0.03297668194695371	-0.01847133217615809	18639890
2020-08-27	0.007613126263001083	0.002636566146591179	0.017896030447837413	-0.012622898154655055	0.00981749052364824	12261911
2020-08-28	0.026666655976664497	0.007087337852710029	0.032476048604589525	0.006196459791961927	0.02891271452830111	16846998
2020-08-31	-0.007359355101313435	0.008695431854836025	0.019107771796563297	-0.006489230560183074	-0.005187688067467107	16249337
2020-09-01	0.005669375764206456	-0.0021828724755620027	0.013551475475639297	-0.005679384529962062	0.00786955597443783	11678038
2020-09-02	-0.023850766323829393	0.005664577645414056	0.007837665043189017	-0.03258018730307988	-0.021715184914300453	15969208
2020-09-03	-0.013771689339958969	0.00485907463654216	0.006194731359585909	-0.020518403101288114	-0.011613980425772679	13301998
2020-09-04	0.013963997170941237	-0.015869688861770696	0.019342359855209917	-0.029412722015632643	0.016182308252470263	13059877
2020-09-07	-0.028876007914389504	0.002632980098135965	0.002632980098135965	-0.03387492580983431	-0.026751423286934584	15012953
2020-09-08	-0.036139228171505736	0.008606115059676763	0.013190688309948085	-0.0830853499457484	-0.034030416167845925	19388283
2020-09-09	-0.030374854416395022	-0.016837993070967065	-0.003519834140046177	-0.04870633098303546	-0.028253517099170733	17437622
2020-09-10	-0.022026400167453233	0.004149930629277282	0.016904205122087065	-0.023811206853375268	-0.0198868297954993	12823821
2020-09-11	0.006506445702490527	-0.002326650610261158	0.009711640787015398	-0.02188882397128789	0.008708550156337284	12853126
2020-09-14	-0.0024862829591342753	0.011158222632111948	0.011158222632111948	-0.007779240000759544	-0.00030399531069790864	8388218
2020-09-15	0.008973077769122052	0.006684132844536079	0.01118048877287395	-0.003807314362075314	0.01118048877287395	10076979
2020-09-16	-0.013834053548517146	0.002187779884704722	0.002187779884704722	-0.014152238265589293	-0.01167652745499369	7544856
2020-09-17	-0.0005009935015449189	0.0016857944291811704	0.009719364307632261	-0.014381445747344415	0.0016857944291811704	8154608
2020-09-18	0.020551531845359846	0.007713631281683212	0.02479357442372429	0.002187884046415477	0.022784225493166808	12860356
2020-09-21	0.02062862566990534	0.00809448680607115	0.043535357831210694	0.0061256014848915736	0.02286154511350798	16198576
2020-09-22	-0.02935517851818773	-0.010833948487550097	-0.004081961787806556	-0.02819620000117686	-0.027231630472641898	9458140
2020-09-23	-0.01636100105291833	0.0031815610965115477	0.008150265957380677	-0.017687049006187068	-0.014208955603578712	11228183
2020-09-24	-0.03276199533982644	0.0006723851989788205	0.0006723851989788205	-0.03418182879883752	-0.030645883796319915	10858684
2020-09-25	0.01250650912839486	0.02151074030338973	0.03665589119009088	0.007932375985534553	0.014721610368940248	8985154
2020-09-28	-0.02882138234339154	0.002703585825671292	0.008377216656948159	-0.02772831170050318	-0.02669667212290767	8032087
2020-09-29	0.027026883486198486	0.005374317906901014	0.03511597760198096	0.0021877646211061167	0.029273812766055233	9834193
2020-09-30	0.0005160905448281402	0.003222101169053578	0.013564597057394484	-0.00660332163734952	0.0027049246621571486	6262053
2020-10-09	0.013408900047509557	0.020277788459510743	0.025963226997025902	0.010457433845270913	0.015626066019725746	6885038
2020-10-12	0.033078879628469345	0.004737976844412033	0.04094929271295212	-0.0003622666744800186	0.03533902994236329	15037763
2020-10-13	-0.015270874091440118	0.0016941911218599918	0.0016941911218599918	-0.026446157039179588	-0.013116515838221028	12469313
2020-10-14	-0.02901461429407524	0.0031904564852478345	0.02675365061558593	-0.03591441887999426	-0.02689021687263073	18656757
2020-10-15	-0.0025758448660668488	-0.0019427264859411806	0.018710295211194137	-0.01226928896706286	-0.0003936982261016854	11677091
2020-10-16	-0.012396689508885554	-0.005577205778440452	0.0016700713095913664	-0.01644799199575015	-0.010236032810880863	8190997
2020-10-19	0.028765722999296268	0.022105682372954166	0.041499534915706675	0.010050076888555198	0.03101634729620565	14612470
2020-10-20	-0.012201367683048909	-0.008511869988488286	-0.005964316004096646	-0.027872842099342245	-0.010040320859026123	8407580
2020-10-21	-0.014410820120195495	0.002703585825671292	0.005282504241760747	-0.018443968137341643	-0.012254491727567039	5967581
2020-10-22	-0.008355054381382288	-0.005138842530068485	0.0021878572093206486	-0.01246548993588837	-0.006185513921409975	5441915
2020-10-23	-0.0005266895440620012	0.0021878198134906916	0.015381445666748863	-0.0020341404595518335	0.0016600747793604697	4807012
2020-10-26	-0.030558441495353066	0.0016598407355490035	0.0016598407355490035	-0.03899783531634179	-0.028437425350728858	7729849
2020-10-27	-0.013586889770390536	-0.009250085145119312	0.007634547398611687	-0.019054151424378482	-0.011428808903524287	7872670
2020-10-28	-0.014876056148579649	0.006605163072797247	0.010470294987768832	-0.027629296307343794	-0.012720827803814984	10058918
2020-10-29	-0.006152020795733738	-0.02191394670479458	0.0010668704224384995	-0.02191394670479458	-0.003977755241630096	8255482
2020-10-30	-0.025886334090360057	0.004443577423288027	0.01967102186884146	-0.027703074279932145	-0.02375528933193436	9058279
2020-11-02	-0.03177357759541293	-0.0012860540800417818	0.013188061078218483	-0.03370801413808421	-0.02965531979023181	11614787
2020-11-03	0.061455876261621925	0.010559268015446238	0.06915968648265762	0.001589807056729344	0.06377812950024013	15572413
2020-11-04	-0.00449705695372665	0.014017953187861174	0.015144639802514329	-0.01020580902718216	-0.0023190590589406653	9863983
2020-11-05	0.013551832552341643	0.014071544218753822	0.018598649326873162	-0.009695757598873315	0.015769265223112384	10711856
2020-11-06	-0.009470813613405526	0.011679255707835866	0.0122374658977012	-0.012886961710733938	-0.007303687336188474	7497684
2020-11-09	0.04274477478563158	0.006697128365600893	0.05855386443724786	0.006697128365600893	0.04502602024464437	17062637
2020-11-10	-0.017799534247601667	0.0032687318687952675	0.0054310031352691425	-0.021596712002775725	-0.015650668727836218	9486802
2020-11-11	-0.03239961638383971	0.0021878074738229214	0.0021878074738229214	-0.03248420522209774	-0.03028274906129506	9228249
2020-11-12	-0.012485939084848003	0.010150591498342874	0.015269597874179064	-0.014875661894634159	-0.010325434005002082	5927755
2020-11-13	0.012069048437062175	0.002763792105927832	0.02753050265190995	-0.009907490576410674	0.0142832499568743	6570095
2020-11-16	0.007949892661766256	0.007309710385385334	0.01527707446317511	-0.008056087001505494	0.010155160970928157	5834486
2020-11-17	0.07042264097678029	0.0016232620509562408	0.07897528407085896	0.0016232620509562408	0.07276448584938953	35429527
2020-11-18	0.0	-0.0009769748413418502	0.007462448419637007	-0.017855926856749395	0.002187775914822079	19201899
2020-11-19	0.01263162747435551	-0.004141883837680712	0.028561138438896346	-0.015746110601548412	0.014846989926377644	24089307
2020-11-20	-0.011954266069382203	0.0042713303469110436	0.014689030107302846	-0.01760594853630586	-0.009792686738201835	15808238
2020-11-23	0.025775888892016874	0.004823628138901025	0.051743622137372755	-0.02417175589300617	0.028020030258583368	29887581
2020-11-24	-0.02717948596711025	-0.00809114995236787	-0.003979610464525801	-0.032760335485176074	-0.025051250339715916	18828508
2020-11-25	-0.011597325083237863	0.00430095449798201	0.01539523099159703	-0.011019838826866461	-0.009434881807619089	11877489
2020-11-26	0.018133345819257324	0.010739818787338935	0.036395773429227	0.010739818787338935	0.02036082182180328	13910896
2020-11-27	-0.003142900851234936	-0.0035869818691678735	0.00796264196654346	-0.020911338875657676	-0.0009620267943755695	10221197
2020-11-30	0.01891743821865695	0.0032409159690104826	0.03378578535519932	-0.010451506359731388	0.021146529057465942	21314839
2020-12-01	0.005673033944342318	0.0027046147981007363	0.01252491772653581	-0.007632494493394296	0.007873195286750814	13996847
2020-12-02	0.02871792125497338	0.006299289649322561	0.0463868510500255	-0.0019237893263612084	0.030968475182130945	25341369
2020-12-03	0.004985009898727582	-0.001309388805842379	0.010181248607066477	-0.014298861487707263	0.00718372794768481	14853286
2020-12-04	-0.00793652213984995	-0.0027834076274644596	0.010638800277788876	-0.011234396119703803	-0.005766059736557834	9309896
2020-12-07	-0.04099995495165719	0.0006844942852494919	0.005194339502851772	-0.04441390778138212	-0.038901874737646024	16369893
2020-12-08	-0.013034397822566785	0.00741300221076972	0.007935519300997531	-0.012442699469592991	-0.010875148198909747	8735723
2020-12-09	-0.014263096047600246	0.005893689954764418	0.013834955928091431	-0.01475354863411283	-0.012106512918110306	9074272
2020-12-10	-0.017684854907000877	-0.003720125364776695	0.0011135777916046051	-0.03164808063046528	-0.015535790483673784	9841719
2020-12-11	-0.01363888414129992	0.0005474580461680351	0.0060149854680041645	-0.017495202019290643	-0.01148092732274375	8744535
2020-12-14	0.027654895523862216	0.005513584938270282	0.04376085160686217	0.00218779591354583	0.029903166375756723	9129838
2020-12-15	0.01937572008647524	0.002727158964887873	0.02268455789387386	-0.010218215868440343	0.021605884535886723	7819180
2020-12-16	-0.025343285011552495	-0.006278436216757379	7.11690858421958e-05	-0.02585660196453141	-0.023210963954842376	6901944
2020-12-17	0.00487548630675375	-0.003784046223117219	0.007073839037886652	-0.014099088796283922	0.007073839037886652	6489496
2020-12-18	-0.008625351751688924	0.0021876866946098643	0.007590370050934928	-0.011859041510886249	-0.00645652023344106	5227865
2020-12-21	0.0065252831698124104	-0.005986695807678215	0.016356804999276397	-0.008166495048598545	0.008727316918853036	6431731
2020-12-22	-0.04862234917683352	-0.0037679769121063537	-0.0037679769121063537	-0.05249671717184021	-0.0465409281081613	17538129
2020-12-23	0.010789310771418278	-0.001795913600831491	0.014138871464898032	-0.004072376507535619	0.01300061155647098	7744134
2020-12-24	0.025280805407624965	-0.0006273807941302296	0.058490379813956744	-0.0028795444076994787	0.02752396059195061	19668262
2020-12-25	-0.014246553256344456	-0.004401938500372201	0.0016387006835029592	-0.027465987529268748	-0.012089899928935405	7929547
2020-12-28	-0.016119959932542012	-0.007282546272359903	0.011101110278151857	-0.023994961318279807	-0.013967456582677694	8323104
2020-12-29	0.0011870545431320837	0.0016215623687458704	0.020306361423314868	-0.017629557675110166	0.002753864622671761	7496903
2020-12-30	0.0005646881205171895	-0.02162204103566239	0.011744608048476806	-0.0544231536946466	0.0021304888208435796	13635697
2020-12-31	0.02370204640297994	-0.0006958954827385721	0.03152148797737677	-0.013130731585561078	0.025304041665102806	14601450
2021-01-04	0.06063951302962032	0.017576747261542496	0.06450790584803502	0.00763839595893385	0.06229932812328141	29222902
2021-01-05	0.039501012444704345	0.0010443552706937084	0.098389802195093	-0.025504455037803853	0.041127774592505134	43103395
2021-01-06	-0.03499998748043823	-0.029984300469483645	-0.005946791862284749	-0.04801251956181526	-0.033489877934272314	25167733
2021-01-07	-0.015544080170031437	-0.008813978981874356	0.011424897887081979	-0.033723314002957194	-0.01400343458929917	18190930
2021-01-08	-0.010526342423888353	0.005254947836387743	0.014216318635138874	-0.020047746183615746	-0.008977870263810113	16130025
2021-01-11	0.0	0.002097692649961968	0.027136924164055335	-0.008024400254355052	0.001564945310289	15011432
2021-01-12	0.03191497522937961	0.004228735283387483	0.03619362893849447	-0.004827969491051646	0.033529838965395985	21943124
2021-01-13	-0.01030920064381005	0.001564919372991375	0.004146323885031101	-0.026829962361809782	-0.008760440539878582	17188211
2021-01-14	0.004687479949141402	-0.0010434010387688863	0.024517316169294052	-0.007824829647905129	0.0062597280897518925	20010343
2021-01-15	-0.04250913337328875	0.0020840233478319962	0.0020840233478319962	-0.04931821678256138	-0.04101078403421496	17854033
2021-01-18	-0.0010827963410723152	-0.014703049014157884	0.009156700228039157	-0.014703049014157884	0.00048044749508732075	8704636
2021-01-19	-0.01571816300731766	-0.001149383918168566	0.0069933657319216375	-0.022320674150337658	-0.014177870214888023	11467279
2021-01-20	-0.0038546460201639896	-0.007259470275859467	0.005977070120462321	-0.007259470275859467	-0.002295767627238772	6087710
2021-01-21	0.0884466525502672	0.00101125390224137	0.10066939859321393	-0.0028643427666277467	0.09015003265190194	43323478
2021-01-22	-0.00812595200169279	-0.003521754534192152	0.011738198358176228	-0.019290374218528864	-0.006573704419322537	25743856
2021-01-25	-0.029697912534613163	-0.008178933956460906	2.6410953930323963e-05	-0.03125651780034193	-0.0281794108921338	18029294
2021-01-26	-0.08179423987590949	-0.009005680696556358	0.0005078647687566864	-0.0972702414025165	-0.08035727168640437	34902004
2021-01-27	0.0017242459079164078	-0.0018886982717593354	0.00904798831645671	-0.013400996914028665	0.003291810214719414	9457570
2021-01-28	0.0504876034943178	-0.010502237948712372	0.05270615873900969	-0.011651365555833761	0.05213148001119595	25205763
2021-01-29	-0.04915348071708544	0.0015648699817208639	0.0015648699817208639	-0.05313556282451363	-0.047665464843457434	14157661
2021-02-01	-0.002871862336078665	-0.010515914095988104	0.004441287555736846	-0.022021599861058037	-0.0013114115064451132	7060567
2021-02-02	0.008064443546472138	0.0021418834358475553	0.01829609812012731	-0.004204495549382415	0.009642023631854355	6860816
2021-02-03	-0.03714277897991016	-0.005302971683297553	0.0038543081257937854	-0.04250389866314544	-0.03563602465475193	11995683
2021-02-04	0.011869346247992327	0.00156487825221056	0.04436171577990138	0.00156487825221056	0.013452829236516917	8303821
2021-02-05	-0.010557140926182524	0.005677022965914026	0.012726101822795325	-0.01370810543324611	-0.009008680366783123	5870193
2021-02-08	-0.07231779637193654	-0.010902690220006558	0.0015649822980670764	-0.07680293114772517	-0.07086597250558838	15871653
2021-02-09	0.003194960355305326	0.0034849342224585163	0.011164665861916171	-0.03683365688469377	0.0047648894957014205	17566222
2021-02-10	-0.008917181361527318	0.0009269898080880291	0.0009269898080880291	-0.023314709116518246	-0.007366222981908813	9685650
2021-02-18	0.02634958940988003	0.012507460242507448	0.049197113124310896	0.011863780992512224	0.027955762242393142	10870658
2021-02-19	0.018785269181081813	0.003446399374050096	0.021633928078104724	-0.0109781426169519	0.020379557363487164	8780769
2021-02-22	0.009219383278569335	0.003411599648104024	0.030497620159931307	0.003411599648104024	0.01079874092150988	10910488
2021-02-23	-0.007308252163063166	-0.01307426512460642	0.005834695185119831	-0.027103493741500177	-0.005754728582003682	8481179
2021-02-24	-0.006134862266375673	-0.007651833877844709	0.01323970646156908	-0.010109600707362864	-0.00457948708810628	7036994
2021-02-25	0.030864273858018227	0.011456975244282965	0.041132910879022835	0.0034196641072767953	0.03247747344492831	14224607
2021-02-26	-0.01916179458348936	-0.014628124372522693	-0.005032293569090161	-0.024223955175955224	-0.01762688147253777	6200591
2021-03-01	0.0036631107238012843	0.0003421096431138846	0.008290976755743838	-0.0063839677209921826	0.0052337578020258185	6076049
2021-03-02	0.005474429208555446	0.0052201998816398315	0.02166925769788482	-0.00879196048034669	0.007047933894769994	8069065
2021-03-03	-0.0018149955165885053	0.0009589695890850171	0.0009589695890850171	-0.012371053066397318	-0.0002528451440736556	5174433
2021-03-04	-0.009090871566711218	0.0015649908238436281	0.014312120915238547	-0.007540145456373046	-0.007540145456373046	6695852
2021-03-05	-0.01162078753879214	-0.009461450255025185	-0.0027230315159717583	-0.02722621088743357	-0.010074028207866946	6663639
2021-03-08	0.004950433071476175	0.006523187530020488	0.03875176250019376	0.004044128356497618	0.006523187530020488	9965803
2021-03-09	-0.05726595942033566	-0.0027520835512435493	-0.0027520835512435493	-0.0675084417622019	-0.05579062456212368	13978177
2021-03-10	-0.00783804714328951	0.0035275235413557374	0.012686184121263846	-0.012173037452772397	-0.006285327079974362	4619617
2021-03-11	0.013166590455857134	0.005521135230064936	0.018048939537849317	-0.0010724459845584172	0.0147521489305377	4271034
2021-03-12	-0.009746613177848432	0.004168111148068747	0.00742205836501004	-0.017307940483743487	-0.008196888276307959	3846114
2021-03-15	-0.0032808482177565552	0.002222173005628829	0.008136926813530891	-0.004349775669817894	-0.0017209961996392516	3334065
2021-03-16	0.005924992079460672	0.007499209594451907	0.01607086517346235	0.0022243446227532006	0.007499209594451907	3206604
2021-03-17	0.003272259502330945	-0.0043343247384248175	0.009430638514039412	-0.008267171381985926	0.004842317429884669	3531000
2021-03-18	-0.0032615867441148387	0.011364985355134537	0.011364985355134537	-0.0043150919371931435	-0.0017017457218052548	3896264
2021-03-19	-0.0052356020942409195	0.0009094707863234438	0.006153266311071705	-0.010233594703766597	-0.0036788502978312996	5021100
2021-03-22	0.013815797710238116	0.004859566757268787	0.020673750102956967	-0.0023886006095049177	0.01540235565439424	5445462
2021-03-23	-0.010382868183005264	-0.002334731711235837	0.005464605891021667	-0.013383793314433873	-0.008834179713117014	4390329
2021-03-24	0.00852459830350005	0.0009081731114031927	0.014700214866875222	-0.014854160323422069	0.010102867615051291	7280733
2021-03-25	-0.003250983379818002	-0.009505684727547908	0.009379479731953093	-0.01601781040323802	-0.0016911339167199353	4438267
2021-03-26	0.0013046477643770258	0.00025826393973577786	0.004831619816664699	-0.008235111260275093	0.0028716101551236667	4073376
2021-03-29	0.03127035754105962	0.010047229495258339	0.05050131749829847	0.005479832462657024	0.032884214658264806	12470872
2021-03-30	0.0	-0.0034966826879091815	0.015484269609888255	-0.013619890990762176	0.0015649214635173163	8043684
2021-03-31	-0.01768796551731553	0.0028303225013739126	0.009790028209585418	-0.019314195661116973	-0.016150693066475368	5131159
2021-04-01	0.007073946989711207	0.009938165118835501	0.011870444771486407	-0.004231885667270537	0.008649978683734972	4744572
2021-04-02	0.0076628033931178665	-0.00035374558113821067	0.013077202174969278	-0.007389003929575574	0.00923978853036709	4957772
2021-04-06	0.02471491734581728	-0.00033912305177995016	0.0345696060060387	-0.006686176238752753	0.026318500333506026	10672391
2021-04-07	0.030921411841073825	0.00218430342771182	0.03748993092794643	-0.004009666309171531	0.03253475513843993	13881160
2021-04-08	0.05938811531130855	0.0045689867064634	0.10190169366616213	-0.004443235329972362	0.06104601472979408	36138271
2021-04-09	-0.009626309648269176	-0.012613479975449716	0.001564959427544974	-0.030194744835163063	-0.008076379366491512	17599036
2021-04-12	0.006861149706135911	-0.005306748320460358	0.03363334280305684	-0.014469264180720146	0.00843685367490461	17260208
2021-04-13	0.010789203005149899	0.00042741398613458184	0.03000235745971074	-0.0069663645383458905	0.012371061314711848	15496122
2021-04-14	0.012359650073434918	-0.0034991193542539753	0.016194575051150142	-0.007437858235334799	0.013943923386802174	13810131
2021-04-15	-0.012208754144377809	0.0015649313099868575	0.008790427484809127	-0.013441868437721025	-0.01066288702814457	12543453
2021-04-16	0.04157316381901465	0.008317153556686855	0.05952075901073716	-0.008563099665961344	0.043203182771100794	29694171
2021-04-19	-0.00916928888675687	-5.5750538381576435e-05	0.005346487435168407	-0.033009072643815945	-0.007618754048936962	24502548
2021-04-20	-0.021230393768729157	-0.005523000306575937	0.010833583815410283	-0.023515182866818713	-0.019698659293433847	18410734
2021-04-21	0.047831021396836544	0.0015649591748084796	0.10183291957968126	-0.02071679742529861	0.04947073586503844	41498463
2021-04-22	-0.010085024563856779	-0.0016247785021225724	0.029740575561689648	-0.012788771245774402	-0.008535841881189783	26291989
2021-04-23	0.009115315249419982	0.004787104612091228	0.02412031582431299	-0.0038054098363560834	0.010694511998614075	15459935
2021-04-26	-0.08714136445074593	0.027109574077328318	0.03775325037622554	-0.09263118558146693	-0.08571277736084336	41022506
2021-04-27	0.006984837076045924	0.013224563456427632	0.03537797942256238	-0.0100947021061313	0.008560698684253819	16590024
2021-04-28	-0.0017339810969371626	0.0027228673149861404	0.0061964452200688825	-0.02738203417038688	-0.00017182918419111258	14288318
2021-04-29	-0.0416909639420988	-0.005394473600530562	-0.001914862114907063	-0.050630118847531144	-0.040191226396169455	21757749
2021-04-30	-0.05679751302019438	-0.01961602961582454	0.0003547537333108203	-0.07408186290371926	-0.05532143006059209	25380244
2021-05-06	0.0006406551069002408	0.0015649693252281387	0.024663200520428866	-0.001643118340771883	0.002206586858428143	11931848
2021-05-07	-0.011523767546141536	0.0009237224308352251	0.005412169616623742	-0.013824032608184041	-0.009976792163222553	9246726
2021-05-10	0.009067406752286655	0.0002676461937869632	0.020376788237890364	-0.01075994783039875	0.010646558216550002	7877687
2021-05-11	0.030166840922684214	0.0054220792745738105	0.034350463908432986	-0.0048635685952428094	0.03177898765567964	11497494
2021-05-12	-0.009345755901074245	0.00031700624296366453	0.00031700624296366453	-0.015283757093092673	-0.007795420645131339	7197260
2021-05-13	-0.011320707651628818	-0.004734189698671293	0.011013624055095848	-0.010403425326969992	-0.009773510257159038	7314269
2021-05-14	0.02099227813839918	0.0009277855132173769	0.029598536848732787	-0.001620725716606278	0.022590067253937123	10217085
2021-05-17	0.005607453540644636	0.03526251393064595	0.03526251393064595	0.004685140101470849	0.0071811898479874235	11056164
2021-05-18	-0.004336950302765528	-0.003399425868674497	0.00714995798887734	-0.02573910410194867	-0.002778815472504085	8056020
2021-05-19	0.006845107268101808	0.002811424521363222	0.01589964057717811	-0.009030351156639171	0.00842068668462752	7727728
2021-05-20	-0.012361031327067328	-0.009577386670892536	-0.004006259470916315	-0.018243584537522263	-0.010815414937553895	7818777
2021-05-21	-0.011264033269505987	0.0034452455780249877	0.006578990664449432	-0.010970270129841841	-0.00971674702480987	5605135
2021-05-24	0.005063290978758993	0.0015649134822237837	0.014242950361745558	0.0002971097942715162	0.006636128234032516	5369713
2021-05-25	0.01574304889983022	0.0015649136421467043	0.024270415462749377	-0.004742170196909724	0.01733256016894921	10278663
2021-05-26	0.003099883842062692	0.002185808365047891	0.021434855714107973	0.002185808365047891	0.004669602479310875	10899607
2021-05-27	0.010506712589261667	0.00280295789713466	0.017659297097071175	-0.0009112507056762072	0.012088107995681777	9354635
2021-05-28	-0.017125351765232107	0.00033979699044127046	0.007690793682336676	-0.021100431359016927	-0.015587229783441936	9719872
2021-05-31	0.023646530225727273	0.003434675872837131	0.025248535499555625	0.0021881731698893125	0.025248535499555625	12032748
2021-06-01	0.0018237005821314	-0.0020882476735533777	0.009480040454699464	-0.0057413111806247155	0.003391499800569922	9997461
2021-06-02	-0.021844569032316807	-0.0039048270203745983	0.004603734597444451	-0.024568181472871667	-0.02031383988939027	9870673
2021-06-03	-0.009925619519430294	-0.0015417388483022685	0.00902066963930114	-0.009618874750587364	-0.008376238457928042	8202851
2021-06-04	-0.001253211236127459	0.0009373668619948196	0.010350570939067005	-0.006593196399662773	0.0003098199235233629	7155293
2021-06-07	-0.0006272662057331412	-0.002205013819272047	0.009104942082336599	-0.002205013819272047	0.0009366580515740068	6693181
2021-06-08	-0.0037665253494003387	0.0015649058698744736	0.005337278396691358	-0.0160394992552708	-0.0022074666569424106	9369123
2021-06-09	0.029615587758642273	0.00661379977271352	0.044480086496840716	0.0015649531280854851	0.031226927165275205	15318898
2021-06-10	0.0036719554692189785	-0.004564537440019685	0.005855661367566421	-0.010081113279329913	0.005242708496531854	10828893
2021-06-11	-0.02439018432093953	0.0015650063935268022	0.0027864271330312945	-0.02408482913606341	-0.02286340839655913	10647787
2021-06-15	0.0003129890453834605	-0.0034428794992175096	0.0053207511737090206	-0.00907668231611891	0.0003129890453834605	6411403
2021-06-16	0.01939931163954942	0.0006257822277847176	0.030663266583229095	-0.005006257822277852	0.01939931163954942	13225164
2021-06-17	-0.006752669935379406	0.0006137507296653639	0.0073664206650447695	-0.018416266518338456	-0.006752669935379406	10278207
2021-06-18	0.012360877626699742	0.0006181087762669368	0.017923300370828288	-0.009270642768850501	0.012360877626699742	16000088
2021-06-21	0.015873016842064398	0.004273626634531466	0.018315080483216034	-0.007936447370967575	0.015873016842064398	15145032
2021-06-22	-0.015024039364425442	0.0006010216707344176	0.004807692596616253	-0.021033534917880667	-0.015024039364425442	11481399
2021-06-23	-0.007321476956771014	-0.0036607079719773775	-0.001830262466763975	-0.01708346657007112	-0.007321476956771014	9033741
2021-06-24	-0.0073755377996312845	0.0	0.006760848186847078	-0.008604855562384637	-0.0073755377996312845	7730779
2021-06-25	0.00433430340557293	0.0	0.009287863777089853	-0.0030959752321979665	0.00433430340557293	6720431
2021-06-28	0.003699260400694058	0.0006165845016389358	0.018495747132906616	-0.0036990754438394995	0.003699260400694058	10440273
2021-06-29	-0.008599630921398536	0.0	0.006142382915087224	-0.01044225980084388	-0.008599630921398536	6080296
2021-06-30	0.0030980175401497372	0.0	0.006815427931563097	-0.0018586122588978525	0.0030980175401497372	4526778
2021-07-01	-0.042001294502699474	0.003705929357262007	0.003705929357262007	-0.04261895968999624	-0.042001294502699474	16052600
2021-07-02	-0.04642166344294008	-0.0012894906511927513	0.0	-0.057382333978078695	-0.04642166344294008	16955651
2021-07-05	0.014198782961460505	0.0	0.01757944557133209	0.0	0.014198782961460505	6412835
2021-07-06	-0.004000000000000033	0.0	0.00933333333333337	-0.010000000000000024	-0.004000000000000033	6559992
2021-07-07	0.0013386880856761279	-0.012717536813922323	0.006693440428380164	-0.012717536813922323	0.0013386880856761279	4740160
2021-07-08	0.010695187165775291	0.00401069518716569	0.01804812834224596	-0.00334224598930486	0.010695187165775291	7717225
2021-07-09	-0.01388888888888883	-0.0026455026455025894	-0.0026455026455025894	-0.021164021164021066	-0.01388888888888883	6643862
2021-07-12	0.005365526492287061	0.0026827632461434705	0.012072434607645855	-0.0013413816230717353	0.005365526492287061	6575870
2021-07-13	-0.004002668445630454	0.0	0.0006671114076050558	-0.011340893929286186	-0.004002668445630454	6295298
2021-07-14	-0.014735432016074941	0.0	0.0	-0.016744809109176157	-0.014735432016074941	6704669
2021-07-15	-0.02243371855880354	-0.0013596193065942453	0.006118286879673682	-0.04826648538409251	-0.02243371855880354	11368399
2021-07-16	0.011126564673157048	-0.005563282336578586	0.028511821974965115	-0.009735744089012557	0.011126564673157048	8745635
2021-07-19	-0.009628610729023301	0.006877579092159658	0.008940852819807481	-0.012379642365887188	-0.009628610729023301	5747124
2021-07-20	0.00694444444444442	-0.0006944444444444296	0.01249999999999998	-0.00694444444444442	0.00694444444444442	4193499
2021-07-21	0.0027586206896551137	0.00551724137931035	0.012413793103448256	-0.0027586206896551137	0.0027586206896551137	5910719
2021-07-22	0.0020632737276479463	-0.0027510316368637654	0.012379642365887311	-0.016506189821182838	0.0020632737276479463	7649262
2021-07-23	-0.010295126973232694	-0.0006863417982154967	0.004118050789293102	-0.025394646533973986	-0.010295126973232694	9057234
2021-07-26	-0.006934812760055454	0.0048543689320388545	0.01595006934812763	-0.011789181692094308	-0.006934812760055454	8560786
2021-07-27	-0.020251396648044758	0.0	0.009776536312849202	-0.020251396648044758	-0.020251396648044758	11241246
2021-07-28	-0.06058446186742692	0.0	0.007127583749109154	-0.06414825374198137	-0.06058446186742692	12208793
2021-07-29	0.009104704097116919	0.003034901365705685	0.016691957511380928	0.001517450682852775	0.009104704097116919	6648189
2021-07-30	0.01954887218045111	0.0	0.030827067669172942	-0.01127819548872183	0.01954887218045111	8294283
2021-08-02	0.025073746312684355	-0.004424778761061983	0.03171091445427726	-0.00663716814159291	0.025073746312684355	8177928
2021-08-03	0.012230215827338124	-0.0035971223021583243	0.04604316546762581	-0.009352517985611567	0.012230215827338124	12015145
2021-08-04	0.0028429282160624837	0.0	0.012793176972281429	-0.006396588486140714	0.0028429282160624837	7383836
2021-08-05	0.017009213323883787	-0.0007087172218284754	0.0368532955350816	-0.004252303330970852	0.017009213323883787	12980923
2021-08-06	-0.013937282229965108	-0.006271777003484311	0.000696864111498243	-0.027874564459930338	-0.013937282229965108	10540222
2021-08-09	0.0014134275618374256	0.003533568904593564	0.013427561837455795	-0.0014134275618374256	0.0014134275618374256	7280328
2021-08-10	0.018348623853210993	0.0	0.0345800988002823	0.0	0.018348623853210993	13052615
2021-08-11	-0.004851004851004871	0.0020790020790021576	0.007623007623007584	-0.00900900900900894	-0.004851004851004871	7645774
2021-08-12	-0.011142061281337058	-0.003481894150417753	0.005571030640668529	-0.012534818941504159	-0.011142061281337058	7469112
2021-08-13	-0.010563380281690042	-0.0035211267605633053	0.010563380281690167	-0.014084507042253471	-0.010563380281690042	8181614
2021-08-16	-0.008540925266903985	0.0014234875444839553	0.007117437722419903	-0.014234875444839933	-0.008540925266903985	6630296
2021-08-17	-0.019382627422828397	-0.005743000717875095	0.004307250538406353	-0.02512562814070349	-0.019382627422828397	7122696
2021-08-18	0.012445095168374812	0.0007320644216690913	0.015373352855051177	-0.004392386530014678	0.012445095168374812	5294200
2021-08-19	0.007230657989877053	0.0	0.014461315979754107	-0.012292118582791028	0.007230657989877053	7153354
2021-08-20	-0.007896625987078208	0.0	0.003589375448671982	-0.02081837760229714	-0.007896625987078208	6180393
2021-08-23	0.0209840810419681	0.0	0.03328509406657012	-0.0007235890014471626	0.0209840810419681	10116123
2021-08-24	0.0028348688873140273	-0.006378454996456404	0.006378454996456404	-0.009213323883770306	0.0028348688873140273	7669933
2021-08-25	0.0021201413427561384	-0.0007067137809187128	0.003533568904593564	-0.007067137809187254	0.0021201413427561384	7099852
2021-08-26	-0.0056417489421720785	0.0	0.006346967559943573	-0.006346967559943573	-0.0056417489421720785	8829517
2021-08-27	-0.028368794326241162	0.002836879432624179	0.004964539007092219	-0.03546099290780142	-0.028368794326241162	11591535
2021-08-30	0.10000000000000007	0.05109489051094899	0.10000000000000007	0.04890510948905109	0.10000000000000007	25459378
2021-08-31	0.04711347047113464	0.027206370272063712	0.08427339084273387	-0.02587923025879234	0.04711347047113464	65487226
2021-09-01	0.10012680608365027	-0.01774397972116599	0.10012680608365027	-0.04372623574144484	0.10012680608365027	88678140
2021-09-02	-0.020161346764899314	-0.020737383598077006	-0.006336462768636963	-0.05990788825415391	-0.020161346764899314	65940448
2021-09-03	-0.03292175191064087	-0.01704885361552029	0.019988242210464423	-0.050558495002939616	-0.03292175191064087	48928345
2021-09-06	0.04620048351364839	0.0030394527027688134	0.05531914557330423	-0.03525841730951877	0.04620048351364839	56497450
2021-09-07	-0.0034862872449906153	-0.009296920935323711	0.02440441745522482	-0.029633819269832586	-0.0034862872449906153	44822711
2021-09-08	-0.005247871720116463	0.0	0.03790081632653068	-0.026239008746355586	-0.005247871720116463	36996134
2021-09-09	0.04806565346223058	0.027549942998238004	0.08909736747346803	0.017585112402409824	0.04806565346223058	55460095
2021-09-10	-0.04697975654249205	-0.017897092723551063	-0.0005591722907816191	-0.0492169490613507	-0.04697975654249205	40404282
2021-09-13	-0.01115029277287007	-0.0023474763880589077	0.01819242850983408	-0.018192545880719124	-0.01115029277287007	27093262
2021-09-14	-0.03620178041543044	-0.005934718100890291	0.0011870029673588752	-0.045103857566765666	-0.03620178041543044	29710477
2021-09-15	-0.023399014778325063	-0.027093596059113163	-0.008620689655172232	-0.043719211822660045	-0.023399014778325063	29300885
2021-09-16	-0.03404791929382088	-0.003783102143757801	0.029003783102143813	-0.03530895334174015	-0.03404791929382088	26000749
2021-09-17	0.031331592689295064	0.041122715404699674	0.08224543080939935	0.018276762402088732	0.031331592689295064	31307104
2021-09-22	-0.018987341772151944	-0.043037974683544394	-0.013924050632911432	-0.05000000000000006	-0.018987341772151944	18029095
2021-09-23	0.020645161290322598	0.007741935483870917	0.03806451612903225	-0.006451612903225784	0.020645161290322598	20018943
2021-09-24	-0.029077117572692848	-0.0031605562579014356	0.004424778761061965	-0.030973451327433642	-0.029077117572692848	13494992
2021-09-27	0.008463541666666718	0.0013020833333334213	0.01953125000000005	-0.01888020833333328	0.008463541666666718	13030369
2021-09-28	-0.021949644932214324	-0.00581020012911555	0.0006455777921239371	-0.02388637830858625	-0.021949644932214324	9705357
2021-09-29	-0.04422442244224422	0.0	0.007260726072607223	-0.04752475247524757	-0.04422442244224422	14222088
2021-09-30	0.00414364640883969	0.0013812154696132301	0.018646408839778975	-0.005524861878453044	0.00414364640883969	8495656
2021-10-08	0.007565337001375599	0.008940852819807481	0.01925722145804685	-0.009628610729023301	0.007565337001375599	7791737
2021-10-11	0.014334470989761029	0.0	0.034129692832764506	-0.006143344709897601	0.014334470989761029	12787992
2021-10-12	-0.02355316285329742	-0.010094212651413095	-0.004710632570659508	-0.033647375504710635	-0.02355316285329742	8964266
2021-10-13	0.004824259131633376	0.0006891798759476077	0.004824259131633376	-0.019297036526533383	0.004824259131633376	6458042
2021-10-14	0.017832647462277078	-0.004115226337448594	0.02537722908093273	-0.008230452674897066	0.017832647462277078	9838230
2021-10-15	-0.006064690026954168	0.0	0.010781671159029659	-0.006738544474393507	-0.006064690026954168	9785764
2021-10-18	0.0	-0.007457627118644029	0.006101694915254228	-0.007457627118644029	0.0	6137702
2021-10-19	-0.006101694915254228	-0.0013559322033898015	0.004745762711864426	-0.014237288135593279	-0.006101694915254228	7388141
2021-10-20	-0.008185538881309753	0.006139154160982255	0.006139154160982255	-0.010231923601637131	-0.008185538881309753	6372338
2021-10-21	-0.013067400275103131	-0.0027510316368637654	0.0061898211829437165	-0.015818431911966895	-0.013067400275103131	7489477
2021-10-22	0.0	0.000696864111498243	0.013937282229965231	-0.001393728222996486	0.0	4903322
2021-10-25	-0.001393728222996486	0.0	0.001393728222996486	-0.013937282229965108	-0.001393728222996486	6361734
2021-10-26	-0.00628053035589671	-0.0006978367062107318	0.00907187718073976	-0.006978367062107442	-0.00628053035589671	5202516
2021-10-27	-0.01896067415730334	0.007724719101123555	0.0175561797752809	-0.02668539325842702	-0.01896067415730334	7896529
2021-10-28	-0.022190408017179704	-0.009305654974946368	0.008589835361488848	-0.027201145311381587	-0.022190408017179704	7636336
2021-10-29	0.01756954612005858	0.0	0.019033674963396762	-0.005124450951683769	0.01756954612005858	5698705
2021-11-01	0.007194244604316521	-0.002158273381295046	0.014388489208633042	-0.0064748201438848815	0.007194244604316521	5926588
2021-11-02	0.01571428571428576	0.0042857142857143215	0.023571428571428577	0.0042857142857143215	0.01571428571428576	11024990
2021-11-03	-0.01195499296765119	-0.0014064697609002354	-0.0014064697609002354	-0.023206751054852325	-0.01195499296765119	6839791
2021-11-04	0.007117437722419903	-0.0007117437722421041	0.008540925266903858	-0.00996441281138794	0.007117437722419903	5500264
2021-11-05	-0.00353356890459369	0.0	0.009187279151943393	-0.0049469964664311155	-0.00353356890459369	6584005
2021-11-08	0.019148936170212735	0.012056737588652477	0.025531914893617107	0.0	0.019148936170212735	7442614
2021-11-09	0.0013917884481559743	0.0013917884481559743	0.0034794711203897503	-0.011830201809324979	0.0013917884481559743	8277362
2021-11-10	-0.008339124391938915	-0.004169562195969458	0.004169562195969334	-0.01598332175121615	-0.008339124391938915	6162210
2021-11-11	0.004204625087596391	0.0	0.008409250175192782	-0.0035038542396635553	0.004204625087596391	6157085
2021-11-12	0.048150732728541486	0.004884856943475247	0.04954640614096295	0.0	0.048150732728541486	21266111
2021-11-15	0.020639147802929463	-0.007323568575232985	0.02996005326231698	-0.015312916111850894	0.020639147802929463	21819370
2021-11-16	-0.021526418786692765	-0.0019569471624265727	0.01565557729941293	-0.031963470319634715	-0.021526418786692765	19391500
2021-11-17	0.0006666666666666524	-0.007333333333333295	0.0013333333333333049	-0.02000000000000005	0.0006666666666666524	10574565
2021-11-18	0.014656895403064666	0.0026648900732845386	0.02331778814123915	-0.005996002664890064	0.014656895403064666	16812054
2021-11-19	-0.01116217990807616	-0.00262639527248857	-0.0019697964543664566	-0.017728168089297412	-0.01116217990807616	10035938
2021-11-22	0.0026560424966798903	0.005312084993359899	0.011952191235059742	-0.007304116865869934	0.0026560424966798903	8475238
2021-11-23	0.0059602649006622425	0.0033112582781457426	0.023841059602649088	0.0	0.0059602649006622425	12578847
2021-11-24	-0.009874917709019115	0.0	0.006583278472679371	-0.012508229098090818	-0.009874917709019115	8030348
2021-11-25	-0.016622340425531915	0.0	0.004654255319148955	-0.019281914893616966	-0.016622340425531915	9433117
2021-11-26	0.002028397565922998	-0.006085192697768753	0.02096010818120355	-0.006085192697768753	0.002028397565922998	7215654
2021-11-29	-0.000674763832658555	-0.007422402159244226	0.015519568151147127	-0.012820512820512787	-0.000674763832658555	6208944
2021-11-30	0.022282241728561785	0.008102633355840595	0.022957461174881826	-0.0027008777852802783	0.022282241728561785	11081654
2021-12-01	-0.002642007926023839	-0.006605019815059539	0.003302509907529652	-0.012549537648613029	-0.002642007926023839	6956840
2021-12-02	-0.010596026490066236	-0.004635761589403992	0.0026490066225166174	-0.013245033112582735	-0.010596026490066236	5430809
2021-12-03	0.007362784471218287	-0.0006693440428380045	0.012717536813922441	-0.004016064257028027	0.007362784471218287	8470191
2021-12-06	-0.013289036544850568	0.007308970099667736	0.007308970099667736	-0.018604651162790774	-0.013289036544850568	9400003
2021-12-07	-0.04107744107744104	0.0	0.005387205387205392	-0.04444444444444445	-0.04107744107744104	15129475
2021-12-08	0.01825842696629212	0.000702247191011221	0.02317415730337079	0.000702247191011221	0.01825842696629212	7971025
2021-12-09	0.0027586206896551137	0.0	0.008275862068965464	-0.006206896551724128	0.0027586206896551137	6379126
2021-12-10	-0.016506189821182838	-0.0006877579092159414	-0.0006877579092159414	-0.02269601100412643	-0.016506189821182838	8819447
2021-12-13	-0.002797202797202862	0.0006993006993006843	0.0041958041958041065	-0.008391608391608461	-0.002797202797202862	6420896
2021-12-14	0.0007012622720897466	0.0	0.007012622720897591	-0.00210378681626924	0.0007012622720897466	6039461
2021-12-15	-0.0070077084793272355	0.0	0.0014015416958654222	-0.009110021023125369	-0.0070077084793272355	8229551
2021-12-16	0.00917431192660556	0.00917431192660556	0.015525758645024746	0.0035285815102329364	0.00917431192660556	7064206
2021-12-17	-0.01398601398601406	-0.003496503496503546	-0.0006993006993008086	-0.01398601398601406	-0.01398601398601406	7008609
2021-12-20	-0.004964539007092219	0.002127659574468166	0.0035460992907801925	-0.0063829787234042454	-0.004964539007092219	4736108
2021-12-21	0.009978617248752713	0.0	0.011404133998574494	0.0	0.009978617248752713	4498886
2021-12-22	-0.0007057163020465622	0.0	0.0014114326040931245	-0.004234297812279499	-0.0007057163020465622	4158522
2021-12-23	0.0014124293785310433	0.0014124293785310433	0.008474576271186385	-0.0007062146892655217	0.0014124293785310433	4924347
2021-12-24	-0.010578279266572663	-0.0035260930888574705	-0.0007052186177714942	-0.019040902679830718	-0.010578279266572663	7352153
2021-12-27	0.004989308624376357	-0.0007127583749108901	0.006414825374198137	-0.007840342124019918	0.004989308624376357	3710079
2021-12-28	0.010638297872340451	0.0063829787234042454	0.012765957446808491	0.0	0.010638297872340451	5585765
2021-12-29	0.04842105263157891	0.0014035087719297948	0.04842105263157891	-0.0028070175438595895	0.04842105263157891	26566888
2021-12-30	-0.029451137884872792	-0.01070950468540831	-0.010040160642570305	-0.030120481927710798	-0.029451137884872792	14737418
2021-12-31	-0.007586206896551685	0.0	0.007586206896551685	-0.01034482758620692	-0.007586206896551685	9170799
