2019-07-24	0.020653230315240474	0.008645545252708232	0.03242079769957721	-0.024976008945437275	0.020653230315240474	13791161
2019-07-25	0.02482354117647055	-0.008235258823529367	0.057529400000000036	-0.014117611764705837	0.02482354117647055	16005684
2019-07-26	-0.09780742626785181	-0.02422225893442473	-0.00700265173914987	-0.1045804258457074	-0.09780742626785181	12001208
2019-07-29	0.043771512598117505	0.002672184892336736	0.06247619607971479	0.002672184892336736	0.043771512598117505	9232525
2019-07-30	0.021333658677723497	0.0020723881759402746	0.030110947581506082	-0.017676423475270434	0.021333658677723497	10526392
2019-07-31	0.05609935612436558	0.0003580687557657938	0.0966817629109783	0.0003580687557657938	0.05609935612436558	16798110
2019-08-01	0.029046111130895957	-0.020682650745389282	0.03514910595109273	-0.028820105261524342	0.029046111130895957	16036874
2019-08-02	0.048874210361091325	-0.026908346175452673	0.12355848027813902	-0.03283915322880342	0.048874210361091325	21739755
2019-08-05	0.04052359162303662	-0.0053403350785340324	0.041989549738219896	-0.056439780104712074	0.04052359162303662	16109072
2019-08-06	-0.0842306807618794	-0.02385028608683847	0.07175200548197631	-0.11945257765565326	-0.0842306807618794	21003763
2019-08-07	-0.0108790989010989	0.02186810989010989	0.03681316483516483	-0.05824179120879125	-0.0108790989010989	12660483
2019-08-08	-0.038995688501373436	-0.00011112098408796909	0.028219097250992215	-0.038995688501373436	-0.038995688501373436	9782281
2019-08-09	-0.053410439306358345	0.005780346820809248	0.015028936416185015	-0.057687838150289016	-0.053410439306358345	9546931
2019-08-12	0.012823681466427065	-0.001587652720602848	0.031387397339547936	-0.03541761243591651	0.012823681466427065	7021680
2019-08-13	0.009767249487519511	-0.0015675509465814905	0.011334896901000724	-0.023031508501145583	0.009767249487519511	5595248
2019-08-14	0.00310487229770414	0.011105803943296091	0.015763076564678128	-0.008836852372506624	0.00310487229770414	5915410
2019-08-15	-0.011785690476190476	-0.030119035714285758	-0.00988097619047611	-0.03690473809523809	-0.011785690476190476	5346393
2019-08-16	-0.004939212024112476	0.0	0.016865461586183322	-0.009757920497339633	-0.004939212024112476	4841838
2019-08-19	0.004237276131653137	0.00012110169784746897	0.009443087395716447	-0.024091973948958238	0.004237276131653137	6210595
2019-08-20	0.013261073415108232	0.0006028089428382233	0.024713720001701796	-0.005183845877655579	0.013261073415108232	6855238
2019-08-21	-0.05294473338686263	-0.004283176527667666	0.007257596409603898	-0.05413447754427806	-0.05294473338686263	7440739
2019-08-22	0.037688443158001086	0.01746231199654051	0.08680909765852005	0.008291507746017791	0.037688443158001086	11053404
2019-08-23	-0.08656175754386826	-0.01912834186751428	-0.009685169726033113	-0.1039951114768792	-0.08656175754386826	11264204
2019-08-26	-0.007024506574864271	-0.00198799212675903	0.017362558675781046	-0.018157654797521107	-0.007024506574864271	4700089
2019-08-27	0.005205552728391508	-0.004271222751500972	0.009610264538448016	-0.009877175917703573	0.005205552728391508	3908419
2019-08-28	-0.035984597954709735	-0.004116292766333537	0.0025229319485575727	-0.0371796052895924	-0.035984597954709735	4661423
2019-08-29	-0.01515148802070214	0.0027548898830548787	0.006611625526490977	-0.04008259063588394	-0.01515148802070214	5494909
2019-08-30	-0.011048965034965087	0.004055958041958094	0.012027986013985971	-0.011888083916083907	-0.011048965034965087	3367142
2019-09-02	0.02984020689916849	0.014142271448766392	0.044548183348157036	0.0	0.02984020689916849	4209172
2019-09-03	0.05547927767096957	-0.007278206536665607	0.07635260917330418	-0.007278206536665607	0.05547927767096957	7565368
2019-09-04	0.007025774043380558	0.012490228825263693	0.07845430551061282	0.00039029403603580733	0.007025774043380558	9248514
2019-09-05	0.0064599481534897115	-0.007751924864291306	0.02454781590315725	-0.017958655866701406	0.0064599481534897115	5786848
2019-09-06	-0.034659883577409976	-0.011553298804793364	0.003594325966769631	-0.03722723909557795	-0.034659883577409976	4509972
2019-09-09	0.014361729296345684	0.003989401754896397	0.029521291071328244	0.0	0.014361729296345684	3400839
2019-09-10	0.008783403366326638	0.00039327478229239947	0.02910331710937747	0.00026224436631154297	0.008783403366326638	3453237
2019-09-11	-0.010656270720842175	-0.0005197271157787765	0.010526381177116925	-0.010656270720842175	-0.010656270720842175	2840615
2019-09-12	-0.04058841615349071	0.0	0.0019703402851835214	-0.04610526912276124	-0.04058841615349071	3993047
2019-09-16	0.002464403033072146	0.0001369386618710488	0.011226724928440145	-0.002875123180789804	0.002464403033072146	1824180
2019-09-17	-0.023763971267905335	-0.005326399817995128	0.0034143676124779076	-0.024037175306785372	-0.023763971267905335	2020646
2019-09-18	-0.013710170101699582	0.00041968381003010957	0.005036275669994067	-0.020425376870787104	-0.013710170101699582	1900315
2019-09-19	0.02879431205673764	0.0	0.038723446808510587	-0.0036879716312056745	0.02879431205673764	3092492
2019-09-20	0.012408672444625336	-0.00689369925401488	0.019302371698640214	-0.00689369925401488	0.012408672444625336	2681099
2019-09-23	0.03472699169276848	-0.0016342366880023654	0.044259839302737296	-0.030777638567343047	0.03472699169276848	3753503
2019-09-24	0.0735719502406442	-0.006317491195676795	0.10950249633446327	-0.009871018299380694	0.0735719502406442	11289066
2019-09-25	-0.053573654529851626	-0.008336410445016429	0.004045629520657196	-0.05749666544072564	-0.053573654529851626	6255140
2019-09-26	-0.08069943318780182	0.008937850088258512	0.010362733563318712	-0.08160615602096456	-0.08069943318780182	6068111
2019-09-27	0.02254472280478053	0.00014093278651637706	0.03987603156437898	-0.013949527773009332	0.02254472280478053	3232391
2019-09-30	-0.05126087915116431	-0.0009645859170455172	0.005236282210279772	-0.06338706076891273	-0.05126087915116431	3680576
2019-10-08	-0.02817711047718547	-0.01365278180545479	0.008714582678709691	-0.03180819264511814	-0.02817711047718547	2498744
2019-10-09	0.020774158076571077	-0.001644014249348975	0.023763202883682374	-0.008220041355848728	0.020774158076571077	1543275
2019-10-10	0.015226836812876794	0.005856427268385221	0.02210827135688397	-0.002049765649351481	0.015226836812876794	1693131
2019-10-11	-0.020046136143417187	0.0034612923831145582	0.0034612923831145582	-0.024372571351172254	-0.020046136143417187	1706595
2019-10-14	0.006033907551165907	0.01015455526804522	0.015011097057149248	-0.013980824752648573	0.006033907551165907	2151170
2019-10-15	-0.023844323817373857	-0.0019016676140774268	0.005851389615983229	-0.024575789576129325	-0.023844323817373857	1988198
2019-10-16	-0.028922522302299202	0.0025475646988957013	0.008391997224996488	-0.029971525701864572	-0.028922522302299202	2181753
2019-10-17	-0.017129690564983514	-0.0009260030435493013	0.00540121888574599	-0.020524721272003648	-0.017129690564983514	1730317
2019-10-18	0.0072225311229789846	0.004867341888323782	0.03218714134380815	0.0017271157438705476	0.0072225311229789846	2104100
2019-10-21	-0.04193301506054509	-0.00857371758148973	-0.0024941542480388964	-0.06344504868448797	-0.04193301506054509	2415364
2019-10-22	0.00927432491497426	-0.007484526643093557	0.018874064739246035	-0.007484526643093557	0.00927432491497426	1163414
2019-10-23	0.051588006635305605	0.0	0.06851523566847079	-0.00838305672066823	0.051588006635305605	3042153
2019-10-24	-0.022382384376097506	-0.011191215183601885	0.006898619949473411	-0.02498857772549845	-0.022382384376097506	2127019
2019-10-25	-0.020856217657205627	-0.006115712717578847	0.0026658146463854025	-0.03136270973812137	-0.020856217657205627	1416205
2019-10-28	0.05445222700916441	0.012171717043108859	0.06454199334628426	0.012171717043108859	0.05445222700916441	2896490
2019-10-29	-0.015340128513981168	0.030072966590095083	0.03128806386926271	-0.015340128513981168	-0.015340128513981168	2873710
2019-10-30	0.018047168963530293	-0.012802745247485776	0.0558382675971536	-0.020515223800239794	0.018047168963530293	3876265
2019-10-31	0.024242393939393928	0.005909075757575805	0.04015154545454547	-0.006060636363636373	0.024242393939393928	3980463
2019-11-01	0.036834291030600326	-0.009467441108504221	0.07485216197787463	-0.013757396856727609	0.036834291030600326	5294600
2019-11-04	0.009987231273347547	0.012983364986923394	0.03552584023545948	-0.004137437816375328	0.009987231273347547	3872555
2019-11-05	-0.018646701248104337	-0.009605876400538641	0.008475745042015176	-0.027687511969381247	-0.018646701248104337	3318874
2019-11-06	-0.03900962949460727	-0.006045746278310728	0.017705426548072167	-0.04476752490618216	-0.03900962949460727	3166810
2019-11-07	0.04254038218872431	0.00014971539395705125	0.05062907277923693	-0.004343933362973892	0.04254038218872431	3648855
2019-11-08	-0.010344842251288518	-0.003879252985036093	0.042528736854273955	-0.010632141110119033	-0.010344842251288518	4240114
2019-11-11	-0.049070806434558974	-0.015243830512942818	-0.009727032943976562	-0.05052257769407281	-0.049070806434558974	3130360
2019-11-12	0.004427496183206164	-0.002748091603053539	0.019083969465648856	-0.002748091603053539	0.004427496183206164	1770264
2019-11-13	0.05775946104636775	0.0004559811452197645	0.07159141098052264	0.0	0.05775946104636775	4647475
2019-11-14	0.009484179306462392	-0.004023538095906862	0.025865829910379702	-0.011352105840040507	0.009484179306462392	4269880
2019-11-15	0.0021352597864768776	-0.009822092526690489	0.03701064768683273	-0.009822092526690489	0.0021352597864768776	4503539
2019-11-18	-0.005965894716878051	-0.0028409800329267667	0.018323863115799432	-0.01732957337131885	-0.005965894716878051	2115543
2019-11-19	0.035295711547768865	0.010288567721267457	0.03586731769645685	0.004858487931187954	0.035295711547768865	3449643
2019-11-20	-0.008971622179639186	0.006211249394530747	0.014492795631171715	-0.017253278837264824	-0.008971622179639186	3100652
2019-11-21	-0.014206183250438027	-0.0034818940049347906	0.02061275679890988	-0.016991656671657945	-0.014206183250438027	2461175
2019-11-22	-0.031223495778800594	-0.0015541254811263405	0.018649322105811213	-0.04662328407210075	-0.031223495778800594	3370180
2019-11-25	-0.04987600991687317	-0.005104258422050414	-0.003937538282047388	-0.059355403237567356	-0.04987600991687317	3078744
2019-11-26	-0.0013814888294248636	0.0030697773424473375	0.012893261307958198	-0.006753691273869867	-0.0013814888294248636	1234847
2019-11-27	0.024592776655173086	0.0012296495920582412	0.03750387450058033	-0.00445743942383751	0.024592776655173086	2302521
2019-11-28	0.010651049465883564	-0.0016501799189810565	0.01830172407430402	-0.0016501799189810565	0.010651049465883564	1853424
2019-11-29	-0.008312379027205979	-0.005195279566782762	0.0069762947761780915	-0.015734079750597665	-0.008312379027205979	1205793
2019-12-02	0.0013471636385920492	0.0028439156666343096	0.020056938184611347	-0.0037419549092038594	0.0013471636385920492	1460986
2019-12-03	-0.028400626953643447	-0.01390135982357675	-0.01390135982357675	-0.04663681474927316	-0.028400626953643447	2340442
2019-12-04	0.08430773846153841	-0.0069230307692307105	0.12430772307692298	-0.0069230307692307105	0.08430773846153841	6489169
2019-12-05	0.017309789274554937	-0.0011350879199025542	0.030079382942137547	-0.01702616272590103	0.017309789274554937	5191798
2019-12-06	0.043235789814607774	0.0040446445206964755	0.06387729695441978	-0.0009762901384778745	0.043235789814607774	5411987
2019-12-09	0.04812832694672481	0.026737966842060153	0.06737958285910757	0.01764705811575961	0.04812832694672481	6103986
2019-12-10	0.013392793025693999	0.001275484661339669	0.05242346805042172	-0.0172193745607302	0.013392793025693999	6694290
2019-12-11	-0.017746961022540916	-0.01183127797978389	0.013215897289461242	-0.02555064917120122	-0.017746961022540916	4522823
2019-12-12	0.058559712217328044	0.0005125704701104439	0.0782931947937827	0.0005125704701104439	0.058559712217328044	6685733
2019-12-13	0.004720965927600014	-0.0004842149802177551	0.007989299019618784	-0.025541713769014443	0.004720965927600014	4341149
2019-12-16	0.0036144939759036603	0.01192768674698795	0.01192768674698795	-0.017108409638554298	0.0036144939759036603	3295236
2019-12-17	0.0002400600153638576	-0.0003602160734616084	0.02761098339936429	-0.013205353666073788	0.0002400600153638576	3214298
2019-12-18	0.010081661065770615	-0.0038406144983196494	0.02976479836773897	-0.0038406144983196494	0.010081661065770615	3777316
2019-12-19	-0.05061789208089867	-0.0045152683215176305	0.003564579203204358	-0.0529943772341076	-0.05061789208089867	4172487
2019-12-20	-0.011013829511543654	-0.011013829511543654	0.01001245281570826	-0.011013829511543654	-0.011013829511543654	2436785
2019-12-23	-0.04568454995005888	-0.02556311157541557	-0.0068336373133500265	-0.05239180153347767	-0.04568454995005888	3542790
2019-12-24	0.048932420160062565	0.00822165451681985	0.05238027835139746	0.00822165451681985	0.048932420160062565	2727349
2019-12-25	0.12515805626189777	0.0013906574308636128	0.12654871369276138	0.0013906574308636128	0.12515805626189777	7239213
2019-12-26	0.02696631460674158	-0.007865134831460632	0.08067415730337087	-0.01674155056179775	0.02696631460674158	7135441
2019-12-27	0.039387285790212556	-0.0032823194030127184	0.044857745189108414	-0.0032823194030127184	0.039387285790212556	5336789
2019-12-30	-0.017789494736842177	-0.009894757894736915	0.01978944210526319	-0.032842136842105234	-0.017789494736842177	3464651
2019-12-31	-0.00975239545069964	0.0013932483419409546	0.017575812186814144	-0.01929049446555548	-0.00975239545069964	2275529
2020-01-02	0.12391770294550425	0.0023809631519271647	0.12532468343453063	0.0023809631519271647	0.12391770294550425	4990693
2020-01-03	0.0010592296785600025	0.01107368341018168	0.05613868187074984	-0.015117949256002834	0.0010592296785600025	5024064
2020-01-06	-0.008657185539218822	-0.01500574273764658	0.03222392297252712	-0.034917247353955856	-0.008657185539218822	3311728
2020-01-07	0.038230177338059015	0.014166495520405605	0.045992675062928014	-0.0054337086247565535	0.038230177338059015	3727416
2020-01-08	0.10252337383177566	0.10252337383177566	0.10252337383177566	0.10252337383177566	0.10252337383177566	5064967
2020-01-09	0.0009324489197893362	-0.008222437838243269	0.033059269025521164	-0.024921606977014375	0.0009324489197893362	3868587
2020-01-10	-0.02184961006352281	0.0035568935711908843	0.05877366939746504	-0.03404474874585453	-0.02184961006352281	4848000
2020-01-13	0.16017316017316016	0.16017316017316016	0.16017316017316016	0.16017316017316016	0.16017316017316016	6393744
2020-01-14	0.007537276119403012	0.007537276119403012	0.007537276119403012	0.007537276119403012	0.007537276119403012	7502352
2020-01-15	0.08880827675017687	0.000592556128900012	0.09488195299910944	-0.01859117911973853	0.08880827675017687	5944521
2020-01-16	0.16333329931972793	0.0	0.17455785034013596	-0.013197292517006753	0.16333329931972793	7353894
2020-01-17	0.14619028554442096	-0.01836149986437936	0.15782706151181394	-0.0632711146503455	0.14619028554442096	9108618
2020-01-20	-0.09387273337770348	-0.04086523750995455	-0.004132432124188398	-0.10412728697840126	-0.09387273337770348	8799789
2020-01-21	-0.03975000259135186	0.00450426775235464	0.04042560643868246	-0.054107319103049896	-0.03975000259135186	7142737
2020-01-22	0.17795362337226103	-0.01641749018321626	0.17830550258037806	-0.03177952450695643	0.17795362337226103	10533096
2020-01-23	-0.08720751380410684	-0.05176701996317627	-0.007117934508250887	-0.1604778046932147	-0.08720751380410684	8784483
2020-02-03	-0.1803904520561007	-0.15476062943721705	-0.07961612826872813	-0.19418693439341989	-0.1803904520561007	8001014
2020-02-04	0.18203593116362068	0.06440447642572567	0.19414499279817043	0.042248774938480796	0.18203593116362068	8259352
2020-02-05	0.008724546690880429	0.013171203125718796	0.11730268789141768	-0.031689771885854416	0.008724546690880429	9057068
2020-02-06	0.021148333530281095	-0.022487661640457356	0.04558896088877459	-0.03336873370023355	0.021148333530281095	6053599
2020-02-07	0.06918034972677588	-0.018907142076502678	0.09289617486338798	-0.04502734972677594	0.06918034972677588	8193297
2020-02-10	-0.013032827087134147	-0.017683772509786876	0.0731881412002834	-0.03822963736625494	-0.013032827087134147	6726400
2020-02-11	0.05639272406197123	-0.0004660400783696903	0.08684171670632429	-0.0004660400783696903	0.05639272406197123	7039307
2020-02-12	0.007843166666666703	-0.009656867647058805	0.05387257352941175	-0.053529401960784276	0.007843166666666703	6809966
2020-02-13	0.05058362692849334	0.02140074840270186	0.1370136049509648	-0.008511672903355848	0.05058362692849334	7237109
2020-02-14	-0.05046293518518515	0.0	0.03694442592592592	-0.10703701388888884	-0.05046293518518515	7793969
2020-02-17	0.0018527059428754588	-0.0004875962802263769	0.020770330937971808	-0.029741617852512434	0.0018527059428754588	4505530
2020-02-18	0.02199729456876182	0.0005840471205771666	0.06458051517579357	-0.006229311976432021	0.02199729456876182	5273745
2020-02-19	-0.03299996666666665	-0.00742856190476194	0.024047633333333353	-0.04819045238095233	-0.03299996666666665	5627401
2020-02-20	-0.05254352012702699	-0.0009356477739225797	0.009405569183833219	-0.08401049594684852	-0.05254352012702699	7626796
2020-02-21	0.0030665853347168195	-0.007276476318393193	0.04002085363890404	-0.01091471447758979	0.0030665853347168195	4755783
2020-02-24	0.022488195696974106	-0.020674671727170517	0.03627130845454924	-0.04098659409848707	0.022488195696974106	5448285
2020-02-25	0.09587998686585932	-0.03658846058289705	0.10261997564871053	-0.04140271584246992	0.09587998686585932	8639828
2020-02-26	-0.09826589595375723	-0.03357223121387285	0.003468208092485549	-0.10751445086705202	-0.09826589595375723	6616353
2020-02-27	-0.075846117948718	0.010256410256410256	0.030615389743589724	-0.09358974358974359	-0.075846117948718	6619311
2020-02-28	-0.1032684106160652	-0.07918541948672139	-0.040008915820085346	-0.11214697416886506	-0.1032684106160652	6889882
2020-03-02	-0.009901026860110435	0.027103897508518607	0.04579204037900835	-0.023019807313620994	-0.009901026860110435	6028486
2020-03-03	0.03681249374999993	0.03125	0.08062496249999995	0.0125	0.03681249374999993	6116113
2020-03-04	-0.06986554988164166	-0.02700581727051552	-0.008379040378437695	-0.10615468145249664	-0.06986554988164166	6838005
2020-03-05	0.025988301503791958	0.02721968190758879	0.04264421174379373	-0.01782242350312851	0.025988301503791958	5033106
2020-03-06	-0.03524731268078222	-0.020908332018297462	-0.00277937594314175	-0.04238514360918632	-0.03524731268078222	2963199
2020-03-09	-0.08256401054315493	-0.030969659686234784	-0.017940097372882817	-0.08989718038099077	-0.08256401054315493	4537348
2020-03-10	0.11761355686602772	-0.022266593714908346	0.11761355686602772	-0.022266593714908346	0.11761355686602772	8231351
2020-03-11	-0.04565778241413357	0.004469967900256633	0.008939935800513266	-0.05874847795344283	-0.04565778241413357	4954086
2020-03-12	0.01271334251013743	-0.02990967607714302	0.0341251662922416	-0.048377357946685004	0.01271334251013743	4068335
2020-03-13	0.09633291326067069	-0.041955769727554604	0.13828868298822528	-0.05147015322880132	0.09633291326067069	9868236
2020-03-16	0.012475182832075476	0.01609120178773232	0.0732839360753786	-0.024648931311652515	0.012475182832075476	8353991
2020-03-17	0.03714288690476188	0.031666708333333356	0.0592261726190476	-0.03577377976190478	0.03714288690476188	7470821
2020-03-18	-0.06433657988014861	0.020029791665811782	0.03173782622423595	-0.06450875044453767	-0.06433657988014861	6650414
2020-03-19	0.013923842323031604	-0.003250929296760921	0.02741827287872336	-0.05042017451033657	0.013923842323031604	5741775
2020-03-20	-0.028614615330648237	0.005323593369807696	0.024077410331323466	-0.03678162062707287	-0.028614615330648237	3446314
2020-03-23	-0.13944082346586686	-0.04091677594558493	-0.03468896280237444	-0.16410291369047525	-0.13944082346586686	6538852
2020-03-24	0.027645152652453847	0.03524395894273933	0.04530329510148402	-0.07830360796153753	0.027645152652453847	6060965
2020-03-25	0.01971833098591552	0.04225352112676056	0.06964788028169007	0.010774640845070448	0.01971833098591552	4844777
2020-03-26	-0.032942015892085307	-0.0124309596872039	0.013466829831488305	-0.03722374922878984	-0.032942015892085307	3517229
2020-03-27	0.0027851103533892683	0.010497757698334314	0.0366350427525175	-0.008212483097996683	0.0027851103533892683	2536122
2020-03-30	-0.025708588886320775	-0.037174199361546756	-0.002991012718857841	-0.06793899113999405	-0.025708588886320775	3408296
2020-03-31	0.007236349787827615	0.019369995166581194	0.0500694839568668	0.00029243476781572837	0.007236349787827615	2786353
2020-04-01	0.008708250898949518	-0.025471770127610184	0.03991291640247642	-0.025471770127610184	0.008708250898949518	3188401
2020-04-02	0.08776976258992802	-0.0035971223021582736	0.10064751798561149	-0.003956856115107941	0.08776976258992802	5541424
2020-04-03	-0.031084636860144888	-0.014550244997690021	-0.005158723647329198	-0.0398148420598183	-0.031084636860144888	3431078
2020-04-07	0.02136522184300349	0.04436860068259386	0.05802047781569966	0.016245767918088815	0.02136522184300349	2858196
2020-04-08	-0.00554702915367815	-0.017509923895277606	0.01570534599661337	-0.017509923895277606	-0.00554702915367815	1868641
2020-04-09	-0.020497331575994683	0.005376364138917415	0.009610167816999278	-0.02889786904103761	-0.020497331575994683	1840691
2020-04-10	-0.0574270668953687	0.0	0.005145797598627788	-0.06689536878216124	-0.0574270668953687	2663917
2020-04-13	-0.0013102925713244444	-0.017251491583509606	0.036832121239186014	-0.017251491583509606	-0.0013102925713244444	2000389
2020-04-14	0.03207003714438865	0.02033533572161813	0.037317857958845346	0.009475240731965933	0.03207003714438865	2341463
2020-04-15	0.06539544214426095	0.005861489864626054	0.07973158560459369	-0.0028249221966841678	0.06539544214426095	5134701
2020-04-16	0.013257324584002885	-0.018957980783786493	0.018957974155124027	-0.018957980783786493	0.013257324584002885	2801216
2020-04-17	0.05325133420612753	0.039382467359790216	0.10198872103893276	0.015962331440780197	0.05325133420612753	5942851
2020-04-20	0.0008074844720497593	-0.006086931677018632	0.028571465838509363	-0.008136633540372716	0.0008074844720497593	3159006
2020-04-21	-0.04425001414230708	-0.0026687022072643452	-0.0026687022072643452	-0.05852422086128536	-0.04425001414230708	3401567
2020-04-22	0.03694806493506489	-0.02012990909090914	0.03694806493506489	-0.02207788311688307	0.03694806493506489	3443826
2020-04-23	-0.023357724048372188	0.002379641776195928	0.012461587920826774	-0.029244147670559818	-0.023357724048372188	2390001
2020-04-24	0.0007053090219469768	-0.002308290483726272	0.019235700598551526	-0.017440381366487075	0.0007053090219469768	2173019
2020-04-27	0.0	0.010187716593105443	0.016210667562794455	-0.016915575585256477	0.0	1702906
2020-04-28	0.01947839984398801	0.0	0.04196826876543925	-0.16659190641287022	0.01947839984398801	5091515
2020-04-29	-0.05097103229859203	-0.020866117649009388	-0.0028911256181817172	-0.057255992349594734	-0.05097103229859203	2542058
2020-04-30	0.11298011920529806	0.011920549668874198	0.1449006953642385	0.011920549668874198	0.11298011920529806	4936531
2020-05-06	0.13590382168158768	0.012436011096465591	0.16868979136843723	0.01154350840822926	0.13590382168158768	6443685
2020-05-07	-0.03881607769982432	-0.0005237873396684791	0.008905249101265111	-0.0445259312056343	-0.03881607769982432	3997142
2020-05-08	0.028938895064066338	0.013679191953806985	0.08698017093628616	0.0027794156962391687	0.028938895064066338	3950200
2020-05-11	-0.01334747860147015	0.01620761626788749	0.041048728161301985	-0.028072049342075505	-0.01334747860147015	3115550
2020-05-12	-0.007515535792975779	-0.009823931768434288	0.005797734624209481	-0.05164266186194266	-0.007515535792975779	3014114
2020-05-13	0.034184291589563646	0.03764599097668783	0.07907829188992065	0.02715268749587053	0.034184291589563646	4569608
2020-05-14	0.01924690406768163	0.004184116174436989	0.03922594203806395	-0.006276135035713396	0.01924690406768163	3403326
2020-05-15	0.07835585287469579	0.005747100632514807	0.09806034231167012	-0.012212669021637243	0.07835585287469579	5441366
2020-05-18	0.007375698521314276	0.05162981827161036	0.07066384213173	-0.04791811699980341	0.007375698521314276	7126301
2020-05-19	0.1770429689708498	-0.0033065517709950473	0.1999999839395369	-0.0174775486652463	0.1770429689708498	7986044
2020-05-20	-0.053655973094115905	-0.028814484315359927	-0.0047355045876415775	-0.07697244377079662	-0.053655973094115905	6214714
2020-05-21	-0.04244940878206531	-0.0030108647047272343	0.03897206258404698	-0.07069250303797558	-0.04244940878206531	5899651
2020-05-22	-0.0020372320367063514	-0.015057612731741245	0.019486244205231443	-0.07838793961397776	-0.0020372320367063514	5658190
2020-05-25	-0.03235108338246358	-0.019259767804380424	0.020191723976066705	-0.056980545965750404	-0.03235108338246358	4080566
2020-05-26	0.07548723583370003	0.015271735630290302	0.08676907929233091	0.015271735630290302	0.07548723583370003	5453270
2020-05-27	-0.011598661285204469	-0.019103646307271464	0.030147998595966043	-0.019103646307271464	-0.011598661285204469	3813185
2020-05-28	-0.05945035772100828	-0.00737732883921353	0.0030631477692826467	-0.08895981544811564	-0.05945035772100828	4857504
2020-05-29	-0.004128223570666989	-0.00894453027256845	0.04582361005971307	-0.022980574812636472	-0.004128223570666989	3147770
2020-06-01	0.043710584295009035	0.009626438166706034	0.06858274115156947	0.009626438166706034	0.043710584295009035	3676729
2020-06-02	0.009752832927992066	0.022506579280496528	0.03195052872152177	-0.013680520379156598	0.009752832927992066	3332888
2020-06-03	-0.035881264244405964	-0.0005244351254267073	0.008740876786336933	-0.05371266162941012	-0.035881264244405964	4321743
2020-06-04	-0.04805079651720412	-0.003717166716668194	0.009972787580069224	-0.04805079651720412	-0.04805079651720412	4207033
2020-06-05	0.015714300000000018	-0.0020475857142856955	0.03228570952380954	-0.0020475857142856955	0.015714300000000018	2632698
2020-06-08	-0.004313164496298636	0.021425184883846368	0.022034678546160154	-0.014017838527644074	-0.004313164496298636	2153230
2020-06-09	-0.013701873676855854	0.0027309633032543672	0.004802660212763349	-0.029004632521785725	-0.013701873676855854	2528791
2020-06-10	-0.031364906519478195	-0.004153315490746518	0.008640845903275702	-0.03804841247888282	-0.031364906519478195	2825212
2020-06-11	0.02572696478246321	0.005421419578750739	0.06209958783931757	0.005421419578750739	0.02572696478246321	3636086
2020-06-12	-0.011099351602425233	-0.027580194781380702	0.008889131483978787	-0.04478181925768346	-0.011099351602425233	2330172
2020-06-15	-0.04965746124733937	-0.013653360027728134	-0.013653360027728134	-0.062241864459859755	-0.04965746124733937	3233223
2020-06-16	0.015440488070770232	0.01641191812284709	0.037169615771146074	0.003630078299096597	0.015440488070770232	2260324
2020-06-17	-0.01706862687141326	-0.0030713508732121255	0.009868616837678746	-0.03499318747800633	-0.01706862687141326	2031588
2020-06-18	0.05665402081418905	0.007837306588273215	0.0695625547097503	0.0021002151311330795	0.05665402081418905	3734984
2020-06-19	0.03214080391768851	-0.008580589531610382	0.03301336548872104	-0.02457820450154265	0.03214080391768851	3770682
2020-06-22	0.08933346786278774	0.014513155520865115	0.10375273864538566	0.014513155520865115	0.08933346786278774	5155616
2020-06-23	0.0028888587945588027	-0.008709477260235202	0.015306355827812248	-0.034105071524750986	0.0028888587945588027	3307304
2020-06-24	-0.0025795614123931172	-0.0012037789887245473	0.035468614734257574	-0.017368907548523452	-0.0025795614123931172	3429920
2020-06-29	-0.05818965517241379	-0.018965491379310313	-0.017715521551724185	-0.06176725000000003	-0.05818965517241379	3222824
2020-06-30	0.003707084668192253	0.017940494279176166	0.03478263615560644	-0.0040732219679633355	0.003707084668192253	2617140
2020-07-01	0.03374223276405293	0.00018242670359242018	0.03953307226786803	-0.01053302640584588	0.03374223276405293	3758378
2020-07-02	0.005645970448935702	-0.0031317850032089247	0.02104004610612539	-0.023951337975125143	0.005645970448935702	3083877
2020-07-03	-0.0008333786386819574	0.0044299968325366	0.008816154023945057	-0.04995832602398508	-0.0008333786386819574	3257752
2020-07-06	0.16804206977995523	0.03182616288200839	0.1886742556364232	0.03182616288200839	0.16804206977995523	5429266
2020-07-07	-0.028487625414684106	0.02702195712299096	0.11883653993112979	-0.0303667596015029	-0.028487625414684106	6604339
2020-07-08	0.005802707930367505	-0.009671179883945842	0.03818179883945848	-0.011179880077369395	0.005802707930367505	4390694
2020-07-09	0.01880775000000002	0.002115338461538403	0.02388458076923078	-0.011538461538461539	0.01880775000000002	4629429
2020-07-10	0.016195317894485448	-0.015062934705183254	0.03729840099861825	-0.028389216558427043	0.016195317894485448	4983042
2020-07-13	0.008247273414558592	-0.004940883552218596	0.008990315264626606	-0.030648637397059444	0.008247273414558592	5063942
2020-07-14	0.05047904312039158	-0.011053795380702919	0.09801034114982335	-0.049373597259548915	0.05047904312039158	5697789
2020-07-15	-0.0599789745356933	0.010171848260150483	0.013644278913133273	-0.07400913909486205	-0.0599789745356933	4351286
2020-07-16	-0.1417910447761194	-0.028917910447761194	-0.028582104477611996	-0.1791044776119403	-0.1417910447761194	5324867
2020-07-17	-0.07047829130434778	-0.020869578260869583	0.014478269565217423	-0.07782606086956519	-0.07047829130434778	3244205
2020-07-20	-0.017353436182581297	-0.006033926012617484	0.012208246809755883	-0.11001445236026557	-0.017353436182581297	4386991
2020-07-21	0.03293982261100698	-0.013899457217255837	0.10757802163387255	-0.01418505317797931	0.03293982261100698	4100909
2020-07-22	-0.034331783410138234	-0.02304147465437788	0.04838709677419355	-0.04377880184331797	-0.034331783410138234	7079390
2020-07-23	-0.020615637977347126	0.0011930326720157574	0.023860653440315148	-0.060796968826576425	-0.020615637977347126	4822386
2020-07-24	-0.025629757357691532	-0.04497391307262901	0.018369653917451715	-0.04502261453048025	-0.025629757357691532	5405694
2020-07-27	-0.04760716083608961	0.010151517676893965	0.019552952845162085	-0.07486123381076543	-0.04760716083608961	6812453
2020-07-28	-0.012864253287438992	0.013914460707500097	0.02095040726096728	-0.03386714151536582	-0.012864253287438992	4251894
2020-07-29	0.06478719680851061	0.0	0.0797872340425532	-0.005265984042553172	0.06478719680851061	8208092
2020-07-30	0.03976424357253321	0.01908286109291653	0.07842947621643695	0.01908286109291653	0.03976424357253321	6165099
2020-07-31	0.058854617367419135	-0.004227942751167138	0.06514844847289544	-0.004227942751167138	0.058854617367419135	8939994
2020-08-03	0.13203868656490175	0.045646345322593374	0.16520708364811054	0.045646345322593374	0.13203868656490175	8124279
2020-08-04	-0.08304942316226253	-0.0019640265749323164	-0.0019640265749323164	-0.09463304952837684	-0.08304942316226253	8038944
2020-08-05	-0.011234020872771432	0.0578309908146874	0.062202193256070404	-0.025265545739991346	-0.011234020872771432	7003187
2020-08-06	-0.027409359337878313	-0.014146759692485744	0.006189252955648852	-0.04509282553173507	-0.027409359337878313	4907340
2020-08-07	-0.053590877272727315	0.0	0.013500004545454528	-0.06909089545454544	-0.053590877272727315	5960668
2020-08-10	0.06138032549031136	-0.010614316918974938	0.08918875834819992	-0.013688131714053395	0.06138032549031136	6432501
2020-08-11	-0.041087835624059155	-0.004479863240873706	0.013032218357567765	-0.04249060494840022	-0.041087835624059155	4776991
2020-08-12	0.014534476626219168	-0.013732263437643022	0.019300627260617736	-0.05596715953060896	0.014534476626219168	5682236
2020-08-13	-0.02018703613686601	-0.002000125540719854	0.007023559071967106	-0.030885152079511737	-0.02018703613686601	3788648
2020-08-14	-0.01685254261151313	-0.005174441163288071	0.018181828194118094	-0.03370515643119358	-0.01685254261151313	2936886
2020-08-17	0.0028971075935168666	0.013616571309997862	0.013616571309997862	-0.014872051717854644	0.0028971075935168666	2994225
2020-08-18	0.015214270802324638	-0.002840616314500886	0.02070295167120298	-0.016514169713733776	0.015214270802324638	4267580
2020-08-19	-0.051503371661275915	-0.006354913182420078	0.0030351844682007228	-0.051503371661275915	-0.051503371661275915	3733974
2020-08-20	0.005	-0.01	0.03540001000000004	-0.025	0.005	2444516
2020-08-21	-0.01651744776119405	0.013980089552238843	0.01990049751243781	-0.024875621890547265	-0.01651744776119405	2254665
2020-08-24	-0.018970053282023336	0.008903323868490812	0.009105640751413846	-0.03323549288065781	-0.018970053282023336	3105084
2020-08-25	-0.017738297964049323	0.005826870730614687	0.028412361155502112	-0.01907903436061072	-0.017738297964049323	2250302
2020-08-26	-0.07711691749916219	0.0003674366012012591	0.004829644473997415	-0.07711691749916219	-0.07711691749916219	4667187
2020-08-27	0.08077358792764068	0.010807701749584113	0.09937429295720772	0.0025597098539298442	0.08077358792764068	5816871
2020-08-28	-0.015473694736842066	-0.016578915789473646	-0.0006842368421053224	-0.0269473421052631	-0.015473694736842066	2622847
2020-08-31	-0.007911878626236272	0.005185507379295472	0.051961943247748756	-0.017320597854384685	-0.007911878626236272	4023533
2020-09-01	-0.008567717334112384	-0.0031253475253222997	0.00716673125157084	-0.023547768902384303	-0.008567717334112384	2370306
2020-09-02	-0.02005544812067369	0.008533034172155226	0.015707374973983043	-0.025490525966342534	-0.02005544812067369	2888095
2020-09-03	-0.011148141800086348	-0.0016084747375184473	0.013754830608627332	-0.018302844953363664	-0.011148141800086348	3724981
2020-09-04	0.039822795887371976	-0.011161535016718554	0.05165745337148558	-0.012563744954547202	0.039822795887371976	6492539
2020-09-07	-0.1099843525000504	0.0005933491590342536	0.0005933491590342536	-0.11537838672732281	-0.1099843525000504	8757828
2020-09-08	-0.01963639393939392	-0.00909090909090909	0.010909109090909114	-0.0323636121212122	-0.01963639393939392	3287289
2020-09-09	-0.04036844214788708	-0.014404068199927969	-0.014404068199927969	-0.051063274328118045	-0.04036844214788708	3460954
2020-09-10	-0.009340958818294347	0.01784451505107299	0.033820782936823626	-0.014365754412568559	-0.009340958818294347	2598516
2020-09-11	0.027766965975854898	0.011835134684842883	0.028742346395775387	-0.004226778542247177	0.027766965975854898	2637124
2020-09-14	0.005377987876406359	0.028155627431402177	0.04884530751954491	-0.001202163849373623	0.005377987876406359	3608907
2020-09-15	0.07149151308338005	0.004908741532111094	0.09502836104575314	-0.018187533726401455	0.07149151308338005	5531349
2020-09-16	-0.019675737685767095	-0.013156296639148869	0.001997010513244782	-0.03553381990878135	-0.019675737685767095	3316444
2020-09-17	0.034090239432263275	0.0035348150851402145	0.053022531830986104	-0.014379060226971076	0.034090239432263275	4687870
2020-09-18	0.018134356264159063	0.0022015642340127857	0.02479721234772149	-0.009270022852722309	0.018134356264159063	3248186
2020-09-21	0.0014226370323254319	0.007283895914958103	0.048540369852395626	-0.0075684403930675985	0.0014226370323254319	4024445
2020-09-22	-0.009546499819218067	-0.008410024057507081	0.014660768602358688	-0.016479111637211268	-0.009546499819218067	2478930
2020-09-23	0.009982730751875007	0.0068846642532759805	0.03270221974694972	-0.0011474296991262599	0.009982730751875007	2735866
2020-09-24	-0.022665247436132345	-0.00755502188641884	0.0024994490882534297	-0.02862981822545295	-0.022665247436132345	2500588
2020-09-25	-0.03632664859645483	0.009706468880445138	0.010171461607007354	-0.05329844719619094	-0.03632664859645483	2814801
2020-09-28	-0.015741863406359594	-0.005729776735890627	-0.005006043335234484	-0.051507888090930855	-0.015741863406359594	2801050
2020-09-29	0.0562534033181763	0.010478534095489501	0.06728350919439292	0.008946577499275965	0.0562534033181763	3832516
2020-09-30	-0.012821204757823439	0.0	0.012763311851346375	-0.013749463762530067	-0.012821204757823439	2413002
2020-10-09	0.002820845020666563	0.02844379340752727	0.04013869792809837	-0.007522325869244663	0.002820845020666563	3268173
2020-10-12	0.07993436521293003	0.013830291923524984	0.08122363502826797	0.0021097105140044634	0.07993436521293003	6193417
2020-10-13	-0.027946570587945318	-0.012372471306557819	-0.0016279737444539696	-0.03516385953529336	-0.027946570587945318	3391061
2020-10-14	-0.03494674161372363	0.0	0.0	-0.04315307756509033	-0.03494674161372363	3278864
2020-10-15	-0.013593978527042756	-0.005032654741500911	0.021576971758459407	-0.016602042477064854	-0.013593978527042756	2791024
2020-10-16	-0.02533431209630985	0.010438652112628403	0.020877304225256806	-0.03776684171318687	-0.02533431209630985	3276042
2020-10-19	-0.00908540930960428	0.0072201986862851526	0.014440487625279629	-0.013237045966974333	-0.00908540930960428	2351263
2020-10-20	0.010990333220106509	0.0012143845866247316	0.010990333220106509	-0.022405743853230343	0.010990333220106509	2376284
2020-10-21	-0.03663667267267272	-0.0012011831831831605	-0.0012011831831831605	-0.04144140540540536	-0.03663667267267272	2719082
2020-10-22	-0.026184520929595525	-0.0038029988953739158	0.007980043939403164	-0.02668328653428755	-0.026184520929595525	2648081
2020-10-23	-0.03104987895742398	-0.0012803905495593333	0.01574908480952141	-0.03322664596466025	-0.03104987895742398	2864774
2020-10-26	-0.00891976178712545	-0.0023125601990396194	0.008259001985107288	-0.025173523944227644	-0.00891976178712545	2505313
2020-10-27	0.015199993333333358	0.006666666666666667	0.023133339999999974	-0.006733300000000024	0.015199993333333358	2982995
2020-10-28	0.031520902492257065	0.001444713694803717	0.038350381129172356	-0.019175190564586178	0.031520902492257065	3400566
2020-10-29	-0.006047854519380488	-0.027374604948120662	0.0038196523577838292	-0.03520498427291848	-0.006047854519380488	3688861
2020-10-30	0.037468717175791984	0.0	0.07468127603019034	-0.009479350237643423	0.037468717175791984	7357305
2020-11-02	-0.04043711051826426	0.0008025991061267297	0.014508001346042802	-0.061489024854649334	-0.04043711051826426	5353458
2020-11-03	0.06665380213971968	0.010101055592275579	0.09689257336581107	-0.0027664737783266585	0.06665380213971968	5833936
2020-11-04	-0.01562214916071571	0.01453648652967846	0.027926926807940587	-0.019844340062189457	-0.01562214916071571	3914513
2020-11-05	0.011703456097490093	0.034926452847912716	0.04779413690798048	0.0021446446472667986	0.011703456097490093	3746489
2020-11-06	-0.0009690751561440236	0.003331130741135271	0.009024317067262306	-0.037005638441005226	-0.0009690751561440236	4734015
2020-11-09	0.10312222072971601	0.013276762896818924	0.124219493013995	0.013276762896818924	0.10312222072971601	10314142
2020-11-10	-0.04143772647799469	0.0	0.0	-0.041657516533289536	-0.04143772647799469	4902876
2020-11-11	-0.08840728228881183	0.0026373523980892303	0.007109310940365875	-0.10239651533535728	-0.08840728228881183	7073897
2020-11-12	-0.012578616352201259	0.011823930817610134	0.015408786163521988	-0.0220125786163522	-0.012578616352201259	3715202
2020-11-13	0.015668834394904397	0.0	0.022165579617834393	-0.02356685987261144	0.015668834394904397	3413000
2020-11-16	-0.05932526392025049	-0.03141859889671267	-0.010410158830608772	-0.06741502275238205	-0.05932526392025049	7028484
2020-11-17	0.005333353333333359	0.004666646666666641	0.005533346666666716	-0.048800046666666694	0.005333353333333359	5570769
2020-11-18	-0.007824986581731136	0.0	0.001193587509411363	-0.024403235588795147	-0.007824986581731136	2602970
2020-11-19	0.0039434034201110725	-0.004143797759116279	0.024729395292387327	-0.01289929865323145	0.0039434034201110725	2493097
2020-11-20	-0.009453524624361283	0.0	0.009386778072648639	-0.015245382419827714	-0.009453524624361283	1925100
2020-11-23	-0.017407057744804205	-0.0007392970305470317	-0.0007392970305470317	-0.035553419241037325	-0.017407057744804205	3733091
2020-11-24	-0.0007524008362324569	-0.007729069926041054	0.010943953712940279	-0.008139548730633646	-0.0007524008362324569	2451688
2020-11-25	-0.015606804452236455	0.0041755152077626355	0.016359778666843048	-0.01567522118352313	-0.015606804452236455	2770994
2020-11-26	-0.02232106282346238	-0.001807906290354051	0.00827482105938137	-0.02621518011564118	-0.02232106282346238	2740014
2020-11-27	0.01877666349459465	0.002844907417713712	0.041109521716521144	0.002844907417713712	0.01877666349459465	2957588
2020-11-30	0.036093261795124836	0.014381443228796364	0.06339012624301436	0.012356813307846555	0.036093261795124836	5456137
2020-12-01	0.012734983822249728	-0.0014150461177805122	0.019877346004249317	-0.00916380946933997	0.012734983822249728	3196251
2020-12-02	0.016566799403191	-0.0019295275729302565	0.0371257610686808	-0.0019295275729302565	0.016566799403191	4156718
2020-12-03	-0.011584456319727755	0.001309064789341189	0.011191878253440264	-0.014529655747808075	-0.011584456319727755	2388114
2020-12-04	-0.018010865633403084	-0.006025711666647744	0.005164872065557644	-0.02860552831133552	-0.018010865633403084	3314569
2020-12-07	0.01800403200261562	0.026095717611010358	0.04234658714066245	0.01281182711776474	0.01800403200261562	3169579
2020-12-08	0.0061601178634157665	-0.002450784907923454	0.017288209463547737	-0.013048956659939324	0.0061601178634157665	2718653
2020-12-09	0.005925010108953733	0.007109954197891591	0.02040820357109433	-0.005661626293415013	0.005925010108953733	4349886
2020-12-10	0.0419502871344838	-0.007198992005255442	0.046531419243492966	-0.008835117627582819	0.0419502871344838	6849720
2020-12-11	0.07405309014275724	0.000565265976026328	0.07543491911284199	-0.005715746247030732	0.07405309014275724	11194110
2020-12-14	-0.03245615789473687	-0.008771929824561403	-0.004093549707602317	-0.04023394736842112	-0.03245615789473687	7036495
2020-12-15	-0.04019337637098895	0.0033242853428398903	0.008643143100208186	-0.05246293839461355	-0.04019337637098895	5737294
2020-12-16	-0.017695201177042846	0.0	0.0	-0.022670062544016496	-0.017695201177042846	2995521
2020-12-17	-0.005385030919128467	-0.00500030755175632	0.007821026738219503	-0.02346306098265712	-0.005385030919128467	2753118
2020-12-18	0.011923983703151208	0.03770548647265824	0.03770548647265824	0.002642629815377337	0.011923983703151208	3044743
2020-12-21	0.054140127388535034	-0.006369426751592357	0.09732483439490448	-0.022356656050955437	0.054140127388535034	6491460
2020-12-22	-0.053293093655589145	-0.0036254138972810126	0.014501474320241646	-0.055891238670694864	-0.053293093655589145	4629794
2020-12-23	0.019721796898471932	-0.0022337950959698386	0.025019231396059684	-0.010403306566397359	0.019721796898471932	3879980
2020-12-24	-0.012517994303861944	0.003943105615744944	0.01984100845362683	-0.018776991455792917	-0.012517994303861944	2715022
2020-12-25	-0.06921466516537575	-0.01686000464321462	-0.005831260548107691	-0.07840533489496525	-0.06921466516537575	5823175
2020-12-28	-0.005107252089591334	-0.012597929345675392	0.007831079012689944	-0.0236977246020679	-0.005107252089591334	2629859
2020-12-29	0.011841176789547837	0.0031484735188854114	0.030116316353881546	0.0031484735188854114	0.011841176789547837	2649809
2020-12-30	0.006358668655094739	-0.009605614427306989	0.01461139803001551	-0.020158262596790058	0.006358668655094739	3062289
2020-12-31	0.05928609103216811	0.021711339068055682	0.07938426888796754	0.021711339068055682	0.05928609103216811	6677753
2021-01-04	0.01840224045693854	0.008947293837103635	0.03369501957471957	-0.024811238652484115	0.01840224045693854	5198113
2021-01-05	-0.0032401020861081045	-0.009159455132423956	0.027291356866740658	-0.03732322769882147	-0.0032401020861081045	7159142
2021-01-06	-0.024817159312263783	0.0019378508349200256	0.036881877621542256	-0.02938048990822971	-0.024817159312263783	5521989
2021-01-07	-0.04358976282051284	-0.00641025641025641	-0.0006410641025641512	-0.05762823717948716	-0.04358976282051284	5775389
2021-01-08	0.011059041777326653	0.006635422385430721	0.019906173322510164	-0.02345844551189904	0.011059041777326653	3562085
2021-01-11	0.04700030306926196	-0.003248292877098039	0.054027137393683575	-0.005634776043694738	0.04700030306926196	5739717
2021-01-12	-0.0006964670039701863	-0.00025331138086221036	0.014815733635358642	-0.022666841551641753	-0.0006964670039701863	4398321
2021-01-13	0.06316923825420719	-0.00019007159361249744	0.08851296219333506	-0.00525883538923105	0.06316923825420719	10411764
2021-01-14	0.07896304983975477	0.005482705503884839	0.11972583814554512	0.005482705503884839	0.07896304983975477	13695860
2021-01-15	-0.031427792906471214	0.005247152633297643	0.06959398393381959	-0.04689315028622229	-0.031427792906471214	14989425
2021-01-18	0.043567512297174246	-0.005930622685158442	0.07458942133559854	-0.015054744439697024	0.043567512297174246	11126234
2021-01-19	-0.04918032786885246	0.00546448087431694	0.00546448087431694	-0.0546448087431694	-0.04918032786885246	7073436
2021-01-20	0.0152298505747126	0.005287344827586164	0.01896553448275864	-0.03908047701149427	0.0152298505747126	6652085
2021-01-21	-0.014944800960480016	-0.012170925972406162	0.005264693074374036	-0.03702232223115717	-0.014944800960480016	5348139
2021-01-22	-0.03166481902375782	-0.00011487845856214787	0.007126056178554551	-0.05810011660537092	-0.03166481902375782	5896762
2021-01-25	0.0013056439169139248	-0.01483679525222552	0.023204771513353036	-0.035667626112759664	0.0013056439169139248	5081971
2021-01-26	0.02062586521677415	-0.004741601441787591	0.035976718610854046	-0.013157900585835087	0.02062586521677415	4593498
2021-01-27	-0.038850186507262206	0.003600522710810545	0.007026753897097863	-0.0447154305118832	-0.038850186507262206	4294081
2021-01-28	-0.04531448387754468	-0.02120714824503501	0.016615310755099713	-0.048395838571561815	-0.04531448387754468	4217306
2021-01-29	-0.02822601190513296	0.016391437769490494	0.025251598799177207	-0.03930126065759321	-0.02822601190513296	4451729
2021-02-01	0.02272868727980426	-0.010094451121567245	0.04526210917755564	-0.010094451121567245	0.02272868727980426	3608709
2021-02-02	-0.018020798052379047	0.003120262492625009	0.004775853498668966	-0.025089067598213673	-0.018020798052379047	3224437
2021-02-03	-0.047013810199749234	0.0018805070153457015	0.0018805070153457015	-0.05388763778475153	-0.047013810199749234	6499121
2021-02-04	-0.007076816483820648	-0.013337009435498941	0.01354103092823074	-0.046135095788339166	-0.007076816483820648	5745283
2021-02-05	-0.0693530368606501	0.0006167557650323637	0.01062227947673083	-0.07346492014069242	-0.0693530368606501	6286341
2021-02-08	-0.008100191279082722	-7.371133857776188e-05	0.02319583159361191	-0.01325480824915743	-0.008100191279082722	4087032
2021-02-09	0.02538974072879892	0.009651098952882707	0.0355605650087728	-0.008314736636556783	0.02538974072879892	3161158
2021-02-10	-0.0065160297754137085	-0.0065160297754137085	0.0033304881020305476	-0.032869918652979835	-0.0065160297754137085	3805146
2021-02-18	0.026089505712800626	0.021279682106983753	0.051304430467100835	0.014429354216372581	0.026089505712800626	5155992
2021-02-19	-0.009019914580541593	0.0009232244121471523	0.0009232244121471523	-0.028409090303783587	-0.009019914580541593	4863082
2021-02-22	0.009818641222809647	0.00860027957142031	0.0392030462209062	0.00860027957142031	0.009818641222809647	5155178
2021-02-23	-0.023988574477866852	-0.006032583649364731	-0.006032583649364731	-0.03477639608700049	-0.023988574477866852	4409751
2021-02-24	-0.00014546247395397205	-0.0037086168205754024	0.02188768842676883	-0.009889470334803172	-0.00014546247395397205	5112792
2021-02-25	-0.05032725818181813	0.015054596363636392	0.015054596363636392	-0.05221813090909088	-0.05032725818181813	6657606
2021-02-26	-0.044646974350636075	-0.023587088013676146	-0.008730280154230774	-0.04533617636182918	-0.044646974350636075	5641495
2021-03-01	0.03246495390781566	0.010581162324649243	0.03390778356713427	0.010180336673346722	0.03246495390781566	4311348
2021-03-02	0.0	0.02484469662628809	0.034549665344340064	-0.017779510455446214	0.0	5491258
2021-03-03	-0.009161490469841113	-0.002329215784257426	-0.002329215784257426	-0.025621140707582157	-0.009161490469841113	3335814
2021-03-04	-0.049443698884727376	0.00728725887900196	0.01880583720092847	-0.049522017328270974	-0.049443698884727376	6817819
2021-03-05	-0.0023081279747444185	-0.002555420040481685	0.01805293904959101	-0.027285450948568917	-0.0023081279747444185	4210144
2021-03-08	-0.06899115152434229	0.004626927246359769	0.012063116682335891	-0.07155247518427234	-0.06899115152434229	6142885
2021-03-09	-0.0686013755768549	-0.006034788782392677	0.01073836528221509	-0.07082004792332278	-0.0686013755768549	5544371
2021-03-10	0.0024773893037843544	0.03858983435702246	0.046974751223670896	0.00047644594025099207	0.0024773893037843544	4271682
2021-03-11	0.06292180460908471	0.012926537524251824	0.07879480162337045	-0.024807537542130356	0.06292180460908471	6394649
2021-03-12	-0.04909242512577255	-0.007421997542305269	-0.007421997542305269	-0.0541894383584111	-0.04909242512577255	4851489
2021-03-15	-0.040624404386849854	-0.0031972542109179624	0.003479434022171648	-0.048993785931682715	-0.040624404386849854	3930936
2021-03-16	0.005979219936656138	0.016369388836582725	0.01715349981827582	-0.02087824017481593	0.005979219936656138	3013114
2021-03-17	0.018805427812689013	0.0	0.028159408403763284	-0.011887294510980083	0.018805427812689013	3369170
2021-03-18	-0.0008607211335256221	0.0022953806865988148	0.008033703290621788	-0.01386760738078817	-0.0008607211335256221	2481891
2021-03-19	0.001818732633112585	-0.027759174617027173	0.020197195173760906	-0.027759174617027173	0.001818732633112585	2802123
2021-03-22	0.008217016693406612	-0.0026753964198204853	0.008503716472244766	-0.015765353878641173	0.008217016693406612	2114106
2021-03-23	0.004454141521630221	0.004548929242293253	0.04785825572000338	0.0008529568096935533	0.004454141521630221	4299226
2021-03-24	-0.04991037927937317	-0.013114445006405233	-0.009340485127662706	-0.05009904802526738	-0.04991037927937317	3688628
2021-03-25	-0.01976164904950295	-0.020754677877497844	0.017577001516693194	-0.02502479717054996	-0.01976164904950295	3351823
2021-03-26	0.04609465146484303	0.008813727168612341	0.04913381672711796	0.0	0.04609465146484303	4979032
2021-03-29	0.00716635663051798	0.0025178674701168756	0.031377086357213126	-0.004357970087972756	0.00716635663051798	3209232
2021-03-30	-0.010961528846153876	0.0002884519230769583	0.014903875000000037	-0.015576951923076895	-0.010961528846153876	2777037
2021-03-31	0.04520708686362936	0.004277678356234965	0.05337348771754341	0.0013610635683350138	0.04520708686362936	5414602
2021-04-01	0.06873779055459417	0.004557696873635999	0.10687375859224707	-0.002883499155734402	0.06873779055459417	8802216
2021-04-02	0.0346387722430153	-0.0252393555223785	0.051610094837074	-0.0252393555223785	0.0346387722430153	10334806
2021-04-06	-0.0044582689550371	-0.002439443197496074	0.00672950050629631	-0.02590842932137691	-0.0044582689550371	4407488
2021-04-07	0.0523870308810652	0.004731778702691667	0.06683569187724026	-0.013688170911502703	0.0523870308810652	7221398
2021-04-08	-0.021918931627805827	-0.010036129826508314	0.018707297823188324	-0.027619445340358657	-0.021918931627805827	4520629
2021-04-09	-0.023148908225250314	0.0004925053357413384	0.017074388441963614	-0.026432457724511527	-0.023148908225250314	3890519
2021-04-12	-0.021428596638655494	0.006806705882352883	0.029411764705882353	-0.02764706722689079	-0.021428596638655494	3159342
2021-04-13	-0.023615286138650566	-0.008329703950099713	0.015886698562989295	-0.0274795799264812	-0.023615286138650566	2892906
2021-04-14	0.012664925576031518	0.002374705427652739	0.022779279404906295	-0.0039577573603629575	0.012664925576031518	2247559
2021-04-15	0.031613687959125315	-0.009900981499921701	0.05089457226762697	-0.022928600164396414	0.031613687959125315	4247366
2021-04-16	-0.008587279075494886	-0.006566753717517742	0.010271097914388736	-0.021047314539883098	-0.008587279075494886	2799082
2021-04-19	0.03855299696751027	-0.006368885761398	0.04831857085056772	-0.019191592744708004	0.03855299696751027	4730784
2021-04-20	-0.026165207861851027	-0.005723671159681038	0.010466058614896268	-0.029435861910812933	-0.026165207861851027	2899141
2021-04-21	-0.011670856619157987	-0.009235919550561196	0.008396305766520668	-0.01738034454039198	-0.011670856619157987	2047797
2021-04-22	0.006456562793786109	0.0	0.04341178356479297	0.0	0.006456562793786109	3271582
2021-04-23	0.00438927150848934	-0.0070904363375500715	0.02118681504864679	-0.011395272968723951	0.00438927150848934	2247422
2021-04-26	-0.011261417115075499	0.0036978066005178595	0.03311204358537771	-0.012522044079704918	-0.011261417115075499	4343836
2021-04-27	-0.03867406649087861	-0.008414772487636677	-0.00696982563587213	-0.05252869438965249	-0.03867406649087861	4089894
2021-04-28	0.011494288443754008	0.021131742195079444	0.025552608763087695	-0.001945190131656734	0.011494288443754008	2858724
2021-04-29	0.03741256927600409	0.00262233387023888	0.05069925610665632	-0.00026222901639462963	0.03741256927600409	4283979
2021-04-30	0.0010111476238624617	-0.0057296932928884966	0.010869573643410764	-0.020222455342096417	0.0010111476238624617	3548012
2021-05-06	-0.01910777729525815	-0.0004209006627719007	0.004966296170884771	-0.019276102206832468	-0.01910777729525815	2529208
2021-05-07	-0.06547667609608408	-0.003432609657878746	0.012443182119996352	-0.07568866451290374	-0.06547667609608408	5599165
2021-05-10	-0.014508741698645767	-0.008172635295268411	0.004407667503991436	-0.031404948918182796	-0.014508741698645767	2847560
2021-05-11	0.0025158032053671834	-0.004938492359299194	0.010249701826313955	-0.02627655609392465	0.0025158032053671834	2687470
2021-05-12	0.017380826001703698	-0.002695352828156955	0.02239988929825781	-0.02574585094324203	0.017380826001703698	2626106
2021-05-13	0.03023933884742688	-0.017906075442226128	0.06285398376442525	-0.01945913593512826	0.03023933884742688	4461088
2021-05-14	0.07298043113364627	0.008246874388051927	0.08486298886750875	0.00203957618266139	0.07298043113364627	7630706
2021-05-17	-0.0076859504132231965	0.000247925619834741	0.02702476859504135	-0.009008231404958673	-0.0076859504132231965	5146420
2021-05-18	0.019155517614724775	-0.0006662946614474327	0.043974331639876796	-0.008328475056217206	0.019155517614724775	4919528
2021-05-19	-0.007273024255789228	-0.002778491392208214	0.02288138376526811	-0.011113842989772558	-0.007273024255789228	3922044
2021-05-20	-0.008643422572190664	-0.011359935511361463	0.014899555114433175	-0.012018488343303654	-0.008643422572190664	2820121
2021-05-21	-0.02358219712696178	0.00863573029975911	0.0188490990616955	-0.026903578842481107	-0.02358219712696178	2680586
2021-05-24	0.01207590822607053	8.505825614621219e-05	0.01777365482689537	-0.025172200873278337	0.01207590822607053	3555887
2021-05-25	0.034366825739571026	-0.005377690859966569	0.0407528688218995	-0.005377690859966569	0.034366825739571026	5109541
2021-05-26	0.016165702943390786	0.0038993014443427843	0.049553201454966694	0.0038993014443427843	0.016165702943390786	6806581
2021-05-27	0.0514829579177539	-0.0007194500190087087	0.07482613557682101	-0.004716572218932674	0.0514829579177539	9603011
2021-05-28	-0.023948863559255348	-0.009807602902817684	-0.00859123400434308	-0.031399658111454884	-0.023948863559255348	5567633
2021-05-31	0.018850271893975954	0.014098745361475732	0.029755350141947606	0.0013241781693340215	0.018850271893975954	4803950
2021-06-01	0.051452567627234685	0.0002293501476449023	0.06957179504040216	-0.013455733636336339	0.051452567627234685	10486937
2021-06-02	0.00785284670873885	-0.0023994910375881515	0.03162950651951948	-0.02312217714769267	0.00785284670873885	6979119
2021-06-03	-0.038958184554085826	-0.002236476428565983	-0.002092157837874968	-0.045162650276584324	-0.038958184554085826	5557601
2021-06-04	0.029126858314781286	-0.01659039774691995	0.04106287600450322	-0.020268837610675803	0.029126858314781286	5839796
2021-06-07	0.01947624974764745	0.04311039588913538	0.07950987904325259	0.006638004424480298	0.01947624974764745	9016854
2021-06-08	-0.0342014823340542	0.009587943960644846	0.009587943960644846	-0.04214367637892384	-0.0342014823340542	6859700
2021-06-09	-0.008519736509697277	0.00014819973768557626	0.027485598680859293	-0.018373063220419712	-0.008519736509697277	5708510
2021-06-10	0.02817009596996046	0.006500747119468688	0.04049912515132438	0.006500747119468688	0.02817009596996046	9019247
2021-06-11	-0.06119195227360681	0.0007266787473831114	0.007267441543570862	-0.06170061504212432	-0.06119195227360681	11213371
2021-06-15	0.038938026571963	0.0010838675304774778	0.04853695881528652	-0.01803681008095423	0.038938026571963	11926129
2021-06-16	-0.016839355354478107	0.005886245129247403	0.04299224125664497	-0.023768741774970552	-0.016839355354478107	9574744
2021-06-17	0.16468356569951267	0.006517628037536152	0.19999999696854875	0.0064418796462724255	0.16468356569951267	22277870
2021-06-18	0.046069770448258725	0.024791854330706537	0.06585118727848985	0.000520575244950769	0.046069770448258725	17918534
2021-06-21	0.005225248980631058	-0.0047275132099873695	0.013062988711837217	-0.015924347347734163	0.005225248980631058	9410624
2021-06-22	-0.02537132331542121	-0.0006188489869239707	0.007982629654110169	-0.04034655790792483	-0.02537132331542121	8205644
2021-06-23	0.042412653968253944	0.00876193650793658	0.08819046984126977	-0.013460285714285643	0.042412653968253944	13347376
2021-06-24	-0.03764157183268973	-0.013217189015229112	0.015105439796187533	-0.04580332148022451	-0.03764157183268973	9090962
2021-06-25	0.026075917721518915	0.01202527848101261	0.03164556962025317	-0.018354392405063244	0.026075917721518915	8795582
2021-06-28	0.022082421110363393	0.012830015199544064	0.04360971637088938	-0.012459838775593235	0.022082421110363393	9056292
2021-06-29	-0.022993349842969565	-0.004224484083726303	0.0018105190430389917	-0.03421845565875292	-0.022993349842969565	7318702
2021-06-30	0.02489344014388439	0.00617703382653057	0.05849652269131228	0.006115300550468361	0.02489344014388439	11108599
2021-07-01	-0.0417670749971923	-0.01759883097394922	0.006509173173929327	-0.05496621932215783	-0.0417670749971923	9281730
2021-07-02	-0.04710991109158086	-0.021322088769039217	-0.013082589688578285	-0.0544688516740407	-0.04710991109158086	9227073
2021-07-05	0.0739273729372937	0.0488448448844884	0.13089110231023107	0.0429042904290429	0.0739273729372937	21415885
2021-07-06	-0.009342372636921439	0.005593140852977489	0.0424093984463934	-0.03534111927488235	-0.009342372636921439	13197354
2021-07-07	0.023948381732464857	-0.028353345318733108	0.03306863278000023	-0.04467053798668422	0.023948381732464857	12032607
2021-07-08	0.07543633378607806	-0.0002423230834723176	0.09415905028546624	-0.0002423230834723176	0.07543633378607806	18515548
2021-07-09	0.003098698430934256	-0.010873891180520217	0.01864892617474436	-0.03735423862318323	0.003098698430934256	12241059
2021-07-12	-0.011570417215192823	-0.005841344871317815	0.019827084580934542	-0.03617157522579773	-0.011570417215192823	14266433
2021-07-13	-0.045346040353359256	-0.011080787841363493	-0.00011358677380586816	-0.049892028637163986	-0.045346040353359256	11064486
2021-07-14	0.0	0.010654720238095296	0.020238059523809478	-0.019345238095238096	0.0	8941959
2021-07-15	-0.009523845238095283	-0.01624997619047619	0.0047023392857143435	-0.03505951785714279	-0.009523845238095283	8838488
2021-07-16	-0.059495158395258076	0.012439946362017321	0.03353366707453131	-0.061838902470152626	-0.059495158395258076	12256516
2021-07-19	-0.010862600638977612	-0.025559105431309903	-0.005878581469648514	-0.04581468370607024	-0.010862600638977612	8287023
2021-07-20	-0.010788100566122033	-0.005555561907838019	0.007687351272208908	-0.02532298400536848	-0.010788100566122033	6056366
2021-07-21	0.07751580103455223	0.007314013997452613	0.10827402506778458	0.0024162149018410123	0.07751580103455223	14157193
2021-07-22	0.15757575757575756	0.015757612121212166	0.17757577575757577	-0.0019394363636363874	0.15757575757575756	22108561
2021-07-23	0.031623000000000054	0.02256543455497386	0.08900523560209424	0.011937167539267034	0.031623000000000054	19187691
2021-07-26	0.08049127874258492	0.015022366550733638	0.09114904404203866	-0.02557852811129571	0.08049127874258492	18134701
2021-07-27	-0.05608260843821349	-0.023015472701234517	0.08431194225397684	-0.07007984227561788	-0.05608260843821349	23889679
2021-07-28	-0.026423232558904112	-0.029657677111844402	0.009653597394629879	-0.08489257765601092	-0.026423232558904112	14894506
2021-07-29	0.15026838692364086	0.039969369996505105	0.15931517483205246	0.008433473297218764	0.15026838692364086	18924981
2021-07-30	0.021506313865723367	-0.022483883281707875	0.04407908406026545	-0.04465675568109192	0.021506313865723367	17059693
2021-08-02	-0.06998997811992677	-0.016921131919270613	-0.003871412431473319	-0.1196659016036621	-0.06998997811992677	16927511
2021-08-03	-0.12221704692866638	-0.029466805012158974	-0.02011226819299906	-0.13161832836831167	-0.12221704692866638	21321118
2021-08-04	0.03905793189170284	0.007086918602727366	0.05264562852502408	-0.010497154691715808	0.03905793189170284	13259893
2021-08-05	-0.02164103076923075	-0.016205148717948648	-5.1256410256428356e-05	-0.047640989743589796	-0.02164103076923075	8189350
2021-08-06	-0.0397316387447932	0.024111573666587595	0.03915505314579646	-0.06132716773942323	-0.0397316387447932	14536621
2021-08-09	-0.003820944385714134	-0.027838379276829292	0.002729257686614482	-0.04448686754072377	-0.003820944385714134	10442555
2021-08-10	-0.01068491506849313	5.476712328769057e-05	0.019178082191780823	-0.03901367123287665	-0.01068491506849313	9406174
2021-08-11	0.009692605765284867	-0.0030462641421280055	0.038936576478483934	-0.016948202432320134	0.009692605765284867	9134268
2021-08-12	0.02024137103278047	-0.012616582348602615	0.046790997584350034	-0.020680219078219104	0.02024137103278047	10138860
2021-08-13	-0.07011133743450354	-0.016183713743112147	-0.006183176348642945	-0.07731600415839543	-0.07011133743450354	10226707
2021-08-16	0.008846481795544661	-0.008962145284107775	0.03978031291899942	-0.02283895385092141	0.008846481795544661	8740262
2021-08-17	-0.04172397505098523	-0.005731316041524897	0.01730859737066936	-0.04573587908610452	-0.04172397505098523	7941328
2021-08-18	0.004186585003347795	0.008612452307639651	0.02398331382745177	-0.012858816020194022	0.004186585003347795	7414774
2021-08-19	0.020726689245742433	-0.005360297987860515	0.05342466539933287	-0.011256694863252878	0.020726689245742433	9413801
2021-08-20	0.0176800029851789	0.002333959553799712	0.04825527342002342	0.0018671489710832075	0.0176800029851789	7447031
2021-08-23	0.04042201042550291	0.009173734093831092	0.048105033011753257	-0.01622614491769623	0.04042201042550291	8804029
2021-08-24	0.002975823758234561	-0.0036371871185918478	0.02805023588475897	-0.02016975564207923	0.002975823758234561	7824581
2021-08-25	-0.01917585164835163	0.018131884615384636	0.041153873626373606	-0.03186814835164837	-0.01917585164835163	9521555
2021-08-26	-0.03557218742849674	0.012156170863149665	0.0279536448365258	-0.04207044541119394	-0.03557218742849674	9233125
2021-08-27	0.006679797707253892	0.004879158808569809	0.027532469155844154	-0.006679884835504436	0.006679797707253892	6359090
2021-08-30	-0.08095320040336047	-0.0018463620315777214	0.019560319884141877	-0.08828113309423731	-0.08095320040336047	14959347
2021-08-31	0.03496990855706876	0.002009084643452339	0.03496990855706876	-0.026431391426615967	0.03496990855706876	11626173
2021-09-01	-0.039733107440711915	0.0009098816775292832	0.0009098816775292832	-0.06581744376763933	-0.039733107440711915	9391596
2021-09-02	-0.05369551382762766	-0.016993063480864195	-0.006127612012742642	-0.06317119273838548	-0.05369551382762766	10822054
2021-09-03	0.03150868428220256	0.0	0.05473963174753739	-0.0016688918223853439	0.03150868428220256	9273243
2021-09-06	0.04051252160205745	-0.009707480980909112	0.04827848697182276	-0.019868023042505255	0.04051252160205745	7944843
2021-09-07	-0.011071022584096443	-0.00491350917348872	0.012563776667270661	-0.019778536010564323	-0.011071022584096443	5336857
2021-09-08	0.0010063144654087201	0.009874257861635245	0.023018893081760923	-0.018867924528301886	0.0010063144654087201	5559405
2021-09-09	0.01671276032388148	-0.007288288331533258	0.032294539273824203	-0.02802215938622363	0.01671276032388148	7938827
2021-09-10	0.03398838068274215	-0.00488201684480214	0.05333079734695594	-0.022864984797584486	0.03398838068274215	10822841
2021-09-13	-0.056299382057759605	-0.013865687920990846	-0.009682105738855293	-0.05970598005055066	-0.056299382057759605	7491151
2021-09-14	-0.002659898771117069	-0.011969595135006712	0.028942414019344446	-0.014566105683322476	-0.002659898771117069	5791861
2021-09-15	0.004000539852693489	-0.0036830201595890785	0.021526537249848474	-0.015494050431649682	0.004000539852693489	4097439
2021-09-16	0.009993049079798446	-0.01271263669146396	0.022073271633209313	-0.01960664082217043	0.009993049079798446	6459584
2021-09-17	-0.04064127320882616	-0.010583016963078206	0.008829632302215232	-0.04064127320882616	-0.04064127320882616	5209791
2021-09-22	0.029699759067227684	-0.0001958159307274899	0.048694563616734216	-0.0036553394971672705	0.029699759067227684	4798861
2021-09-23	0.033343866877971494	0.008811404120443669	0.050332817749603756	-0.011727454833597512	0.033343866877971494	7295318
2021-09-24	-0.00036806332028908607	-6.131525861345821e-05	0.01625672707983325	-0.011042194069142896	-0.00036806332028908607	5100271
2021-09-27	-0.029825106409790133	0.0128874258279367	0.02915004656305701	-0.03178884992553879	-0.029825106409790133	5458880
2021-09-28	0.004491157049557964	-0.009994313618680905	0.03422103951473303	-0.018597014829452085	0.004491157049557964	5155050
2021-09-29	-0.020214149492175957	-0.010579395266132425	-0.003274584321009113	-0.03904280152941808	-0.020214149492175957	5677894
2021-09-30	-0.02435884759583135	0.001349746162343177	0.013818426989354655	-0.025644258002294733	-0.02435884759583135	6993456
2021-10-08	0.015678458188172713	0.016469037882693587	0.04321474222895771	0.011198925997386155	0.015678458188172713	5522744
2021-10-11	-0.027111124593188925	0.0011675185378949592	0.011804430423083519	-0.028408290302620473	-0.027111124593188925	5608526
2021-10-12	-0.03873332000000005	-0.003133339999999976	0.013133339999999976	-0.04746663333333326	-0.03873332000000005	6511381
2021-10-13	0.010472258679904891	0.0011096747193332789	0.024204112293444616	-0.00027746722688859016	0.010472258679904891	5992185
2021-10-14	-0.0033630062463213773	-0.0011667673541543898	0.012765964573081021	-0.01853120834312712	-0.0033630062463213773	4459198
2021-10-15	0.05963768048024403	0.00812610662569556	0.06011978912720528	-0.015081625882711997	0.05963768048024403	8484120
2021-10-18	-0.022031579321231468	-0.013387905809706314	-0.00461422644486342	-0.03528948577661289	-0.022031579321231468	4587389
2021-10-19	0.0027910553639301835	-0.0020600611924524994	0.015417378134433257	-0.008306751948611163	0.0027910553639301835	3357525
2021-10-20	-0.006958171250821818	0.0007289662317681147	0.013121345783486373	-0.012524844765732655	-0.006958171250821818	3530478
2021-10-21	0.0006672739138895238	0.0010009609208823948	0.02335668908815392	-0.010010009609208824	0.0006672739138895238	4344203
2021-10-22	0.04568193489193606	0.011670557085773066	0.057019027482874865	0.010670263634616862	0.04568193489193606	7660270
2021-10-25	0.004017793290475844	-0.0028061351503927755	0.006377550898388694	-0.025701523742955562	0.004017793290475844	5079251
2021-10-26	-0.015753008386400678	0.00012706600323611863	0.005335774867245304	-0.024010666125101103	-0.015753008386400678	4616844
2021-10-27	-0.028138116065920173	-0.007228105980537636	0.006582794577272564	-0.03878667387131349	-0.028138116065920173	5829193
2021-10-28	-0.047280663982486704	-0.030878505368975642	-0.001128879769676207	-0.04967126103117767	-0.047280663982486704	6066134
2021-10-29	0.08872932258500507	0.010664243321501083	0.09911480379790334	0.008294437803760733	0.08872932258500507	9853420
2021-11-01	0.005121658228969132	0.005121658228969132	0.01510884151937603	-0.0172855124958805	0.005121658228969132	4856145
2021-11-02	-0.0012738662420381925	0.005732445859872563	0.03757957961783435	-0.010000044585987286	-0.0012738662420381925	5923668
2021-11-03	0.002232085416477885	0.019132652695166084	0.03016579023917493	-0.016709247129287414	0.002232085416477885	4886397
2021-11-04	-0.0028634872235502357	0.005281591038431776	0.020044601465272798	-0.009863112053316305	-0.0028634872235502357	4219305
2021-11-05	0.0031270262245122857	0.020740268425148724	0.03541801599396332	-0.0011486471183531424	0.0031270262245122857	5552208
2021-11-08	-0.03314463982257595	-0.003117278413165212	-0.003117278413165212	-0.05127550669539391	-0.03314463982257595	5424671
2021-11-09	0.04092644534613619	0.004079550048152441	0.046519326135526444	-0.007895756228339395	0.04092644534613619	6748969
2021-11-10	0.0705436422985521	-0.013463906702855325	0.07724400272902658	-0.01643483596273386	0.0705436422985521	13680187
2021-11-11	0.023736442939676174	-0.019780384861948646	0.06672179341803366	-0.024090706045756385	0.023736442939676174	14822403
2021-11-12	-0.020129230011269306	-0.015457422555732507	0.012804250409382536	-0.029126790024028452	-0.020129230011269306	7065311
2021-11-15	-0.013008452604676235	0.010418535584310632	0.017128754000404787	-0.02778268896216779	-0.013008452604676235	6005636
2021-11-16	-0.026240423328261903	-0.00107343158107119	0.009959524509283654	-0.030295725262822433	-0.026240423328261903	5609659
2021-11-17	0.0054507533405851434	-0.0017148395499439197	0.013351347460505475	-0.01212638419969613	0.0054507533405851434	5218223
2021-11-18	0.0017055430554369848	-0.004690284518368577	0.008101370629242545	-0.02235486413297022	0.0017055430554369848	5191015
2021-11-19	0.0003040620304785034	-0.0033444999089905962	0.005716035373354204	-0.016235926109503016	0.0003040620304785034	4307674
2021-11-22	0.02790271124620069	-0.00303951367781155	0.03343465045592705	-0.00911854103343465	0.02790271124620069	6063379
2021-11-23	-0.02649473715760217	-0.005499982388077098	0.011295783577876401	-0.027145284218943463	-0.02649473715760217	6075435
2021-11-24	-0.013304191645075188	-0.007958192042049785	0.028977607502717894	-0.01889314732462708	-0.013304191645075188	5341356
2021-11-25	0.024504347057066212	0.0017855498311236141	0.029983961704026233	-0.004432957818408521	0.024504347057066212	5605259
2021-11-26	-0.02644227258806267	0.0036058054184786065	0.0036058054184786065	-0.036117759715784625	-0.02644227258806267	4930461
2021-11-29	-0.023456808641975333	-0.019135839506172887	-0.0030864197530864196	-0.024691358024691357	-0.023456808641975333	4183785
2021-11-30	0.011567648765505397	0.011378021707547844	0.03666247225023654	0.00505690907187567	0.011567648765505397	5307920
2021-12-01	0.0013122914535542351	-0.007061207317760536	0.021995900906054494	-0.008185952685033806	0.0013122914535542351	3962034
2021-12-02	-0.05161010822484685	0.0	0.006053432162586327	-0.056540262838858504	-0.05161010822484685	8170730
2021-12-03	0.032440567003746985	0.003487523830443376	0.038889280523200204	0.0019082318753160185	0.032440567003746985	6787949
2021-12-06	-0.024665361045201756	-0.0057360996457399005	0.005736195248038132	-0.02931798072599027	-0.024665361045201756	4471775
2021-12-07	-0.02568119339790361	0.005685127136411918	0.012154479593246193	-0.03901196522911822	-0.02568119339790361	5228010
2021-12-08	0.009657860107664932	0.005902011834929049	0.01938295696648053	0.00026822936546348156	0.009657860107664932	3926828
2021-12-09	0.009698465975084709	0.00019937559051164702	0.015344845937384876	-0.0062441015258981845	0.009698465975084709	4823038
2021-12-10	-0.013157894736842105	-0.006578947368421052	0.0	-0.01828946710526318	-0.013157894736842105	5915436
2021-12-13	-0.014933366666666644	0.0	0.00660003333333331	-0.019400026666666577	-0.014933366666666644	5437262
2021-12-14	0.00521118046870535	0.002842433772415819	0.014347658850421642	-0.005075798764070071	0.00521118046870535	3437041
2021-12-15	-0.022756379335867438	0.0028950919201176767	0.008213835644070773	-0.023900915800854503	-0.022756379335867438	4456269
2021-12-16	0.004478188266408136	0.004478188266408136	0.01667249810564933	-0.00482257684419881	0.004478188266408136	3339229
2021-12-17	-0.05281204966779045	-0.00548698891316212	0.0013717215081264175	-0.05329220740825362	-0.05281204966779045	7899285
2021-12-20	-0.03656772469655073	-0.01021002127979643	-0.003258595079279107	-0.04272272804970053	-0.03656772469655073	6247504
2021-12-21	-0.008493085114774566	-0.00022547162212392931	0.006463742808032726	-0.024201435004852997	-0.008493085114774566	4957351
2021-12-22	-0.01228013208429543	0.005230465512893796	0.009627077162326823	-0.013417253083948654	-0.01228013208429543	4192937
2021-12-23	-0.014198050325447863	-0.002225694499792147	0.0029162700786736916	-0.022026116146750947	-0.014198050325447863	5135010
2021-12-24	-0.02063054933352776	0.0006228260168819425	0.007318038318054556	-0.026235851138244892	-0.02063054933352776	4675015
2021-12-27	0.003020643807138884	0.001589801233947476	0.017090571929477556	-0.005484912428817723	0.003020643807138884	3891426
2021-12-28	-0.006498644793152718	0.0025360595974004848	0.009113980028530562	-0.019654485655412984	-0.006498644793152718	4333672
2021-12-29	-0.010449888238274608	0.00358963781437746	0.017070827879141475	-0.015634963180959104	-0.010449888238274608	4840007
2021-12-30	0.024909277914326202	-0.007900064299071485	0.030794033918725445	-0.008222522977286829	0.024909277914326202	6403025
2021-12-31	-0.0042472943546271675	0.000314621679366253	0.007865345350521717	-0.014629542351970597	-0.0042472943546271675	5056968
