2019-08-28	0.10126589041915672	0.16212715754917797	0.16212715754917797	0.16212715754917797	0.16212715754917797	6936108
2019-08-29	0.1011491955243186	0.16200425599220597	0.16200425599220597	0.16200425599220597	0.16200425599220597	12316022
2019-08-30	0.08141975667658911	0.14999656322866148	0.15660573887940096	0.057468104118309424	0.14118432902767555	1263079795
2019-09-02	-0.06370662820450125	0.00026076044264093125	0.010446715233299153	-0.04048305871999214	-0.011962385306149079	607334280
2019-09-03	0.0	0.04221016439940619	0.07484722591504529	0.022627927490022806	0.055264989005661715	440670783
2019-09-04	-0.018556780436562063	0.04438596850044875	0.04873757670253405	0.02697953569210792	0.03568275209627833	352130098
2019-09-05	0.01890764546197224	0.05748201781757422	0.09517005618843134	0.04418035721609539	0.0752175652862128	543308740
2019-09-06	-0.020618572402710086	0.04438596850044875	0.0465617726014913	0.02697953569210792	0.03350694799523578	320436641
2019-09-09	0.004210618454163349	0.061929837540286185	0.06415144807907334	0.05082178484635018	0.05970822700149883	224416567
2019-09-10	-0.010482298097071942	0.050840318287364836	0.05305261369428556	0.04199113665968176	0.04420343206660248	204260973
2019-09-11	-0.023305036431236683	0.05526503473208113	0.05973649674365785	0.028436262662621416	0.030671993668409874	291312675
2019-09-12	-0.015184370358178987	0.05526498253090086	0.05526498253090086	0.03237420199877708	0.03924143615841423	178461143
2019-09-16	0.008810532753077131	0.05758934247462424	0.07618431992472754	0.052940598112098516	0.06456245901841302	138106658
2019-09-17	-0.02838432475250819	0.048352795830182434	0.05065686790893004	0.023008002963958375	0.025312075042705977	157252707
2019-09-18	-0.01797744815565746	0.05526506124094439	0.060007825561128304	0.033922621800116334	0.03629400396020829	133889453
2019-09-19	0.0022882587886428043	0.05285018135102901	0.06250935732672654	0.04802059336318014	0.05767976933887766	82992246
2019-09-20	-0.004566069229242243	0.05526504981429252	0.05767433074994154	0.048037207007345255	0.050446487942994486	76214931
2019-09-23	-0.029816558171235494	0.052844568193347735	0.052844568193347735	0.018959915423906733	0.02380058010525557	120165612
2019-09-24	0.05673733033435185	0.05526494883836039	0.15754831267375682	0.05277023264725299	0.11513813742493385	298493929
2019-09-25	-0.03579402922919376	0.038739800873580185	0.038739800873580185	0.015132078126453242	0.017492850401165872	139227380
2019-09-26	-0.02088151601676867	0.05281662725541475	0.06505868106071022	0.030780930405882846	0.03322934116694189	98897938
2019-09-27	0.0023695947682869055	0.06026612679782631	0.06526738211291029	0.05276424382520012	0.05776549914028432	63641814
2019-09-30	-0.007092228659698767	0.05526494883836039	0.060254381220574756	0.04778080026503863	0.04778080026503863	50696980
2019-10-08	-0.014285775304437684	0.05526498080548375	0.06029005214265261	0.03767723112539228	0.04018976679397671	73728526
2019-10-09	-0.004830768877837797	0.05016714735603851	0.05781399551639808	0.03487345103531938	0.05016714735603851	68590495
2019-10-10	0.016990276963490626	0.05270356559150036	0.09368472629579216	0.050142243047481945	0.07319414594364637	95113550
2019-10-11	0.0	0.050227838996294474	0.060301966948297314	0.04770930700829382	0.055264902972296005	65329444
2019-10-14	0.007159934588687217	0.06282049893629796	0.0678575629122995	0.055264902972296005	0.06282049893629796	75330751
2019-10-15	-0.014218318798018357	0.05276424382520012	0.05526487148274211	0.037760477879947955	0.04026110553748995	61814233
2019-10-16	-0.00961508948065471	0.057801897803145895	0.0628752882002834	0.042581726611733824	0.04511842181030247	49628719
2019-10-17	-0.007281583860389489	0.05526488813551856	0.057826210679536756	0.04501959795944556	0.04758092050346375	47577886
2019-10-18	-0.00977990631105181	0.057845030347251726	0.060425140177367144	0.042364371366560336	0.044944481196675524	53127561
2019-10-21	-0.014814876577002176	0.055264872785865296	0.05787046506434886	0.02920895000102921	0.03963131911496369	68160808
2019-10-22	0.0	0.05262016465835728	0.05526493894141855	0.04468584180917374	0.05526493894141855	41995321
2019-10-23	-0.007518828809314693	0.05526493894141855	0.05526493894141855	0.04468584180917374	0.04733061609223488	39683853
2019-10-24	0.0101009643416372	0.05792978330826638	0.09257232029317168	0.04993535169636506	0.06592421492016759	91287957
2019-10-25	-0.004999845667490762	0.04998869547346709	0.052626858024908026	0.04207420781914453	0.04998869547346709	46627011
2019-10-28	0.010050204623279806	0.055264856896275194	0.07382479156530512	0.0526134376578424	0.06587053385000649	54634857
2019-10-29	-0.014925435821781002	0.05526490561679169	0.05526490561679169	0.03951468314489938	0.03951468314489938	49632932
2019-10-30	-0.025252544094619942	0.052600162233665544	0.055264972770965905	0.028616867397961692	0.028616867397961692	72691605
2019-10-31	0.002590593542817054	0.06073268743460973	0.06893422883230008	0.05526499316948287	0.057998840302046356	45566945
2019-11-01	-0.0025838997089158494	0.052538294260803156	0.0552650774065566	0.03890437853203632	0.052538294260803156	48826589
2019-11-04	-0.0025905935428171753	0.052531146036919496	0.06073268743460973	0.04979729890435601	0.052531146036919496	40276725
2019-11-05	-0.002597596243585828	0.05526490849482776	0.058005856309099976	0.04704206505201085	0.05252396068055541	42382722
2019-11-06	-0.015624793893532527	0.0552651133750456	0.0552651133750456	0.03328042351306547	0.0387765959785605	57706712
2019-11-07	-0.007936541171103954	0.052473186361175865	0.05526489242579431	0.04409806816732041	0.04688977423193886	45655296
2019-11-08	0.0026665841214990565	0.0608930073924826	0.06370704719988965	0.05526492777766836	0.05807896758507542	42462539
2019-11-11	-0.03457452332051497	0.049651902872959	0.05245845876299359	0.01597323219254318	0.01877978808257777	71125927
2019-11-12	-0.016528706989226975	0.05817214135086731	0.06107920767325974	0.0261944118045498	0.03782267709411978	58784262
2019-11-13	-0.025210188360340037	0.05230891651495393	0.05230891651495393	0.025705601209800647	0.028661525132595397	68006510
2019-11-14	0.025862178758244155	0.052232582821620806	0.11287999393525881	0.040103100598893174	0.08255628837843974	118518997
2019-11-15	-0.02801122186958048	0.04344114474656942	0.04935299259215905	0.025705601209800647	0.025705601209800647	58327374
2019-11-18	0.0	0.055264859315251796	0.06438818662921644	0.046141532001287004	0.055264859315251796	33994964
2019-11-19	0.014409079048765438	0.055264859315251796	0.08263484125714589	0.049182641105941984	0.07047040483852626	53062913
2019-11-20	0.002840821367917191	0.05226709596765845	0.0672566557392776	0.0492691840133347	0.05826291987630608	43409857
2019-11-21	0.019830015625696074	0.052275680683357445	0.0881487152521083	0.04629684158856563	0.07619103706252468	82237342
2019-11-22	0.002777985410959795	0.05526511337504558	0.0728528652646297	0.04940252941185088	0.058196405356642875	71880055
2019-11-25	0.008310284126418991	0.05526489487398492	0.06988075214370779	0.0464953805121513	0.06403440923581866	58004951
2019-11-26	-0.019230752505311935	0.05526485843361005	0.05816393771502101	0.0320722241823219	0.03497130346373285	51947200
2019-11-27	-0.008403396120113388	0.04935299259215905	0.05822076436054357	0.0463970686693643	0.0463970686693643	38087122
2019-11-28	-0.011299382819095363	0.05824585167626144	0.06122682590633548	0.040360006295817694	0.04334098052589161	39932075
2019-11-29	-0.0028573556329885303	0.049234737026498915	0.05526482172205351	0.04320465233094432	0.05224977937427628	30243558
2019-12-02	-0.005730482283339596	0.05828872898314176	0.06131241106595067	0.04619400065190585	0.04921768273471489	27387072
2019-12-03	0.011527324061194505	0.049182641105941984	0.07655262304783607	0.049182641105941984	0.06742929573387128	33665109
2019-12-04	0.0	0.05225846233771537	0.0612778205863243	0.046245556838642704	0.055264915087251634	27257559
2019-12-05	0.002848914625460571	0.055264915087251634	0.0612778205863243	0.05225846233771537	0.05827136783678803	35910872
2019-12-06	0.002840821367917191	0.055265007921982336	0.06126083183062996	0.05226709596765845	0.05826291987630608	27778556
2019-12-09	-0.002832773963112302	0.05825451977814925	0.06124393932554509	0.052275680683357445	0.052275680683357445	32880744
2019-12-10	0.01704552778989436	0.05826291987630608	0.07625039160224897	0.05226709596765845	0.07325247964792522	75361788
2019-12-11	-0.005586714037647083	0.05526493192509504	0.05526493192509504	0.046421929702258974	0.049369597109871044	38984448
2019-12-12	-0.008427002928656979	0.05526506124094433	0.05822928894105928	0.046372378140599226	0.046372378140599226	33431472
2019-12-13	0.00849862083129182	0.052275680683357445	0.06423335887294106	0.052275680683357445	0.06423335887294106	40781129
2019-12-16	0.011235905097286043	0.05526506124094433	0.07008619974151935	0.052300833540829254	0.0671219720414044	62976199
2019-12-17	0.027777802205210936	0.058196405356642875	0.09337190913581109	0.05526511337504558	0.0845780331910191	134921804
2019-12-18	-0.005405238906311877	0.05241302048811424	0.060969223906716864	0.04670888487571253	0.04956095268191345	79296906
2019-12-19	0.002717307147469778	0.06100004702811023	0.06386761472278074	0.05239734394409846	0.058132479333439596	48232199
2019-12-20	0.0	0.05526500020590539	0.07528357744558377	0.052405203457379965	0.05526500020590539	60020629
2019-12-23	-0.02710029192805207	0.05526500020590539	0.05812479695443095	0.026667032720650477	0.026667032720650477	59802401
2019-12-24	0.005571152640411307	0.05526502290277833	0.06702285045601264	0.05232556601446981	0.06114393667939548	32273478
2019-12-25	-0.008310284126418991	0.05526489487398492	0.05526489487398492	0.0464953805121513	0.0464953805121513	36657781
2019-12-26	0.0055864192709062805	0.05526493192509504	0.06705560155554303	0.05526493192509504	0.06116026674031904	29477934
2019-12-27	-0.0027776922817617246	0.058196405356642875	0.061127697338240285	0.052333821393448166	0.052333821393448166	42170409
2019-12-30	0.0027854293473612824	0.05232556601446981	0.05820447979108697	0.0405677384612355	0.05820447979108697	44174774
2019-12-31	0.0	0.05526511337504558	0.05526511337504558	0.04647123743025346	0.05526511337504558	33889368
2020-01-02	0.013889047667204503	0.061127697338240285	0.07578415724622697	0.058196405356642875	0.06992157328303228	80605263
2020-01-03	0.005479571660729652	0.05815608496126025	0.06393835864957316	0.049482674428790833	0.06104722180541664	65144833
2020-01-06	0.0	0.04951406061303127	0.06101558456495491	0.046638679625050423	0.05526482258899309	69797283
2020-01-07	0.008174133072632223	0.05238944160101224	0.0696417275288977	0.05238944160101224	0.06389096555293589	64709272
2020-01-08	-0.018918906585652824	0.05241302048811424	0.05241302048811424	0.03530061365090911	0.03530061365090911	69048626
2020-01-09	0.024793496543788884	0.06689334031804473	0.08724280457479226	0.06107920767325974	0.08142867193000727	122164173
2020-01-10	-0.010752639368021063	0.05526496369973635	0.05526496369973635	0.038244561059418015	0.04391802860619079	59672645
2020-01-13	0.002717307147469778	0.055264911638769086	0.058132479333439596	0.04952977624942795	0.058132479333439596	37486254
2020-01-14	0.002709943398902828	0.052405203457379965	0.06384439045148194	0.04954540670885441	0.05812479695443095	57033846
2020-01-15	-0.008107858359467878	0.05526508829431516	0.05526508829431516	0.04385681706951174	0.04670888487571253	34953288
2020-01-16	-0.008174420610730806	0.05526482258899309	0.05814020357697406	0.043763298637069445	0.046638679625050423	33676900
2020-01-17	-0.002747457434993337	0.05526485843361005	0.06106301699643209	0.05236577915219896	0.05236577915219896	24834861
2020-01-20	0.01101952560166098	0.05526507502847475	0.06689334031804473	0.05526507502847475	0.06689334031804473	35437216
2020-01-21	0.005449422048421439	0.05526482258899309	0.08114325148082122	0.043763298637069445	0.06101558456495491	83876101
2020-01-22	-0.008130116176383123	0.04954540670885441	0.052405203457379965	0.03810621971475244	0.04668560996032898	46153676
2020-01-23	-0.024589981959581036	0.04949856169682014	0.05238179950367947	0.012016470207647893	0.029315897048804284	74227884
2020-02-03	-0.10084045784896821	-0.05114842078286459	-0.05114842078286459	-0.05114842078286459	-0.05114842078286459	26783100
2020-02-04	-0.01869166866651985	-0.030208192932683234	0.048690123574488216	-0.030208192932683234	0.035540404156626286	90058687
2020-02-05	0.015873196669248524	0.05526506918518797	0.08206545189465309	0.05526506918518797	0.07201530837860375	59779020
2020-02-06	0.012499942290201752	0.05526488137833423	0.07175339514987064	0.04537177311541226	0.06845569239556341	67988759
2020-02-07	-0.0030863242549063526	0.04875096040509151	0.05526494152562004	0.04223697928456299	0.0520079509653557	54471578
2020-02-10	0.009287637425375916	0.051997766628343885	0.06506606186596293	0.045463619009534294	0.06506606186596293	47687544
2020-02-11	0.006135104366046156	0.0552651418409067	0.08763523821639467	0.04879112256580925	0.06173916111600429	67368657
2020-02-12	0.006097694374665475	0.04883045752172299	0.0616995428900877	0.04883045752172299	0.0616995428900877	46769389
2020-02-13	-0.012121475695171713	0.05206708798382693	0.05206708798382693	0.03927599876821808	0.04247377107212022	43016140
2020-02-14	-0.003067390332541322	0.0552651418409067	0.05850215147845557	0.04879112256580925	0.052028132203357974	33058607
2020-02-17	0.01538479022142716	0.058512011351404866	0.07474685815127313	0.055265041991431306	0.07149988879129943	68917076
2020-02-18	0.006060418070355493	0.05526486028772907	0.06485817719943578	0.05206708798382693	0.06166040489553349	62522744
2020-02-19	-0.006023910653377556	0.055265057472214156	0.055265057472214156	0.04890803905370684	0.04890803905370684	47681076
2020-02-20	0.030303049683468485	0.05526486028772907	0.10003367254236004	0.05206708798382693	0.0872425833267512	113334372
2020-02-21	-0.008823565926119058	0.04905740019987953	0.05216112031881416	0.042849959962010416	0.045953680080945046	86475726
2020-02-24	0.011869381379929444	0.05839622910332856	0.0803156776350544	0.05839622910332856	0.06779027847406824	75491234
2020-02-25	-0.017595382333936465	0.039791843575695623	0.04288646215776622	0.024318750665343062	0.03669722499362516	85321065
2020-02-26	0.0	0.052114971596045695	0.06786519572173509	0.03951479229549424	0.05526501642118363	79712547
2020-02-27	-0.0358207347290552	0.0017142543938400074	0.03321470264521851	-0.0077358800815736555	0.01746447851952926	362537652
2020-02-28	-0.04334394152199259	0.025861176153105507	0.035662397581319824	0.006258733296676722	0.009525807106081446	162235742
2020-03-02	0.025890196415923473	0.05526515842296258	0.08258593922355711	0.05526515842296258	0.08258593922355711	106138377
2020-03-03	0.006309285831986436	0.06525165738177789	0.071909480240414	0.05526492309382364	0.06192274595245975	112450399
2020-03-04	0.0	0.04864869871628198	0.05526477883436579	0.04203261859819818	0.05526477883436579	81860332
2020-03-05	0.015673824603746462	0.05857281889340776	0.0751130191886172	0.05526477883436579	0.07180497912957537	138488554
2020-03-06	-0.006172974208868922	0.04549396984482718	0.05526494152562004	0.038979988724298656	0.04875096040509151	102737406
2020-03-09	-0.018633294072228614	0.03560175999863679	0.0454334222771048	0.02904731847965807	0.03560175999863679	99569534
2020-03-10	0.0	0.03856759154839742	0.058604265340327935	0.03188870028442058	0.055264819708339595	88840040
2020-03-11	-0.00949370998717988	0.055264819708339595	0.058604265340327935	0.04524648281237426	0.04524648281237426	62714593
2020-03-12	-0.009584704390980702	0.05189340813464245	0.05189340813464245	0.038407595209839336	0.04515050167224089	59739775
2020-03-13	-0.016129213442985506	0.02122410048028177	0.04505266282482162	0.007607779140544665	0.03824450215495307	81205062
2020-03-16	-0.016393283808531358	0.062184869297632804	0.06564475486537762	0.034505784755675076	0.03796567032341973	64551754
2020-03-17	-0.006666460303747485	0.05526492777766839	0.06581757705544501	0.027124529703597213	0.0482298282591506	63251329
2020-03-18	-0.010067508612093098	0.05880586528873191	0.06588817876892394	0.04464123832834753	0.04464123832834753	52759641
2020-03-19	-0.006779452449753311	0.051687959174474996	0.05884229903280477	0.03737927945781546	0.04811078924531019	62609796
2020-03-20	0.006825727142349862	0.05886649422269474	0.0660696676527811	0.05166332079260838	0.06246808093773801	43859044
2020-03-23	-0.016948988841376165	0.040956449386980426	0.04811078924531019	0.033802109528650655	0.03737927945781546	45528982
2020-03-24	0.006896702297020776	0.06254264271093928	0.06618148737775764	0.051626108710484495	0.06254264271093928	38422377
2020-03-25	0.013698565779497308	0.06610655716969309	0.06972047770247164	0.062492636636914387	0.06972047770247164	46200647
2020-03-26	-0.010135177289844552	0.05526486256779452	0.05526486256779452	0.03743944259198724	0.04456961058231018	48497909
2020-03-27	0.0034128635711748513	0.05886649422269474	0.06967125436782437	0.05166332079260838	0.05886649422269474	42148971
2020-03-30	-0.006802511100023919	0.048086345086018514	0.05167568188425838	0.04090767148953893	0.048086345086018514	47004836
2020-03-31	-0.006849463585775399	0.05887871610413584	0.062492636636914387	0.048036954505799895	0.048036954505799895	26965071
2020-04-01	0.0034481692062771027	0.0552649533773027	0.06254264271093928	0.0552649533773027	0.05890379804412107	26933547
2020-04-02	0.0068730030196535955	0.04801238467784133	0.0625177464034862	0.04438604424643003	0.0625177464034862	38962092
2020-04-03	-0.006826087301021257	0.05166332079260838	0.05166332079260838	0.04085856064747891	0.048061734077565275	26784700
2020-04-07	0.01374564340526416	0.0588914059720749	0.07339676769771977	0.055265065540663766	0.06977042726630864	57141488
2020-04-08	-0.006779452449753311	0.04811078924531019	0.051687959174474996	0.044533619316145225	0.04811078924531019	35773676
2020-04-09	0.0034128635711748513	0.05886649422269474	0.05886649422269474	0.05526490750765164	0.05886649422269474	27906705
2020-04-10	-0.010204125583715752	0.0552650186824981	0.0552650186824981	0.04090767148953893	0.0444970082877788	33092388
2020-04-13	-0.003436320192805363	0.055265065540663766	0.055265065540663766	0.04801238467784133	0.051638725109252465	26347449
2020-04-14	0.006896702297020776	0.0552649533773027	0.06254264271093928	0.051626108710484495	0.06254264271093928	24113533
2020-04-15	-0.003424912488914283	0.05526479557135714	0.05526479557135714	0.048036954505799895	0.0516508750385786	22974912
2020-04-16	0.0068730030196535955	0.051638725109252465	0.07339676769771977	0.04801238467784133	0.0625177464034862	63486896
2020-04-17	-0.0034128635711748513	0.05526490750765164	0.05886649422269474	0.048061734077565275	0.05166332079260838	40580300
2020-04-20	-0.003424912488914283	0.0516508750385786	0.05526479557135714	0.0516508750385786	0.0516508750385786	18838207
2020-04-21	-0.003436320192805363	0.055265065540663766	0.0588914059720749	0.04801238467784133	0.051638725109252465	35595824
2020-04-22	0.0034481692062771027	0.051626108710484495	0.05890379804412107	0.04798726404366612	0.05890379804412107	24436129
2020-04-23	-0.003436320192805363	0.055265065540663766	0.055265065540663766	0.04801238467784133	0.051638725109252465	25894343
2020-04-24	-0.003448169206276941	0.0552649533773027	0.05890379804412107	0.04798726404366612	0.051626108710484495	29135524
2020-04-27	-0.003460465360840311	0.05161340500370795	0.05891627587178926	0.05161340500370795	0.05161340500370795	22152029
2020-04-28	-0.010416712468103892	0.05892922835204229	0.0625933433290389	0.025952193559072006	0.04427276844405553	46557926
2020-04-29	-0.010525992291750788	0.047859792657057684	0.05526516221647153	0.044157107877350686	0.044157107877350686	26445351
2020-04-30	0.01063796745518395	0.06274896484882943	0.07023311248860993	0.059006891028939266	0.06649103866871976	34244548
2020-05-06	0.0	0.047859792657057684	0.06267053177588537	0.044157107877350686	0.05526516221647153	34095325
2020-05-07	0.0	0.058967846996178366	0.058967846996178366	0.05156247743676452	0.05526516221647153	26065083
2020-05-08	0.02456175948618585	0.05526516221647153	0.09969737957295458	0.05156247743676452	0.0811839556744199	102782529
2020-05-11	-0.003424912488914283	0.048036954505799895	0.062492636636914387	0.048036954505799895	0.0516508750385786	52968775
2020-05-12	0.0	0.0588914059720749	0.0588914059720749	0.04438604424643003	0.055265065540663766	33804409
2020-05-13	-0.0068726403856105645	0.04801238467784133	0.051638725109252465	0.04438604424643003	0.04801238467784133	23990755
2020-05-14	-0.00692056557813733	0.05526484043774869	0.05526484043774869	0.04431053413562664	0.047961969569667376	31226429
2020-05-15	0.0	0.05894188173972385	0.05894188173972385	0.04791123713826847	0.05526500020590545	21275681
2020-05-18	-0.00348421294144633	0.05526500020590545	0.05526500020590545	0.04791123713826847	0.051588118672086875	22856388
2020-05-19	0.0034963951265948217	0.05895462360989146	0.05895462360989146	0.05526488624539698	0.05895462360989146	17691024
2020-05-20	-0.010453006512492587	0.05526500020590545	0.05526500020590545	0.044234355604449896	0.044234355604449896	21232053
2020-05-21	0.0	0.05898077002393306	0.06269649202401695	0.0515493260237651	0.055265048023848996	25811818
2020-05-22	-0.007042036334559015	0.055265048023848996	0.055265048023848996	0.04411788202359714	0.04783360402368104	29675485
2020-05-25	0.0	0.05152274338915877	0.059006891028939266	0.04778066956926844	0.05526481720904894	20202840
2020-05-26	0.007091978303455856	0.05526481720904894	0.06649103866871976	0.05526481720904894	0.06274896484882943	18377914
2020-05-27	-0.0035210181672795074	0.055265048023848996	0.055265048023848996	0.04783360402368104	0.0515493260237651	16560978
2020-05-28	0.0	0.05526493302423643	0.0627226357311215	0.04780723031735136	0.05526493302423643	20202213
2020-05-29	0.0	0.05526493302423643	0.05526493302423643	0.04780723031735136	0.05526493302423643	13406247
2020-06-01	0.007066919085044315	0.05526493302423643	0.06645148708456394	0.05153608167079381	0.0627226357311215	33431346
2020-06-02	0.028070423583436057	0.05526516221647153	0.09229201001354073	0.05526516221647153	0.0848866404541269	105577112
2020-06-03	-0.010238950872196268	0.05166332079260838	0.05526490750765164	0.04085856064747891	0.04446014736252201	54942381
2020-06-04	0.0034481692062771027	0.05890379804412107	0.05890379804412107	0.051626108710484495	0.05890379804412107	32182399
2020-06-05	0.0034366828268483935	0.055265065540663766	0.0625177464034862	0.051638725109252465	0.0588914059720749	41687651
2020-06-08	0.00684910219372191	0.05887871610413584	0.06610655716969309	0.05526479557135714	0.062492636636914387	48986891
2020-06-09	0.0	0.05885435548073797	0.06244369227897768	0.05167568188425838	0.0552650186824981	30317585
2020-06-10	0.013605740067407744	0.05885435548073797	0.06962236587545727	0.05167568188425838	0.06962236587545727	57890029
2020-06-11	0.02013395487716449	0.05526470854863574	0.09067627594959671	0.05172355180853972	0.07651164898921231	140700953
2020-06-12	0.016447207418235073	0.041379925596875526	0.08303512262075058	0.034437392759563014	0.07262132336478175	183597961
2020-06-15	0.0	0.031359475222442444	0.062095353623111214	0.031359475222442444	0.05526515842296258	108550517
2020-06-16	-0.0032361464858303565	0.05526515842296258	0.058680256023036975	0.03818967042259108	0.051850060822888344	64301549
2020-06-17	-0.016233608273278056	0.051838867878759576	0.051838867878759576	0.03128175645441898	0.03813412692919918	52008347
2020-06-18	-0.0033005760074557976	0.048299438898595976	0.058747606063698346	0.048299438898595976	0.05178216128696348	28409319
2020-06-19	0.003311505884326153	0.062253654991194514	0.062253654991194514	0.05526514410309454	0.05875939954714445	34265820
2020-06-22	-0.0066008037426727095	0.055264883675330834	0.058747606063698346	0.048299438898595976	0.048299438898595976	36602567
2020-06-23	-0.009966469917584271	0.055265036299714784	0.05877090020768734	0.04124158066782503	0.04474744457579743	33380200
2020-06-24	0.0	0.05172355180853972	0.05880586528873191	0.05172355180853972	0.05526470854863574	20095890
2020-06-29	-0.010067508612093098	0.05526470854863574	0.05526470854863574	0.041100081588251354	0.04464123832834753	26596872
2020-06-30	0.0033900839418695428	0.05884229903280477	0.062419468961969725	0.05526512910363996	0.05884229903280477	20566188
2020-07-01	0.0033782735938149423	0.05169977857263312	0.058829946562956065	0.04813469457747157	0.058829946562956065	29697997
2020-07-02	0.013467952455516425	0.051711892054565424	0.0730303763529688	0.04815881133816494	0.06947729563656815	48851906
2020-07-03	0.016611133782364267	0.05877090020768734	0.07630021974754965	0.05877090020768734	0.07279435583957725	62683587
2020-07-06	0.05555591957223839	0.058713783453372644	0.11733962813971589	0.058713783453372644	0.11389104904051915	185393632
2020-07-07	-0.009287964132756902	0.07813435710358212	0.09446972615060618	0.045463619009534294	0.045463619009534294	171511666
2020-07-08	0.012499942290201752	0.04866947586971963	0.07175339514987064	0.04537177311541226	0.06845569239556341	101298624
2020-07-09	0.015431946973588125	0.05852193208588423	0.07154989432694128	0.04875096040509151	0.07154989432694128	117392543
2020-07-10	-0.01991275619847971	0.0360201430541745	0.0360201430541745	0.010360201430541673	0.010360201430541673	110730244
2020-07-13	0.012698249584862984	0.02434270252367932	0.0472513252638256	0.021070042132229932	0.04397866487237606	90340818
2020-07-14	0.012539349066819977	0.03411981376794816	0.05997280911214674	0.024424940513873564	0.04381468702202261	152714534
2020-07-15	-0.024767802845697726	0.027696418477981728	0.03407962604616795	0.0021635882052368194	0.005355191989329862	92985196
2020-07-16	-0.02539682643576516	0.034160683698027765	0.04070600448092668	0.0014340797835331865	0.004706740174982572	76502837
2020-07-17	-0.006514742202440291	0.03424596585309342	0.04096184874824338	0.014098317167643527	0.024172141510368398	48132264
2020-07-20	0.026229511521273244	0.0342680728205843	0.06130776099890026	0.030888111798294732	0.05792779997661068	61283958
2020-07-21	-0.006389859486327961	0.034181680690148285	0.037475252921645504	0.02100739176415912	0.02430096399565634	41141960
2020-07-22	0.0	0.03420294774358137	0.04083245381886074	0.02094393559302262	0.030888194705941608	48545325
2020-07-23	0.0	0.024258688630662235	0.05409146596941949	0.0076849234424638735	0.030888194705941608	91124606
2020-07-24	-0.025723146522691382	0.027573441668301994	0.027573441668301994	0.0010554173671845004	0.004370170404824113	68141621
2020-07-27	-0.006600744280613872	0.030887849608772815	0.03769238987021687	0.020681039216606814	0.024083309347328764	34681958
2020-07-28	0.0033221305611010163	0.0343128138685594	0.041162567602788275	0.030887937001444887	0.0343128138685594	27458275
2020-07-29	0.013245204919725567	0.030888069109097648	0.044542215719814184	0.02747453245641844	0.044542215719814184	33171498
2020-07-30	-0.006536031384809302	0.02751897962311944	0.03425680899769728	0.020781150248541602	0.024150064935830596	28510304
2020-07-31	0.0032893465187523417	0.030887981134750022	0.04106121779068499	0.027496902249438265	0.034279060020061626	36115211
2020-08-03	0.006557462379343917	0.0342680728205843	0.04102799486516329	0.027508150776005314	0.03764803384287372	54894469
2020-08-04	-0.003257203204147743	0.03424596585309342	0.03424596585309342	0.024172141510368398	0.027530082957943455	40456714
2020-08-05	-0.003268184138139039	0.03425680899769728	0.03425680899769728	0.020781150248541602	0.02751897962311944	39287162
2020-08-06	-0.0032785621916208204	0.027508150776005314	0.030888111798294732	0.024128189753715744	0.027508150776005314	37018066
2020-08-07	-0.003289346518752191	0.030887981134750022	0.030887981134750022	0.020714744478814905	0.027496902249438265	42575797
2020-08-10	0.009900946307414098	0.030887849608772815	0.05130147039310497	0.024083309347328764	0.04109466000093897	73770216
2020-08-11	0.003267847246670263	0.030887894310408434	0.05110138243414195	0.02751897962311944	0.03425680899769728	104535648
2020-08-12	-0.009771945406588035	0.024172141510368398	0.027530082957943455	0.01074037572006847	0.02081420006279349	63583857
2020-08-13	0.0	0.030887981134750022	0.034279060020061626	0.027496902249438265	0.030887981134750022	33281010
2020-08-14	0.0	0.030887981134750022	0.034279060020061626	0.02410582336412666	0.030887981134750022	27700571
2020-08-17	0.006579032145393262	0.030887981134750022	0.04445229667599675	0.027496902249438265	0.037670138905373386	45195066
2020-08-18	0.009803878631479416	0.03425680899769728	0.047732467746852955	0.02751897962311944	0.04099463837227512	61919510
2020-08-19	0.006472241423946521	0.02755173122449477	0.04756897274185508	0.017543110465814544	0.037560351983174846	98273863
2020-08-20	-0.012861573261345691	0.024258688630662235	0.024258688630662235	0.010999676480103486	0.01762918255538286	52658887
2020-08-21	0.0	0.03088802440551836	0.03760390730066832	0.027530082957943455	0.03088802440551836	34100807
2020-08-24	-0.013029148610735628	0.03088802440551836	0.03088802440551836	0.017456258615218434	0.017456258615218434	39274030
2020-08-25	-0.003300542253813496	0.030887849608772815	0.03769238987021687	0.024083309347328764	0.027485579478050866	40291902
2020-08-26	-0.00993373301296148	0.030888069109097648	0.03430160576177671	0.017233922498381113	0.020647459151060324	38751399
2020-08-27	0.013378099387259465	0.034335811601937855	0.048126955756630375	0.034335811601937855	0.044679169717957164	45063898
2020-08-28	0.0	0.03429011973949492	0.03769238987021687	0.020681039216606814	0.030887849608772815	70496818
2020-08-31	-0.006600744280613872	0.027485579478050866	0.03429011973949492	0.024083309347328764	0.024083309347328764	51151090
2020-09-01	-0.0033224730487877757	0.030887937001444887	0.0343128138685594	0.02403818326721616	0.027463060134330523	44903931
2020-09-02	0.0	0.03432445211730682	0.03432445211730682	0.024015570534742365	0.030888158256452053	60839130
2020-09-03	0.010000302393859895	0.03432445211730682	0.054942215282435876	0.03432445211730682	0.04119703983901651	104653295
2020-09-04	-0.00990128653442737	0.017278769085884865	0.024083309347328764	0.013876498955162762	0.020681039216606814	50853848
2020-09-07	-0.00999995876447361	0.030888158256452053	0.03432445211730682	0.0205792766738876	0.0205792766738876	54292922
2020-09-08	0.010100968028237248	0.034359119073130925	0.04477213033896774	0.030888115317852034	0.041301126583688855	52101567
2020-09-09	0.006666753719444553	0.027451864395597287	0.04463333369987143	0.024015570534742365	0.03776074597816174	88989118
2020-09-10	-0.01986746602592311	0.02747453245641844	0.030888069109097648	0.006993312540343785	0.010406849193022844	71980000
2020-09-11	-0.003378247776015918	0.023922521802758393	0.030887981134749953	0.02043979213676269	0.02740525146875425	28079182
2020-09-14	0.0	0.030887846041967367	0.034382381113295994	0.027393310970638584	0.030887846041967367	25128731
2020-09-15	-0.006779747491884739	0.030887846041967367	0.034382381113295994	0.023898775899309953	0.023898775899309953	27631315
2020-09-16	0.00682602622607048	0.034406324655813544	0.04144310237456058	0.02736954693706651	0.03792471351518714	24138589
2020-09-17	-0.006779747491884739	0.027393310970638584	0.030887846041967367	0.02040424082798117	0.023898775899309953	30578862
2020-09-18	0.00682602622607048	0.030887935796440107	0.04144310237456058	0.02736954693706651	0.03792471351518714	42784137
2020-09-21	-0.003390048472695883	0.034382381113295994	0.034382381113295994	0.023898775899309953	0.027393310970638584	26300000
2020-09-22	-0.010204038696873415	0.02738164949104284	0.03088807150295759	0.016862383455298287	0.020368805467213192	29159944
2020-09-23	-0.0034362934226155727	0.030888026784667417	0.03443059732344626	0.027345456245888407	0.027345456245888407	20517000
2020-09-24	-0.01034513771062549	0.03444267534603184	0.03444267534603184	0.016668746216374843	0.020223532042306307	32900275
2020-09-25	-0.0034841866417721083	0.03088821256555756	0.034480157557075106	0.02370432258252231	0.027296267574039856	18267419
2020-09-28	-0.006993097735758797	0.030888074030739936	0.03449257778609226	0.023679066520035454	0.023679066520035454	18334300
2020-09-29	0.003521354267622829	0.03451805615146216	0.041777831984104	0.030888168235141154	0.03451805615146216	14932740
2020-09-30	0.003508636128028339	0.034505085171237744	0.03812223581868971	0.027270783876333977	0.034505085171237744	19550684
2020-10-09	0.010489466378450643	0.03809708154144442	0.045306089052148904	0.03449257778609226	0.04170158529679674	24934909
2020-10-12	0.013841010655602039	0.030888119032263586	0.04515646670053022	0.02732103211519685	0.04515646670053022	36442534
2020-10-13	-0.006826026226070636	0.02736954693706651	0.02736954693706651	0.02033276921831947	0.023851158077693068	18709601
2020-10-14	-0.0034362934226155727	0.03443059732344626	0.03443059732344626	0.023802885707109558	0.027345456245888407	24100855
2020-10-15	-0.0034484977297359392	0.030887889520100378	0.03444267534603184	0.02377831786823761	0.027333103694169074	20521754
2020-10-16	0.0034604310182462694	0.030888119032263586	0.034455205949330166	0.02732103211519685	0.034455205949330166	18553535
2020-10-19	-0.0068966399808893936	0.030887889520100378	0.03444267534603184	0.02377831786823761	0.02377831786823761	26766430
2020-10-20	-0.003472445939232082	0.030887981134749876	0.030887981134749876	0.02372903682131411	0.02730850897803207	21254746
2020-10-21	-0.0034841866417721083	0.03088821256555756	0.034480157557075106	0.020112377591004607	0.027296267574039856	30959430
2020-10-22	0.0	0.030888074030739936	0.030888074030739936	0.023679066520035454	0.030888074030739936	17813900
2020-10-23	0.0	0.027283570275387775	0.030888074030739936	0.023679066520035454	0.030888074030739936	18517100
2020-10-26	-0.0034963686426916856	0.030888074030739936	0.030888074030739936	0.020074562764683293	0.027283570275387775	20361270
2020-10-27	-0.007017633971121313	0.027270783876333977	0.027270783876333977	0.02003648258143021	0.023653633228882174	24328892
2020-10-28	-0.007067229198828876	0.02724531419500023	0.03088802807512443	0.01631717255462796	0.023602600314876192	48137302
2020-10-29	-0.01779364261199888	0.019882199937266237	0.023550840944234906	0.0052076359093920525	0.012544917923329063	72876291
2020-10-30	-0.007246098032236203	0.02715307157986966	0.030888173658341834	0.015947765344452976	0.023417969501397486	42470300
2020-11-02	-0.018248220495631347	0.027125519629572582	0.030887884170340333	0.0007889678441989852	0.012076061466501907	57691263
2020-11-03	0.014869696148656287	0.03472022889544386	0.050049417471672665	0.030887931751386568	0.04621712032761538	28447104
2020-11-04	-0.010988965343278126	0.03088812711417031	0.03466427409993659	0.012007392185339418	0.019559686156871807	50192906
2020-11-05	0.0037039426887316438	0.034706183533968274	0.03852428753224869	0.030888079535688027	0.034706183533968274	34257352
2020-11-06	0.003689893723452752	0.030887834078032545	0.03849586237381139	0.027083819930143208	0.03469184822592205	45806290
2020-11-09	0.018382400316543267	0.030887981134750057	0.04983812784678583	0.030887981134750057	0.04983812784678583	54299207
2020-11-10	-0.003610340736373946	0.027166316090336984	0.03833116735218857	0.023444699003053234	0.027166316090336984	44410057
2020-11-11	0.0	0.02715307157986966	0.034623275736814174	0.01968286742292515	0.030888173658341834	44471483
2020-11-12	-0.014492569574680305	0.02715307157986966	0.030888173658341834	0.012212663265980635	0.015947765344452976	62973768
2020-11-13	-0.007353035927204065	0.0270979517923428	0.030887981134750057	0.019517893107528456	0.023307922449935712	36294111
2020-11-16	0.011111064445395507	0.030888079535688027	0.04234239153052893	0.030888079535688027	0.04234239153052893	52209616
2020-11-17	0.0036632401908918513	0.03088812711417031	0.0384404210857027	0.02333583314263792	0.03466427409993659	54089039
2020-11-18	0.007298987209089302	0.030887884170340333	0.04593734233341084	0.023363155088804995	0.038412613251875505	81364472
2020-11-19	-0.0036230490161181014	0.02715307157986966	0.030888173658341834	0.023417969501397486	0.02715307157986966	36361300
2020-11-20	-0.0036362232311179894	0.030888029440662584	0.030888029440662584	0.01964197821040088	0.027139345697242072	60350102
2020-11-23	0.010948857050087916	0.030887884170340333	0.049699706874178594	0.027125519629572582	0.04217497779264325	92463500
2020-11-24	-0.007220309311039276	0.0308879331776209	0.0308879331776209	0.023444699003053234	0.023444699003053234	46492350
2020-11-25	0.0036362232311179894	0.034636713184083096	0.04963144815776547	0.030888029440662584	0.034636713184083096	85982321
2020-11-26	0.018115992101005975	0.030888173658341834	0.05329878612917537	0.02715307157986966	0.0495636840507032	112727281
2020-11-27	0.0	0.02721948195120341	0.03822540497210925	0.019882199937266237	0.03088812295817208	82342724
2020-11-30	0.0	0.03455676396514058	0.04556268698604643	0.02721948195120341	0.03088812295817208	112778919
2020-12-01	0.0	0.02721948195120341	0.03088812295817208	0.01621355893029773	0.03088812295817208	74466519
2020-12-02	0.00355894864086029	0.02721948195120341	0.04189404597907776	0.019882199937266237	0.03455676396514058	88212030
2020-12-03	-0.00709228932416883	0.030887886921103388	0.030887886921103388	0.019920994507049167	0.023576625311733854	67692481
2020-12-04	0.007142949186426805	0.0308879811347498	0.045614952293817665	0.01984275276544898	0.038251466714283734	94021888
2020-12-07	-0.014184578648337822	0.030887886921103388	0.030887886921103388	0.012609732897679634	0.01626536370236432	66075266
2020-12-08	-0.0035969835769888137	0.030888076704006007	0.03830453768748807	0.023471615720523944	0.027179846212265057	40325088
2020-12-09	-0.014440618622078719	0.0308879331776209	0.03460955026490465	0.012279847741201817	0.01600146482848557	64354364
2020-12-10	0.007326102767085073	0.03088812711417031	0.04221656807146881	0.027111980128404198	0.0384404210857027	57778801
2020-12-11	0.007272821330610206	0.027139345697242072	0.04963144815776547	0.027139345697242072	0.03838539692750377	142414099
2020-12-14	0.014440246460369937	0.03460955026490465	0.04949601861403998	0.027166316090336984	0.045774401526756235	106159337
2020-12-15	-0.01067611219437921	0.03088812295817208	0.03088812295817208	0.01621355893029773	0.019882199937266237	40881250
2020-12-16	-0.014388305131004316	0.030888076704006007	0.03459630719574712	0.012346924245300928	0.01605515473704204	55686880
2020-12-17	0.003649493604544651	0.030887884170340333	0.038412613251875505	0.023363155088804995	0.03465024871110792	40294245
2020-12-18	0.01818186589233857	0.034636713184083096	0.06087749938802734	0.030888029440662584	0.04963144815776547	122249669
2020-12-21	-0.0071429491864269685	0.0308879811347498	0.0308879811347498	0.01616100997568193	0.023524495555215866	83740500
2020-12-22	-0.017985659531042357	0.027179846212265057	0.030888076704006007	0.008638693753559978	0.012346924245300928	72454941
2020-12-23	0.021977930686556423	0.03088812711417031	0.06109730300029987	0.03088812711417031	0.05354500902876748	105935218
2020-12-24	-0.010752644468453277	0.03458315905533682	0.03458315905533682	0.016108459786491582	0.019803399640260566	61139358
2020-12-25	0.03623198420201212	0.02715307157986966	0.07570939860000891	0.01968286742292515	0.06823919444306441	222364325
2020-12-28	0.0	0.027283570275387775	0.056119600318205703	0.016470059009330972	0.030888074030739936	214577808
2020-12-29	-0.010489466378450482	0.030888074030739936	0.03449257778609226	0.012865555253978813	0.020074562764683293	125744034
2020-12-30	-0.0035334324637204062	0.023602600314876192	0.03817345583537266	0.019959886434751994	0.02724531419500023	86334300
2020-12-31	0.0	0.030887886921103388	0.038199148530472925	0.019920994507049167	0.030887886921103388	91619306
2021-01-04	-0.003546327443624756	0.030887886921103388	0.030887886921103388	0.019920994507049167	0.027232256116418704	91878084
2021-01-05	-0.01067611219437921	0.02721948195120341	0.03088812295817208	0.012544917923329063	0.019882199937266237	105879803
2021-01-06	0.017985659531042357	0.027179846212265057	0.04942922916271125	0.023471615720523944	0.04942922916271125	127224602
2021-01-07	-0.01413445839765759	0.02724531419500023	0.03088802807512443	0.005389030914255525	0.01631717255462796	103299728
2021-01-08	0.0035844611521414324	0.030888219201567837	0.03827809890910597	0.02349833949402971	0.03458315905533682	73881435
2021-01-11	-0.017857188878927746	0.027206238344982914	0.0308879811347498	0.00879752439614816	0.012479267185915046	88507964
2021-01-12	0.007272821330610206	0.027139345697242072	0.042134080670924286	0.023390661953821393	0.03838539692750377	73393978
2021-01-13	0.032490833657113985	0.023444699003053234	0.08671218948687831	0.01600146482848557	0.06438248696317532	272123298
2021-01-14	0.006993097735758957	0.016470059009330972	0.07414211909496683	0.012865555253978813	0.03809708154144442	275206985
2021-01-15	-0.003472445939232082	0.02730850897803207	0.03804692544818565	0.016570092507878338	0.02730850897803207	142588844
2021-01-18	-0.006968373283544217	0.02370432258252231	0.03088821256555756	0.016520432599487062	0.02370432258252231	114048264
2021-01-19	0.0	0.03088793452378594	0.034505085171237744	0.016419331933978407	0.03088793452378594	111208673
2021-01-20	-0.007017633971121313	0.027270783876333977	0.03088793452378594	0.02003648258143021	0.023653633228882174	63952945
2021-01-21	-0.0035334324637204062	0.02724531419500023	0.03088802807512443	0.019959886434751994	0.02724531419500023	68946260
2021-01-22	-0.010638616767793586	0.027232256116418704	0.027232256116418704	0.01626536370236432	0.019920994507049167	73668090
2021-01-25	-0.003584091658156004	0.027193279347798693	0.03827809890910597	0.019803399640260566	0.027193279347798693	78632498
2021-01-26	-0.010791321554015503	0.027179846212265057	0.030888076704006007	0.019763385228782994	0.019763385228782994	70313150
2021-01-27	0.0036362232311179894	0.030888029440662584	0.042134080670924286	0.027139345697242072	0.034636713184083096	59066471
2021-01-28	0.0	0.02715307157986966	0.04582858197223086	0.023417969501397486	0.030888173658341834	90276271
2021-01-29	-0.007246098032236203	0.030888173658341834	0.034623275736814174	0.015947765344452976	0.023417969501397486	77293758
2021-02-01	-0.00364986984099878	0.03465024871110792	0.03465024871110792	0.023363155088804995	0.027125519629572582	55215614
2021-02-02	-0.010988965343278126	0.03088812711417031	0.03466427409993659	0.015783539171105528	0.019559686156871807	72368719
2021-02-03	-0.011111064445395677	0.030888079535688027	0.030888079535688027	0.015615663542566712	0.019433767540846955	57590500
2021-02-04	-0.01498108108108103	0.02702702702702714	0.030888030888030917	0.01158301158301168	0.015444015444015458	64207888
2021-02-05	-0.0038025257927743706	0.026968104016974023	0.04264700636837822	0.019128652841271927	0.026968104016974023	56706411
2021-02-08	0.003817040186535729	0.030888082540297217	0.038757457216177356	0.026953395202357063	0.0348227698782372	60368800
2021-02-09	0.003802133820215531	0.026968104016974023	0.03872728078052708	0.019128652841271927	0.03480755519267612	63827668
2021-02-10	0.0	0.026983102418330383	0.03088798113474998	0.02307822370191096	0.03088798113474998	52015740
2021-02-18	0.015151319907579277	0.038697738567589	0.04650749600042802	0.0347928598511694	0.04650749600042802	63022064
2021-02-19	0.01865676808862563	0.027041581720967815	0.050121167827057	0.023194984036619706	0.050121167827057	86937894
2021-02-22	0.007326102767085073	0.03088812711417031	0.05354500902876748	0.027111980128404198	0.0384404210857027	124994871
2021-02-23	-0.007272821330610373	0.030888029440662584	0.03838539692750377	0.01964197821040088	0.023390661953821393	73968308
2021-02-24	-0.010988965343278126	0.03088812711417031	0.03466427409993659	0.012007392185339418	0.019559686156871807	82187721
2021-02-25	0.011111064445395507	0.034706183533968274	0.046160495528809346	0.030888079535688027	0.04234239153052893	70244577
2021-02-26	0.007326102767085073	0.02333583314263792	0.04221656807146881	0.015783539171105528	0.0384404210857027	95467764
2021-03-01	0.0	0.027139345697242072	0.034636713184083096	0.01964197821040088	0.030888029440662584	63709508
2021-03-02	0.0036362232311179894	0.030888029440662584	0.042134080670924286	0.027139345697242072	0.034636713184083096	69479542
2021-03-03	0.0036234225263258348	0.030888173658341834	0.034623275736814174	0.023417969501397486	0.034623275736814174	62241047
2021-03-04	0.014440246460369937	0.027166316090336984	0.04949601861403998	0.023444699003053234	0.045774401526756235	125140834
2021-03-05	0.0	0.02721948195120341	0.03455676396514058	0.01621355893029773	0.03088812295817208	96085807
2021-03-08	0.010676112194379373	0.04189404597907776	0.07124317403482645	0.03822540497210925	0.04189404597907776	206003938
2021-03-09	0.003521354267622829	0.030888168235141154	0.045407719900424845	-0.005410710928067913	0.03451805615146216	200390982
2021-03-10	-0.02456153804139244	0.03088793452378594	0.03812223581868971	0.005567879991622676	0.005567879991622676	97382199
2021-03-11	0.02158264310803117	0.027179846212265057	0.05684569014619332	0.023471615720523944	0.0531374596544522	116859648
2021-03-12	0.03521136474347948	0.030888168235141154	0.08170659906363407	0.02362839240249931	0.06718704739835038	358857549
2021-03-15	-0.0034012293515573917	0.03088807150295759	0.05192660357444654	0.020368805467213192	0.02738164949104284	208592427
2021-03-16	0.01365170061325513	0.034406324655813544	0.04847988009330762	0.02033276921831947	0.04496149123393418	135494847
2021-03-17	-0.020201936056474648	0.0239461078072941	0.0239461078072941	0.006591089030899196	0.010062092786178239	109649073
2021-03-18	0.0	0.027345456245888407	0.04151573840100412	0.016717744629551702	0.030888026784667417	121514214
2021-03-19	-0.010309234524900488	0.020260315168330552	0.03797316786222527	0.013175174090772693	0.020260315168330552	121151114
2021-03-22	0.03819439970104253	0.03804692544818565	0.0774211191720823	0.034467453291467845	0.07026217485864669	281840558
2021-03-23	-0.023411156759798307	0.030888025563264802	0.030888025563264802	-0.00014204878479343657	0.006753523292552822	178424946
2021-03-24	-0.013698804240761728	0.02382692382374637	0.0344182368288197	0.00970517315031537	0.01676604848703087	174749913
2021-03-25	-0.027777777777777728	0.02730850897803207	0.02730850897803207	-0.0013272682757110065	0.0022522038810067987	168501700
2021-03-26	0.014285530198574746	0.0308879811347498	0.04929669508358472	0.027206238344982914	0.045614952293817665	105524200
2021-03-29	0.0	0.027258280318820313	0.045407719900424845	0.02362839240249931	0.030888168235141154	98530800
2021-03-30	-0.010563336825285605	0.030888168235141154	0.03451805615146216	0.01273872865353662	0.019998504486178466	91092997
2021-03-31	0.010676112194379373	0.03088812295817208	0.04556268698604643	0.023550840944234906	0.04189404597907776	129589858
2021-04-01	-0.0035209912788313072	0.030888168235141154	0.03451805615146216	0.019998504486178466	0.027258280318820313	84779193
2021-04-02	-0.007067229198828876	0.03088802807512443	0.03088802807512443	0.019959886434751994	0.023602600314876192	68097568
2021-04-06	-0.003558581776759379	0.03088812295817208	0.03455676396514058	0.02721948195120341	0.02721948195120341	57043900
2021-04-07	0.007142949186426805	0.03456972392451685	0.04193320950405078	0.0308879811347498	0.038251466714283734	67341230
2021-04-08	-0.00709228932416883	0.030887886921103388	0.03454351772578824	0.019920994507049167	0.023576625311733854	80169929
2021-04-09	-0.0071429491864269685	0.0308879811347498	0.0308879811347498	0.01984275276544898	0.023524495555215866	62807745
2021-04-12	0.0	0.030888076704006007	0.030888076704006007	0.023471615720523944	0.030888076704006007	67224151
2021-04-13	-0.017985659531042357	0.027179846212265057	0.027179846212265057	0.004930463261818863	0.012346924245300928	81113400
2021-04-14	0.02564117087744827	0.0384404210857027	0.05732115601453359	0.03466427409993659	0.05732115601453359	93681243
2021-04-15	-0.0071429491864269685	0.027206238344982914	0.027206238344982914	0.01616100997568193	0.023524495555215866	49112300
2021-04-16	0.0035969835769888137	0.030888076704006007	0.03830453768748807	0.023471615720523944	0.03459630719574712	77915284
2021-04-19	0.0	0.027193279347798693	0.03458315905533682	0.02349833949402971	0.030888219201567837	66322120
2021-04-20	-0.007168183316312008	0.027193279347798693	0.030888219201567837	0.019803399640260566	0.02349833949402971	53911400
2021-04-21	-0.007220309311039276	0.027166316090336984	0.027166316090336984	0.019723081915769484	0.023444699003053234	47773075
2021-04-22	0.0	0.034636713184083096	0.034636713184083096	0.027139345697242072	0.030888029440662584	46692962
2021-04-23	-0.007272821330610373	0.030888029440662584	0.034636713184083096	0.01964197821040088	0.023390661953821393	56514815
2021-04-26	0.0	0.03088812711417031	0.03466427409993659	0.027111980128404198	0.03088812711417031	58206453
2021-04-27	-0.010988965343278126	0.03088812711417031	0.03088812711417031	0.015783539171105528	0.019559686156871807	57998148
2021-04-28	0.007407503567063576	0.030888079535688027	0.03852428753224869	0.027069975537407615	0.03852428753224869	40989099
2021-04-29	0.0073530359272042335	0.0270979517923428	0.046048098504378576	0.023307922449935712	0.038468039819564405	73465778
2021-04-30	-0.010948857050088082	0.027125519629572582	0.030887884170340333	0.01583842600726966	0.019600790548037244	46214500
2021-05-06	0.007379787446905504	0.030887834078032545	0.0422998765217009	0.030887834078032545	0.03849586237381139	42004381
2021-05-07	0.010988965343278295	0.03088812711417031	0.04221656807146881	0.027111980128404198	0.04221656807146881	60397958
2021-05-10	0.0	0.030888173658341834	0.030888173658341834	0.023417969501397486	0.030888173658341834	56637131
2021-05-11	0.0	0.02715307157986966	0.030888173658341834	0.01968286742292515	0.030888173658341834	60213075
2021-05-12	0.0	0.02715307157986966	0.030888173658341834	0.01968286742292515	0.030888173658341834	57120882
2021-05-13	-0.0036230490161181014	0.02715307157986966	0.034623275736814174	0.023417969501397486	0.02715307157986966	62219157
2021-05-14	0.0036362232311179894	0.030888029440662584	0.03838539692750377	0.027139345697242072	0.034636713184083096	58213718
2021-05-17	0.007246471542443936	0.030888173658341834	0.04209347989375869	0.02715307157986966	0.03835837781528635	59078761
2021-05-18	0.0	0.027179846212265057	0.030888076704006007	0.023471615720523944	0.030888076704006007	38037800
2021-05-19	-0.010791321554015503	0.030888076704006007	0.030888076704006007	0.01605515473704204	0.019763385228782994	62874100
2021-05-20	0.0036362232311179894	0.034636713184083096	0.04588276441434496	0.034636713184083096	0.034636713184083096	59509407
2021-05-21	0.0036234225263258348	0.02715307157986966	0.03835837781528635	0.02715307157986966	0.034623275736814174	63384498
2021-05-24	0.003609968574665331	0.0308879331776209	0.03833116735218857	0.027166316090336984	0.03460955026490465	53466730
2021-05-25	0.0	0.030888076704006007	0.03459630719574712	0.019763385228782994	0.030888076704006007	88960582
2021-05-26	0.0	0.027179846212265057	0.030888076704006007	0.023471615720523944	0.030888076704006007	68808000
2021-05-27	0.0035969835769888137	0.027179846212265057	0.03459630719574712	0.023471615720523944	0.03459630719574712	72530166
2021-05-28	-0.003584091658156004	0.027193279347798693	0.030888219201567837	0.019803399640260566	0.027193279347798693	61817000
2021-05-31	0.0	0.030888076704006007	0.030888076704006007	0.023471615720523944	0.030888076704006007	58081600
2021-06-01	-0.010791321554015503	0.027179846212265057	0.027179846212265057	0.01605515473704204	0.019763385228782994	67552334
2021-06-02	0.0036362232311179894	0.030888029440662584	0.034636713184083096	0.027139345697242072	0.034636713184083096	58188500
2021-06-03	-0.0036230490161181014	0.030888173658341834	0.030888173658341834	0.023417969501397486	0.02715307157986966	45468401
2021-06-04	-0.007272821330610373	0.030888029440662584	0.030888029440662584	0.023390661953821393	0.023390661953821393	48685436
2021-06-07	0.0	0.03088812711417031	0.03466427409993659	0.027111980128404198	0.03088812711417031	40319883
2021-06-08	0.0	0.03088812711417031	0.03466427409993659	0.02333583314263792	0.03088812711417031	54551417
2021-06-09	0.0	0.03088812711417031	0.03466427409993659	0.027111980128404198	0.03088812711417031	36903450
2021-06-10	0.0	0.03088812711417031	0.03466427409993659	0.027111980128404198	0.03088812711417031	43804458
2021-06-11	0.0	0.03088812711417031	0.0384404210857027	0.027111980128404198	0.03088812711417031	71018065
2021-06-15	-0.010988965343278126	0.03088812711417031	0.03466427409993659	0.015783539171105528	0.019559686156871807	81685000
2021-06-16	0.0	0.030888079535688027	0.034706183533968274	0.027069975537407615	0.030888079535688027	43425735
2021-06-17	-0.003703560878331932	0.027069975537407615	0.030888079535688027	0.02325187153912737	0.027069975537407615	44840780
2021-06-18	-0.007435039689185458	0.030887931751386568	0.03472022889544386	0.019391040319215045	0.023223337463272164	66991300
2021-06-21	0.0	0.02702702702702714	0.03474903474903487	0.02702702702702714	0.030888030888030917	43397661
2021-06-22	0.0	0.030888030888030917	0.038610038610038644	0.02702702702702714	0.030888030888030917	64214500
2021-06-23	0.011235907335907439	0.030888030888030917	0.042471042471042594	0.030888030888030917	0.042471042471042594	56087200
2021-06-24	0.0	0.030888079535688027	0.034706183533968274	0.02325187153912737	0.030888079535688027	59509900
2021-06-25	0.0037039426887316438	0.027069975537407615	0.034706183533968274	0.027069975537407615	0.034706183533968274	51646896
2021-06-28	-0.011070441973187772	0.03469184822592205	0.03849586237381139	0.011867763338585517	0.019475791634364362	116600227
2021-06-29	-0.0037311997538177644	0.027041581720967815	0.038581374774012495	0.023194984036619706	0.027041581720967815	77146371
2021-06-30	0.0	0.030888030888030917	0.03474903474903487	0.02702702702702714	0.030888030888030917	43436348
2021-07-01	0.0	0.03474903474903487	0.038610038610038644	0.030888030888030917	0.030888030888030917	40004171
2021-07-02	0.0	0.03474903474903487	0.038610038610038644	0.030888030888030917	0.030888030888030917	55166661
2021-07-05	0.0	0.03474903474903487	0.03474903474903487	0.02702702702702714	0.030888030888030917	69320099
2021-07-06	0.0037451737451737617	0.030888030888030917	0.03474903474903487	0.02316602316602319	0.03474903474903487	54236570
2021-07-07	-0.0037311997538177644	0.0308881794053161	0.0308881794053161	0.023194984036619706	0.027041581720967815	66171948
2021-07-08	-0.003861003861003779	0.0038610038610039504	0.007722007722007729	-0.007722007722007729	-0.003861003861003779	83939962
2021-07-09	0.003875968992247979	-0.0038759689922481513	0.003875968992247979	-0.0038759689922481513	0.003875968992247979	65970123
2021-07-12	0.0	0.0	0.007722007722007729	-0.003861003861003779	0.0	106910285
2021-07-13	0.007722007722007729	0.0	0.007722007722007729	-0.003861003861003779	0.007722007722007729	51955546
2021-07-14	-0.0038314176245209915	0.0	0.0	-0.011494252873563144	-0.0038314176245209915	59540292
2021-07-15	-0.007692307692307699	0.0	0.0	-0.011538461538461635	-0.007692307692307699	44254893
2021-07-16	0.0	0.0	0.003875968992247979	0.0	0.0	35977358
2021-07-19	-0.0038759689922481513	0.0	0.003875968992247979	-0.007751937984496131	-0.0038759689922481513	48377483
2021-07-20	-0.0038910505836575048	-0.0038910505836575048	0.0	-0.011673151750972686	-0.0038910505836575048	58982007
2021-07-21	-0.00390625000000009	0.0	0.0	-0.007812500000000007	-0.00390625000000009	43485175
2021-07-22	0.01176470588235304	0.0	0.01176470588235304	-0.003921568627450897	0.01176470588235304	57245016
2021-07-23	-0.007751937984496131	-0.0038759689922481513	0.003875968992247979	-0.011627906976744281	-0.007751937984496131	50412900
2021-07-26	-0.007812500000000007	0.0	0.0	-0.011718750000000097	-0.007812500000000007	54119140
2021-07-27	-0.003937007874015839	-0.003937007874015839	0.003937007874015664	-0.003937007874015839	-0.003937007874015839	51993274
2021-07-28	0.0	0.0	0.003952569169960566	-0.011857707509881346	0.0	73998059
2021-07-29	-0.003952569169960391	0.0	0.0	-0.007905138339920957	-0.003952569169960391	48555542
2021-07-30	0.007936507936507943	-0.00396825396825406	0.007936507936507943	-0.011904761904761828	0.007936507936507943	65429147
2021-08-02	0.011811023622047168	-0.003937007874015839	0.015748031496063006	-0.011811023622047341	0.011811023622047168	91350997
2021-08-03	0.003891050583657678	-0.0038910505836575048	0.007782101167315182	-0.011673151750972686	0.003891050583657678	66650404
2021-08-04	-0.0038759689922481513	-0.0038759689922481513	0.0	-0.007751937984496131	-0.0038759689922481513	48433389
2021-08-05	-0.0038910505836575048	0.0	0.007782101167315182	-0.007782101167315182	-0.0038910505836575048	63128700
2021-08-06	-0.011718750000000097	0.0	0.0	-0.011718750000000097	-0.011718750000000097	58793740
2021-08-09	0.011857707509881523	0.0	0.015810276679841914	-0.003952569169960391	0.011857707509881523	60350442
2021-08-10	-0.00390625000000009	-0.00390625000000009	0.0	-0.011718750000000097	-0.00390625000000009	48131612
2021-08-11	0.0	0.0	0.007843137254901968	-0.003921568627450897	0.0	47165010
2021-08-12	0.0	0.003921568627451071	0.003921568627451071	-0.003921568627450897	0.0	48375501
2021-08-13	0.0	0.0	0.0	-0.007843137254901968	0.0	50257481
2021-08-16	0.003921568627451071	-0.003921568627450897	0.007843137254901968	-0.003921568627450897	0.003921568627451071	58664463
2021-08-17	-0.011718750000000097	-0.00390625000000009	0.0	-0.011718750000000097	-0.011718750000000097	67317619
2021-08-18	0.015810276679841914	0.0	0.01976284584980248	-0.003952569169960391	0.015810276679841914	92590105
2021-08-19	-0.007782101167315182	0.0	0.003891050583657678	-0.011673151750972686	-0.007782101167315182	69318199
2021-08-20	0.007843137254901968	0.0	0.007843137254901968	-0.003921568627450897	0.007843137254901968	61532673
2021-08-23	0.01167315175097286	-0.0038910505836575048	0.01167315175097286	-0.0038910505836575048	0.01167315175097286	102346124
2021-08-24	0.0	0.0	0.007692307692307699	-0.003846153846153935	0.0	82792223
2021-08-25	0.003846153846153764	-0.003846153846153935	0.003846153846153764	-0.011538461538461635	0.003846153846153764	69282452
2021-08-26	-0.0038314176245209915	-0.0038314176245209915	0.007662835249042153	-0.011494252873563144	-0.0038314176245209915	94933618
2021-08-27	0.0	-0.003846153846153935	0.007692307692307699	-0.007692307692307699	0.0	77500640
2021-08-30	-0.007692307692307699	0.0	0.003846153846153764	-0.007692307692307699	-0.007692307692307699	64524503
2021-08-31	0.02713178294573637	0.003875968992247979	0.02713178294573637	0.0	0.02713178294573637	162522966
2021-09-01	0.022641509433962283	0.0	0.04528301886792457	-0.003773584905660297	0.022641509433962283	284583413
2021-09-02	0.014760147601476028	0.0	0.018450184501844952	-0.007380073800738014	0.014760147601476028	181399311
2021-09-03	0.010909090909090839	0.0036363636363635587	0.032727272727272674	0.0	0.010909090909090839	297583390
2021-09-06	0.017985611510791463	0.003597122302158357	0.03237410071942457	0.0	0.017985611510791463	292088174
2021-09-07	0.0	-0.003533568904593721	0.003533568904593564	-0.01413427561837457	0.0	172224253
2021-09-08	0.06007067137809185	-0.003533568904593721	0.0812720848056537	-0.007067137809187285	0.06007067137809185	555981855
2021-09-09	0.0033333333333332624	-0.013333333333333345	0.013333333333333345	-0.02666666666666669	0.0033333333333332624	404337135
2021-09-10	-0.02325581395348832	-0.009966777408637809	0.009966777408637956	-0.029900332225913578	-0.02325581395348832	283629461
2021-09-13	0.05442176870748304	-0.00680272108843538	0.05442176870748304	-0.00680272108843538	0.05442176870748304	434328647
2021-09-14	-0.0419354838709677	0.0	0.0032258064516128343	-0.045161290322580684	-0.0419354838709677	307767173
2021-09-15	0.010101010101010034	-0.0033670033670034445	0.03367003367003355	-0.010101010101010183	0.010101010101010034	220980522
2021-09-16	-0.02333333333333328	0.006666666666666672	0.016666666666666607	-0.02666666666666669	-0.02333333333333328	234403754
2021-09-17	0.010238907849829284	-0.003412969283276529	0.030716723549488005	-0.006825938566552906	0.010238907849829284	229730760
2021-09-22	0.08783783783783791	-0.006756756756756763	0.09797297297297299	-0.013513513513513526	0.08783783783783791	637878541
2021-09-23	0.04347826086956511	0.009316770186335343	0.06211180124223594	0.0031055900621117347	0.04347826086956511	679347926
2021-09-24	-0.023809523809523832	-0.00892857142857137	0.0	-0.035714285714285615	-0.023809523809523832	377787885
2021-09-27	-0.009146341463414575	0.024390243902439046	0.054878048780487854	-0.033536585365853626	-0.009146341463414575	387050093
2021-09-28	0.07692307692307693	0.012307692307692318	0.07692307692307693	-0.0030769230769230114	0.07692307692307693	563262943
2021-09-29	-0.04285714285714283	-0.031428571428571396	-0.014285714285714235	-0.0571428571428572	-0.04285714285714283	372106716
2021-09-30	0.0059701492537313485	-0.008955223880597088	0.011940298507462697	-0.04179104477611944	0.0059701492537313485	340432722
2021-10-08	-0.023738872403560853	0.020771513353115677	0.035608308605341275	-0.032640949554896236	-0.023738872403560853	276674202
2021-10-11	-0.027355623100303907	0.009118541033434591	0.018237082066869317	-0.05167173252279633	-0.027355623100303907	262503893
2021-10-12	-0.05937500000000012	-0.03750000000000003	-0.018750000000000017	-0.078125	-0.05937500000000012	318787033
2021-10-13	-0.029900332225913578	-0.009966777408637809	-0.003322259136212554	-0.04983388704318934	-0.029900332225913578	228188973
2021-10-14	0.0	-0.006849315068493157	0.013698630136986314	-0.01027397260273966	0.0	118399768
2021-10-15	0.0034246575342466545	0.013698630136986314	0.02054794520547947	-0.006849315068493157	0.0034246575342466545	118901683
2021-10-18	0.01706484641638219	0.0	0.023890784982935096	-0.003412969283276529	0.01706484641638219	123879505
2021-10-19	-0.01342281879194632	0.0	0.0	-0.016778523489932827	-0.01342281879194632	122288147
2021-10-20	0.037414965986394516	0.0	0.05102040816326528	-0.00680272108843538	0.037414965986394516	240095567
2021-10-21	-0.01639344262295076	-0.009836065573770428	0.00327868852459024	-0.019672131147540857	-0.01639344262295076	125929403
2021-10-22	-0.016666666666666607	0.0033333333333332624	0.006666666666666672	-0.02333333333333328	-0.016666666666666607	118016400
2021-10-25	0.013559322033898317	0.0	0.02711864406779648	-0.010169491525423813	0.013559322033898317	94044957
2021-10-26	-0.006688963210702346	0.013377926421404545	0.020066889632106892	-0.010033444816053593	-0.006688963210702346	114264679
2021-10-27	0.0	0.00673400673400674	0.01346801346801333	-0.01346801346801348	0.0	158980399
2021-10-28	-0.01346801346801348	0.003367003367003295	0.010101010101010034	-0.016835016835016925	-0.01346801346801348	148085425
2021-10-29	-0.003412969283276529	-0.006825938566552906	0.0	-0.034129692832764534	-0.003412969283276529	135577523
2021-11-01	0.0034246575342466545	-0.006849315068493157	0.013698630136986314	-0.01027397260273966	0.0034246575342466545	90434713
2021-11-02	-0.006825938566552906	-0.003412969283276529	0.02047781569965872	-0.02047781569965872	-0.006825938566552906	126102271
2021-11-03	0.0034364261168384146	-0.0034364261168385673	0.013745704467353964	-0.01718213058419253	0.0034364261168384146	108671024
2021-11-04	0.006849315068493157	0.0034246575342466545	0.010273972602739812	-0.006849315068493157	0.006849315068493157	97617999
2021-11-05	-0.030612244897959134	0.0	0.003401360544217766	-0.030612244897959134	-0.030612244897959134	113391700
2021-11-08	-0.003508771929824642	0.0	0.0035087719298244864	-0.028070175438596516	-0.003508771929824642	107798523
2021-11-09	0.014084507042253534	0.0	0.017605633802816996	0.0	0.014084507042253534	90987782
2021-11-10	-0.020833333333333353	-0.0034722222222221483	-0.0034722222222221483	-0.027777777777777804	-0.020833333333333353	97552580
2021-11-11	0.0070921985815602905	0.0	0.0070921985815602905	-0.0070921985815602905	0.0070921985815602905	74422070
2021-11-12	-0.007042253521126767	-0.0035211267605633053	-0.0035211267605633053	-0.01760563380281684	-0.007042253521126767	76718718
2021-11-15	0.0	-0.0035460992907800663	0.0035460992907802237	-0.0070921985815602905	0.0	59884322
2021-11-16	-0.017730496453900648	-0.0035460992907800663	0.0	-0.017730496453900648	-0.017730496453900648	74667609
2021-11-17	0.0036101083032490204	0.0	0.007220216606498201	-0.003610108303249181	0.0036101083032490204	62632504
2021-11-18	0.0	0.0	0.003597122302158357	-0.007194244604316554	0.0	58941040
2021-11-19	0.014388489208633108	-0.003597122302158197	0.017985611510791463	-0.010791366906474751	0.014388489208633108	100601630
2021-11-22	0.017730496453900804	0.0070921985815602905	0.031914893617021385	0.0	0.017730496453900804	150960621
2021-11-23	0.013937282229965169	0.0	0.020905923344947754	-0.0034843205574913694	0.013937282229965169	125966565
2021-11-24	-0.006872852233676982	-0.0034364261168385673	0.0	-0.01718213058419253	-0.006872852233676982	78734866
2021-11-25	0.006920415224913501	0.0034602076124566734	0.010380622837370174	0.0	0.006920415224913501	63884046
2021-11-26	-0.013745704467353964	-0.0034364261168385673	0.006872852233676982	-0.01718213058419253	-0.013745704467353964	91888854
2021-11-29	0.010452961672473799	-0.010452961672473953	0.013937282229965169	-0.020905923344947754	0.010452961672473799	105237006
2021-11-30	0.0	-0.003448275862068892	0.010344827586206983	-0.006896551724137937	0.0	82579263
2021-12-01	0.020689655172413814	0.0	0.02413793103448286	-0.003448275862068892	0.020689655172413814	168885463
2021-12-02	0.0	0.010135135135135219	0.01689189189189183	-0.006756756756756763	0.0	142794221
2021-12-03	0.013513513513513526	-0.006756756756756763	0.02027027027027029	-0.01013513513513507	0.013513513513513526	156862899
2021-12-06	-0.0033333333333332624	0.0	0.020000000000000018	-0.006666666666666672	-0.0033333333333332624	144657036
2021-12-07	0.0	0.003344481605351099	0.003344481605351099	-0.013377926421404692	0.0	98790346
2021-12-08	-0.0033444816053512477	0.0	0.003344481605351099	-0.010033444816053593	-0.0033444816053512477	82207790
2021-12-09	0.00671140939597316	0.0	0.01342281879194632	-0.0033557046979865056	0.00671140939597316	108091143
2021-12-10	-0.009999999999999934	-0.0033333333333332624	0.006666666666666672	-0.013333333333333345	-0.009999999999999934	106504250
2021-12-13	0.010101010101010034	0.0	0.016835016835016776	-0.0033670033670034445	0.010101010101010034	130633235
2021-12-14	-0.020000000000000018	-0.0033333333333332624	-0.0033333333333332624	-0.02666666666666669	-0.020000000000000018	137754458
2021-12-15	0.017006802721088527	-0.0034013605442176145	0.02040816326530614	-0.0034013605442176145	0.017006802721088527	126946949
2021-12-16	0.010033444816053446	0.0	0.013377926421404545	-0.0033444816053512477	0.010033444816053446	111651962
2021-12-17	0.0033112582781456247	0.0033112582781456247	0.01986754966887419	-0.006622516556291397	0.0033112582781456247	136238471
2021-12-20	-0.016501650165016445	0.0	0.006600660066006607	-0.023102310231023052	-0.016501650165016445	113821767
2021-12-21	0.023489932885905986	0.0	0.02684563758389264	-0.0033557046979865056	0.023489932885905986	148185494
2021-12-22	-0.006557377049180334	0.006557377049180334	0.009836065573770574	-0.009836065573770428	-0.006557377049180334	115625169
2021-12-23	0.01980198019801982	0.006600660066006607	0.023102310231023198	0.0033003300330033767	0.01980198019801982	192366650
2021-12-24	0.02588996763754048	0.0	0.0647249190938512	-0.00647249190938512	0.02588996763754048	340353985
2021-12-27	0.0	0.0	0.03154574132492116	-0.00946372239747628	0.0	227448114
2021-12-28	-0.0189274447949527	-0.0031545741324920462	-0.0031545741324920462	-0.03154574132492116	-0.0189274447949527	155363589
2021-12-29	-0.028938906752411533	-0.0032154340836012176	-0.0032154340836012176	-0.028938906752411533	-0.028938906752411533	134512296
2021-12-30	0.01655629139072842	0.0	0.026490066225165587	-0.0033112582781457717	0.01655629139072842	121699424
2021-12-31	0.019543973941368097	0.0	0.03257328990228016	0.0	0.019543973941368097	138641099
