2020-11-04	0.068242061816297	0.005114302302732692	0.09776387825213455	-0.016415198189797593	0.07163811452550832	107506308
2020-11-05	0.0654628049146539	0.004764262982298504	0.09104221955216049	-0.025806635841968698	0.06885001772320871	103743458
2020-11-06	0.09999995111627363	0.02337022559818428	0.10349694411886579	0.007004782932557225	0.10349694411886579	81665756
2020-11-09	0.09996156347784972	0.04336811748742352	0.10345841172360873	-0.007640971156996548	0.10345841172360873	60169196
2020-11-10	0.05253022096638934	0.036378282991697354	0.10347938538200725	0.027595416186682972	0.05587626486456285	94085665
2020-11-11	-0.008484531433282337	-0.018683646199133055	0.021203192669419862	-0.07943178577850286	-0.005332419752269689	95439044
2020-11-12	-0.05671134825337844	-0.02089048137028206	-0.02089048137028206	-0.07626726475891507	-0.05371256645956452	66992174
2020-11-13	0.017431511884691893	-0.01841199361048812	0.061706753382829674	-0.026798531240230582	0.020666005969825398	67153813
2020-11-16	0.05559439464229422	-0.0038361953108254267	0.0628085499057204	-0.022952719364130368	0.05895022151842231	73701491
2020-11-17	-0.024014558490889105	-0.014266043754158613	0.022950238330624935	-0.03004976552392201	-0.020911847574732387	65070350
2020-11-18	0.01815711530577167	-0.002779042603906197	0.04692876043021932	-0.002779042603906197	0.021393912614848114	62028050
2020-11-19	-0.04783331711527159	-0.016884523722342785	-0.013540576754401372	-0.07122339025705796	-0.044806307856263175	63103803
2020-11-20	0.02152980644632002	-0.007005519117857102	0.04145896897565597	-0.022282339995837726	0.024777363785211344	48822059
2020-11-23	0.06237147412458015	-0.0012902093295793049	0.10356571036218681	-0.008165956900840758	0.06574886666202784	85773115
2020-11-24	0.012096786720238619	-0.010088745754287122	0.020653872141910386	-0.016237279041711527	0.015314338083008883	60919948
2020-11-25	-0.04095618139294141	0.008774483804804572	0.01964560392372673	-0.037907284317613775	-0.037907284317613775	46383279
2020-11-26	0.03356599264855413	-0.007156060928744515	0.04668688516523141	-0.013490541844737384	0.03685179594063524	49269304
2020-11-27	0.012057873820329214	-0.008271969525032475	0.015436555148850561	-0.040367280956332206	0.015275304595489193	54134012
2020-11-30	0.0355838217795548	0.01799969405826826	0.10357667047524118	0.0033384269970327465	0.038876034013491996	98332620
2020-12-01	0.04341152343888873	-0.016672131137954613	0.09874193436497511	-0.025905302543815206	0.04672858523561116	77050640
2020-12-02	-0.00029400728208922545	-0.01171665107550557	0.047129020733936176	-0.01909079910884315	0.002884132533910702	65180946
2020-12-03	-0.02970584370104164	-0.011573558961289539	0.0027365102362326495	-0.03148958461128023	-0.02662120082069499	42472076
2020-12-04	-0.0345559599356019	-0.01704264036965148	-0.008680357055106662	-0.04425833414017429	-0.03148673079065705	38765332
2020-12-07	-0.003924634951876908	-0.005955072538744608	0.015777864971939764	-0.005955072538744608	-0.0007580380116675468	24212722
2020-12-08	0.004728127566051454	-0.0055167101013949005	0.019780129712237977	-0.0055167101013949005	0.007922221227211956	23395373
2020-12-09	-0.04862743309672945	0.005382106813565443	0.009630943877253521	-0.06275535726337918	-0.045602946573735974	37908543
2020-12-10	-0.0074196213749219775	-0.013030642430566716	0.01525359787310824	-0.02196244249832306	-0.00426414774390906	28469702
2020-12-11	0.004817275769653345	0.009011464036831127	0.011511112924165599	-0.004153194572008112	0.00801166780549146	21504646
2020-12-14	-0.017192936538237	-0.004449710190048724	-0.00013778164160468652	-0.03595968172175447	-0.014068520561662896	25727832
2020-12-15	0.03448274872883969	-0.004414392833511533	0.0509334003176829	-0.012851558995939401	0.03777143797862781	32106226
2020-12-16	-0.024227655291426186	-0.0017144738039524057	0.0013847459723054316	-0.025366679483978385	-0.021125629876153653	24620809
2020-12-17	0.08231957805027446	-0.00016427663416219388	0.09796370527845727	-0.001167305262061287	0.08576034354361559	59163704
2020-12-18	-0.0246343257681065	-0.013193033238467001	0.0005533780021680918	-0.02508599577249965	-0.021533567863584124	34974047
2020-12-21	0.025256502682961632	-0.002521645469632146	0.04482652380847256	-0.013131464032458231	0.028515860887134564	38011622
2020-12-22	-0.023864480402413336	-0.005315829899188821	0.050287600408073896	-0.02230582271259593	-0.02076123578754285	48997723
2020-12-23	0.03832807073077102	0.00982474667156975	0.05903431987978956	0.0044449219478414955	0.04162903624316708	44603955
2020-12-24	-0.005012954313795067	-0.0018497628760771967	0.03259026051629746	-0.008250085063734907	-0.0018497628760771967	36135440
2020-12-25	0.01633592208174452	-0.002947187121716339	0.035188904832715064	-0.02209182697405327	0.01956693997605556	37352705
2020-12-28	0.012918767554786478	-0.005410551530138881	0.0303042966007992	-0.012041177992345588	0.016138886520041546	33721425
2020-12-29	0.010529422647917695	0.011510330319203952	0.055844848741784504	0.004369266533440986	0.013741946226270372	43450115
2020-12-30	0.03023178898377181	-0.010659962709829022	0.03910156142745571	-0.03333223652029657	0.03350700521236468	47202137
2020-12-31	0.07222222515967305	0.01489715320193284	0.09692355393333327	0.004608222030582999	0.07563093359209837	54770372
2021-01-04	-0.005579832482010415	0.02237108155053454	0.03543230877115775	-0.0284075757871391	-0.002418532044103529	53531386
2021-01-05	-0.02738810194245356	-0.009553307079304045	0.017653793750485283	-0.04801859670165714	-0.024296072198120543	53489902
2021-01-06	-0.006730794061146943	0.0029034454763500707	0.02315995946384925	-0.014459296547143115	-0.003573136397158069	36119061
2021-01-07	0.008850755906052046	-0.0038962637634858714	0.016774941149763693	-0.01915698856432732	0.01205796008312826	37058863
2021-01-08	-0.024263169070443708	-0.00039627981306997623	0.007992209004384512	-0.021298764491760925	-0.021161221003877823	26053312
2021-01-11	-0.04453493601456606	0.0031790826872966876	0.011635200226398853	-0.04572555934844386	-0.04149745125145818	35033053
2021-01-12	0.08234082011309518	-0.005818718659966321	0.10008961054188495	-0.006556300845677952	0.0857816460245974	53030573
2021-01-13	-0.04537435654670486	-0.009222746524061713	0.007131279708668363	-0.04601911134445186	-0.042339511658818496	39848031
2021-01-14	-0.03956164769210977	-0.0005326114593122263	0.002037080367540323	-0.036651043416228254	-0.03650835413950937	27964317
2021-01-15	0.008297564947373673	0.003624971076291142	0.03305596251436786	0.003624971076291142	0.011503040982311146	21306910
2021-01-18	0.0	-0.005666067329220882	0.03000916158245546	-0.01524814470473808	0.003179097268874965	21037890
2021-01-19	0.023952937944375672	-0.0005063511258476443	0.051826942370245446	-0.01082568034003891	0.027208176577085682	33019434
2021-01-20	-0.0027267812810293497	-0.00445126168558584	0.02189516107610999	-0.009490177850205813	0.00044364184358465655	22415136
2021-01-21	0.023888439205880005	0.018914726497699427	0.04461134229336322	0.004767085815758878	0.027143422695578484	33682526
2021-01-22	-0.03373155944776803	-0.006126681417557569	-0.006126681417557569	-0.04109337065751446	-0.030659773141958137	27795738
2021-01-25	-0.01090914503101347	-0.004846456337599879	0.013393162200477185	-0.016665699966884055	-0.007764751528607663	21290686
2021-01-26	-0.05102947711887201	-0.005672476076687047	-0.00390223382605357	-0.04860269842188723	-0.048012578331320166	27893536
2021-01-27	-0.0004648078911162811	0.006132886646819552	0.014683088355317848	-0.005060201630768594	0.002712765543991026	15017289
2021-01-28	-0.006976744800939146	-0.012218611970047559	0.020909642014233572	-0.0349262152476031	-0.0038198258695801143	18548850
2021-01-29	-0.047462961744483424	0.013359588379894325	0.01476927030603957	-0.05477199431697889	-0.04443478629004909	22171879
2021-02-01	-0.001475155047158192	0.01518241926414306	0.022088389006840854	-0.0035625107844629907	0.0016992055038605194	14175662
2021-02-02	0.010669761350085282	0.00877788284554546	0.01536477778298861	-0.02020427703393082	0.013882733832283691	19540490
2021-02-03	-0.03167127674990712	-0.00594523303880342	0.0005721232622737595	-0.02908169963851327	-0.02859291665323821	16701777
2021-02-04	0.0010063760425630252	-0.0072531932584414685	0.017817903818482812	-0.05403005986852151	0.004188634344681574	27694772
2021-02-05	0.013739955917609115	-0.0050575151231176604	0.046715147491106834	-0.013125979404404443	0.01696268545386158	25246344
2021-02-08	0.04330573065451696	0.003179049535771072	0.059224441116100916	-0.01340242235738217	0.04662248931436067	28452210
2021-02-09	0.00015848704062506252	-0.004131772406570248	0.028926062283150183	-0.013349799541388797	0.0033380498538373975	24711243
2021-02-10	-0.008870610291193213	-0.0036539362509831162	0.01191892069566944	-0.013029441326524078	-0.005719741395602428	19683078
2021-02-18	0.0033561847168033475	0.01937233857731285	0.02931266152754234	0.0030187561297816542	0.006545963878883777	19664696
2021-02-19	-0.009397845325278755	-0.0044909443589206555	-0.0044909443589206555	-0.0412432697075202	-0.006248665031123526	19280224
2021-02-22	-0.03441071980477769	0.004146925165002745	0.01608380440863245	-0.03214754200963591	-0.031341014425518246	18957409
2021-02-23	-0.006661025809702133	-0.016366570770761795	0.01069669595231344	-0.02004184818904623	-0.003503141571092739	13197100
2021-02-24	-0.006035219202269347	-0.0010253784616907628	0.022519426692183934	-0.011116081318011393	-0.0028753482200055787	13474944
2021-02-25	0.003373263547671567	0.009439391945925696	0.020606505567855208	-0.0159404117402776	0.00656304803456091	13339867
2021-02-26	-0.02840816162443437	-0.021946821933395633	-0.013515329019028353	-0.048927565533399255	-0.025319435962128378	19887668
2021-03-01	0.006920390782325678	-0.00029218891638838214	0.010121486545433702	-0.012441346784888353	0.010121486545433702	11590459
2021-03-02	-0.021993132739345524	0.0005935476211177055	0.007143531346174658	-0.01905633460703754	-0.01888400154137945	11382541
2021-03-03	0.012649291623736566	-0.003165671536044873	0.019746008168542453	-0.008453035110210451	0.01586861173902823	11648463
2021-03-04	-0.056210890111577774	-0.007959575431760324	-0.006219188442708145	-0.06226071810917231	-0.053210507358015996	18398540
2021-03-05	0.0132352509445005	-0.019134330985058318	0.02899613422004532	-0.022453691853787715	0.016456396158945525	15044846
2021-03-08	-0.06966618305863473	0.006455053390894561	0.011915008454586599	-0.08490849922006106	-0.06670858834138466	19915057
2021-03-09	-0.06415752822619844	-0.0022984890906133284	0.0012228103596550897	-0.0629430516085756	-0.06118240188344147	23911203
2021-03-10	0.0010419140079268002	0.01781176903569866	0.025128182305414047	0.002760989550528376	0.004224263842903941	13411122
2021-03-11	0.02310569355462086	4.66716299388291e-05	0.0422286578258279	-0.0020415027103792213	0.026358257194886017	17247114
2021-03-12	0.007527965938202781	0.001954433667759043	0.033182571405734884	-0.01988486647533532	0.010730974846759575	21523569
2021-03-15	-0.048869204268105634	-0.022548657882326607	-0.011811906921269169	-0.04766869143939596	-0.045845466138036646	14816202
2021-03-16	0.011040359174766623	0.012337655104327754	0.02703395262996632	0.0036050978283898583	0.014254557920997137	10656098
2021-03-17	0.0037799544924918722	-0.0048260457489285	0.015608241068029785	-0.00545809915462879	0.0069710415767396915	10785392
2021-03-18	0.024058648116276195	0.005277834331940718	0.045153090900764734	0.005277834331940718	0.027314174137744965	20666327
2021-03-19	-0.005107298142755919	-0.01526555655019542	0.001334586743527144	-0.015880354660160984	-0.0019444458107079846	12998799
2021-03-22	0.036139598032121106	0.017186517355718828	0.048085256625359146	0.004621009453572315	0.0394335684315409	21364691
2021-03-23	0.004161722093107064	0.0031790797356609454	0.023457392949845658	-0.02286455108003684	0.007354002600114535	21397926
2021-03-24	0.03335312105902778	-0.015035332217000402	0.08633186605605066	-0.015035332217000402	0.03663821085593012	30662093
2021-03-25	-0.025019143457150853	-0.022877559296819065	0.007394115419963437	-0.02479344733261193	-0.021919615278922635	16105540
2021-03-26	-0.0025465421055582515	-0.001733662457297079	0.009860375943180018	-0.00566386461684591	0.000624427396972146	12613493
2021-03-29	0.0013747809165781998	-0.0031252811713822918	0.020319065724248193	-0.010611633295955778	0.004558219682551217	10688888
2021-03-30	0.0015688468743320658	-0.0023297204919727737	0.013212786587974468	-0.0023297204919727737	0.004752951670832163	9732629
2021-03-31	-0.04053256141250615	-0.006053234258706387	-0.002124571117355576	-0.041214534637347075	-0.03748234295733791	14172664
2021-04-01	0.009183674493039886	0.008706795917896576	0.016691282429119898	-0.0003013017640657822	0.012391964011503527	9480532
2021-04-02	0.03397377002181625	0.008047869717285916	0.06545935164039467	0.0015561143379080294	0.037260809497957494	18352657
2021-04-06	0.003324754612563292	0.0031790356500744597	0.022210536452186014	0.0006283946318287264	0.006514424391851347	13266965
2021-04-07	-0.010916075012611088	0.0004413988126269609	0.011978936445532617	-0.014029450210127898	-0.007771724459822323	11045018
2021-04-08	0.013598651050447478	-0.0035430764356769017	0.028288106053380703	-0.01125383378877736	0.016820983041094643	16969808
2021-04-09	-0.02566591693836996	-0.010084788042183197	-0.00013691063788633662	-0.02315358040043567	-0.02256842835228751	12198867
2021-04-12	-0.042905634182737025	-0.010834614150025968	-0.0022262126945413385	-0.04126433233778837	-0.03986296465898856	11712324
2021-04-13	0.0031276137092830715	0.001505751734426785	0.013428439006062881	-0.0033051362476592184	0.006316660633507949	7821807
2021-04-14	0.007690699057764477	-0.0011997488027898262	0.019234973671188656	-0.002033840810722171	0.010894241257876053	9427370
2021-04-15	-0.014645173195932056	-0.0019940667585061802	-0.0007524877827561777	-0.014823481658025005	-0.01151268026236438	7173389
2021-04-16	0.006280085658932892	-0.00039102352781423703	0.012629156940254032	-0.00039102352781423703	0.0094791075205081	6474365
2021-04-19	0.04035776616586946	-0.00036865317336924874	0.04971719512137346	-0.008507697171483714	0.04366512668490312	19992396
2021-04-20	0.025794821850656995	-0.002036387378141395	0.09324657061088028	-0.0028387902418295077	0.02905592622186399	27459775
2021-04-21	0.019103326823554735	-0.009922810353309124	0.03524954364149875	-0.01011840094890967	0.0223431456114687	20296297
2021-04-22	-0.009372586496038645	0.0031790876377689433	0.02850799769575824	-0.008525967035972033	-0.006223279538717259	16825714
2021-04-23	0.014481574811794377	0.0008546295494408156	0.036302008002692086	0.0008546295494408156	0.017706701621746666	15189043
2021-04-26	-0.05519608093413494	-0.0017852921461179551	0.006234068637114844	-0.05295622685220142	-0.052192462749434954	20134846
2021-04-27	-0.010273916197238189	0.009039747213414355	0.012071150781640014	-0.020263429903738733	-0.007127502711099644	10571304
2021-04-28	0.0020353937415512106	0.00052460159314552	0.012367586694639967	-0.008255512257569833	0.00522094155980716	8827424
2021-04-29	0.048547570719234275	-0.005583222395407471	0.055752772497202646	-0.007620920980747676	0.05188102699617451	23536514
2021-04-30	-0.03273922338892921	-0.008869895381164594	0.0022074410822223956	-0.036077427316979875	-0.029664193654540167	17660051
2021-05-06	-0.09993988560181803	-0.03479420161268124	-0.02535115789532889	-0.09707854472525282	-0.09707854472525282	47896137
2021-05-07	-0.051179410675820956	-0.010437683192073806	-0.00976802655768165	-0.067360461507021	-0.04816299807232901	46028468
2021-05-10	-0.016885500017162807	-0.009289994080913796	-0.005290499528865876	-0.02646449626914528	-0.013760140573065184	23761203
2021-05-11	0.014790143047546514	-0.004478816516702301	0.02591332192871234	-0.005196692620016802	0.018016206176275897	21975046
2021-05-12	-0.008227671549566967	-0.0069612228860743575	-0.001301609451465005	-0.019931332466757015	-0.005074708656555267	14725616
2021-05-13	-0.004740384061868266	-0.008234153377792566	0.012214651232846286	-0.009423012206709595	-0.001576339448049926	14366572
2021-05-14	0.10002373800240598	0.007001659509986997	0.10352084077634538	0.0058070187367282285	0.10352084077634538	46190796
2021-05-17	0.05174291135790551	0.0031791157346204063	0.08397208812052369	-0.0007302423065292503	0.05508647984049731	61123320
2021-05-18	-0.008645573667661288	-0.013960502086769298	0.017634041280094402	-0.02531800444934058	-0.00549398493191231	31489883
2021-05-19	0.013496716265359287	-0.00015374719149962175	0.04129825369977993	-0.004319794074998647	0.016718679154774083	32030483
2021-05-20	0.04609711459525192	-0.00010936110731403693	0.0786075759891676	-0.0007260048402104492	0.04942271167329414	48879215
2021-05-21	0.0019584585252368663	-0.0013397528670614845	0.013395544317260952	-0.02373746352842033	0.00514373859991449	30871387
2021-05-24	0.06098510967368731	-0.0038800832387624155	0.0978889218423316	-0.0038800832387624155	0.06435805413460848	47401803
2021-05-25	0.10003685962364227	-0.007725051898993183	0.10353394044272886	-0.013823929798458954	0.10353394044272886	63474481
2021-05-26	0.0010048591601935506	0.03963694762798724	0.0697104283530967	0.003851108870735757	0.004187125978307604	82514692
2021-05-27	0.003848082132924149	-0.01125515895789494	0.020130885245192746	-0.03156376987142579	0.0070393899597064515	51162183
2021-05-28	-0.008333358412810254	-0.011367005373361523	0.02825855134922569	-0.020061224018916003	-0.00518075113367596	49219080
2021-05-31	0.04201679935522732	0.0060452921369659246	0.0549397693797469	-0.012669427044626065	0.04532948220463972	42250881
2021-06-01	-0.0333870627433518	-0.013648429733452002	-0.010897744982810022	-0.05506997012467896	-0.03031413097506419	38957766
2021-06-02	-0.050225274213718	0.0035138719762721335	0.011046519822319622	-0.05256243203683587	-0.047205894360841376	37722176
2021-06-03	0.026177105169192152	0.0031790484321184646	0.06909422375405394	0.00300283999082113	0.029439393496114255	43970760
2021-06-04	0.020544440961589347	-0.01931993046479997	0.0852745146024212	-0.01949164394428571	0.02378882615150601	48119891
2021-06-07	0.01660787245311203	-0.00018675185347060444	0.03279814911528807	-0.014323145195384105	0.019839771722827602	34153504
2021-06-08	-0.017656747360509095	0.0015237231586468839	0.029334629851316744	-0.021652065526800265	-0.014533781188255828	34249100
2021-06-09	-0.0038635961532857877	0.005369830920757455	0.0068864800119889606	-0.02479465118983563	-0.0006967822958248534	21813698
2021-06-10	0.01602026293239975	0.004532491804212699	0.037858964723214886	-0.009508666215681583	0.01925027975671161	30743566
2021-06-11	0.012448128772962863	-0.0026484760410946484	0.03514758229594211	-0.008975613956840118	0.01566679349181367	42191428
2021-06-15	-0.002786864405873775	-0.0040569384717372954	0.017486710755017197	-0.035139094070076884	0.0003833788683448665	28405795
2021-06-16	-0.027124787857229018	-0.010508890330247645	0.0018597485406242598	-0.04349192731923939	-0.024031935495734263	28703718
2021-06-17	0.01960120054668684	0.003348580593132788	0.023520684627177272	-0.002075841627077129	0.022842614898331653	26303935
2021-06-18	0.04242631284580809	-0.00912375929946112	0.08813505297804783	-0.009289980456960487	0.04574026196806883	48163668
2021-06-21	-0.013036574791415222	0.00397649645605079	0.030291956041555698	-0.023614914366467937	-0.00989893696833101	35064667
2021-06-22	-0.007570915370180042	0.014813842254942193	0.0253175211975708	-0.017020238264720055	-0.0044158784757173655	26606322
2021-06-23	-0.02726828341924402	-0.006590582129959392	0.0030162294707117014	-0.03378271121385367	-0.024175899613182575	34432511
2021-06-24	-0.008676804293639866	-0.0033491919210958633	0.01841172564845161	-0.01757752860131663	-0.005525302091148861	22555132
2021-06-25	0.060259250451806204	0.0097644903275282	0.0808533131479494	-0.00897863012408846	0.06362990516538268	55354910
2021-06-28	-0.023178309494705073	-0.006217257527290841	-0.006217257527290841	-0.03647669883730287	-0.020072929636075203	32131478
2021-06-29	-0.011376552944614277	-0.003831628888107677	0.017200420816750186	-0.013613937397027638	-0.008233617175025878	21254419
2021-06-30	0.011014305897548373	0.0038387142684452695	0.020989909994239418	-0.015456329387077907	0.014228387411496164	24101128
2021-07-01	-0.05804875277356578	0.02079590204450668	0.027320611315465076	-0.060763371638842406	-0.05505425510471745	34949004
2021-07-02	-0.06214398876522606	-0.014657531509051797	-0.014657531509051797	-0.061413692436217124	-0.059162453389752914	32530267
2021-07-05	0.009571081588222464	-0.005499260319316025	0.02570579407826706	-0.012146517172983422	0.012780589857100805	17975577
2021-07-06	0.006016459307013058	0.001715957541875055	0.011592306250813646	-0.00852618118259833	0.009214652860337085	15955045
2021-07-07	0.028271124141409667	-0.01027424075952186	0.04335711565838354	-0.010637861356035271	0.03154009166598708	26393452
2021-07-08	0.0005287110765112312	0.0024718621888695077	0.027224200370465478	-0.002125045827284328	0.003709464069711829	20745650
2021-07-09	0.019552590969274856	-0.010074130285977947	0.034633321703500856	-0.010074130285977947	0.02279382950684511	23272980
2021-07-12	0.004492016762380341	0.022590958122491112	0.02692397065690845	-0.016232868849988435	0.007685377672045395	31025009
2021-07-13	-0.004127942225166159	0.0007634617395101155	0.014567078439995391	-0.013902864828621945	-0.0009619579957834517	15246675
2021-07-14	-0.01899830577088726	-0.00669674875553385	0.037484695671594154	-0.018651784502234724	-0.01587961435301493	24568965
2021-07-15	0.007594489713784695	-0.0021193748166615117	0.018721317886282545	-0.007417838350721265	0.007594489713784695	15947115
2021-07-16	0.025065749782046398	-0.0017528133523718268	0.04802808147288481	-0.0017528133523718268	0.025065749782046398	30048020
2021-07-19	-0.025649794801641587	-0.011456891244869993	-0.005813970588235188	-0.032489705882352886	-0.025649794801641587	17589973
2021-07-20	-0.011407476307476247	-0.013337995787995674	0.0045630396630396645	-0.022113004563004447	-0.011407476307476247	14800328
2021-07-21	0.030534296803326925	0.0	0.041008288975384784	-0.00035506833463276995	0.030534296803326925	26486876
2021-07-22	0.039793316792305154	0.0	0.05701984594349428	-0.005167941518827583	0.039793316792305154	40804414
2021-07-23	0.022034426407647068	-0.005964231180181672	0.06643475701731683	-0.02236585450023425	0.022034426407647068	56870220
2021-07-26	-0.0771599785566539	-0.00470087542066583	0.01313018338677554	-0.09061437981219615	-0.0771599785566539	49489673
2021-07-27	-0.046021412260670996	-0.0038644124363252474	0.01001229580186194	-0.0495344985069384	-0.046021412260670996	40201191
2021-07-28	-0.04087646766937081	-0.00939057246564956	0.005707935818303524	-0.060946435998040206	-0.04087646766937081	27947274
2021-07-29	0.031099999999999996	0.01938947974659236	0.0470339988481473	0.003263543866385096	0.031099999999999996	23327639
2021-07-30	-0.03686462552345247	-0.01210199240554824	-0.010240160309815064	-0.040960734331795465	-0.03686462552345247	19668472
2021-08-02	0.05818677749855017	-0.017977981828726026	0.07113860429151363	-0.044074985501643085	0.05818677749855017	33067910
2021-08-03	0.007855242679750043	-0.011691705820544135	0.03854577864282874	-0.015528004547752737	0.007855242679750043	27214324
2021-08-04	-0.005256425784173485	-0.009062896830266334	0.004350226730115106	-0.019213286902783698	-0.005256425784173485	18303221
2021-08-05	-0.03698984990907709	-0.004555393502999389	0.006195335164079232	-0.04373179585036821	-0.03698984990907709	20065023
2021-08-06	0.002270633955369385	-0.004730369147790696	0.017975421683081243	-0.004730369147790696	0.002270633955369385	13012419
2021-08-09	0.019067377401031073	-0.003209401487457094	0.04134413741090911	-0.006985142401639827	0.019067377401031073	19764128
2021-08-10	0.02908482771396819	-0.007965931826602393	0.02964064468321607	-0.012597276769173717	0.02908482771396819	22969190
2021-08-11	-0.012241224342776311	0.0012601260352858024	0.00990097227544504	-0.01926190853756816	-0.012241224342776311	16237651
2021-08-12	-0.02314563555942475	-0.0030981957918388087	0.003462766602200955	-0.02861308599622902	-0.02314563555942475	16636958
2021-08-13	-0.007462630875471284	-0.0039178919372347045	0.014925448318113767	-0.015671642375807482	-0.007462630875471284	11366458
2021-08-16	-0.008082725411978792	0.0007518984821071079	0.01898492445517065	-0.009210563736643482	-0.008082725411978792	13682395
2021-08-17	-0.013265112753458458	-0.0034110289937464414	0.04150083380708736	-0.013644134925146928	-0.013265112753458458	23032979
2021-08-18	0.09468023814096409	-0.0036489149222200933	0.09967347801037071	-0.016708258114077203	0.09468023814096409	51321067
2021-08-19	-0.05438592982456139	-0.00771928070175439	-0.0001754035087719835	-0.06122810526315784	-0.05438592982456139	37880058
2021-08-20	-0.015027865861674684	-0.012987031057995143	0.007235602699977562	-0.03153990606530961	-0.015027865861674684	21704600
2021-08-23	0.003390469014880386	0.005085722358259436	0.015068732341307208	-0.009606291203616557	0.003390469014880386	18536807
2021-08-24	-0.00018776046555284525	-0.008822996057818723	0.01802140041299031	-0.021963619297916345	-0.00018776046555284525	25027281
2021-08-25	-0.018963538075987215	-0.008636857252604541	-0.005632726460109887	-0.023657492439260006	-0.018963538075987215	15600822
2021-08-26	-0.007272746411483254	-0.004401913875598026	0.0061244019138756035	-0.008612459330143547	-0.007272746411483254	12725291
2021-08-27	-0.008868305549803527	-0.009061056662060073	0.006747677014607297	-0.01176018916059738	-0.008868305549803527	11825341
2021-08-30	0.011670842248589896	0.02120210075860734	0.027037521882902222	0.0019451079556507777	0.011670842248589896	16499355
2021-08-31	0.03864645409138451	-0.003076331593014168	0.055758548577525296	-0.003076331593014168	0.03864645409138451	31104377
2021-09-01	0.03480196223620877	-0.00629396519807485	0.0746019807478711	-0.02554611255090707	0.03480196223620877	48612191
2021-09-02	0.004651126846113457	-0.008050107046507804	0.019677959939965642	-0.014311341169540588	0.004651126846113457	32017404
2021-09-03	0.01940883190883197	0.032763532763532825	0.08600430911680913	0.014957264957265019	0.01940883190883197	50340083
2021-09-06	0.03056768558951965	0.0001746375545852063	0.055720506550218346	0.0001746375545852063	0.03056768558951965	36510387
2021-09-07	0.006440694915254238	-0.00711861016949152	0.016101711864406783	-0.023728847457627128	0.006440694915254238	31249891
2021-09-08	-0.01818797544311258	-0.0063994778309282956	0.021556062284337055	-0.020882485333740514	-0.01818797544311258	27166191
2021-09-09	-0.017152658956306327	-0.013722110012386102	-0.0008576157951563547	-0.021269262800501933	-0.017152658956306327	18825095
2021-09-10	0.012390907720609268	0.009947644152663951	0.043280978067730805	0.001047155341137043	0.012390907720609268	26752264
2021-09-13	0.03516636908003335	-0.007412446385535175	0.05671437878691181	-0.008619203882751383	0.03516636908003335	37650996
2021-09-14	-0.03896752770970065	0.010824346558273891	0.013821848689789326	-0.042464596877012435	-0.03896752770970065	26514739
2021-09-15	-0.016461636050279612	-0.010396777168545895	0.006584664816923667	-0.02148670978143666	-0.016461636050279612	16028232
2021-09-16	-0.012684937022020445	0.004228365194797874	0.01391827039881144	-0.020260694864718036	-0.012684937022020445	15122317
2021-09-17	0.013740185336542074	0.0028551034465542514	0.01909350429883112	-0.004282690858624306	0.013740185336542074	13280130
2021-09-22	-0.003520506891031437	-0.014258070511211569	0.007040978576993928	-0.016546417592916425	-0.003520506891031437	12007344
2021-09-23	-0.0008832361617516516	0.006712612494036169	0.01395514902040019	-0.00971559777926867	-0.0008832361617516516	12801246
2021-09-24	-0.0022984617698291773	-0.004773691570479342	0.003889639252304766	-0.013437093114619996	-0.0022984617698291773	11272705
2021-09-27	-0.03154346978557503	-0.011164292043239413	0.018961545277334756	-0.03420166578061314	-0.03154346978557503	18588673
2021-09-28	0.05580967773798068	-0.002744775745845364	0.060567189000285904	-0.002744775745845364	0.05580967773798068	27353611
2021-09-29	0.005199289337967251	-0.012131732891997702	0.006239168002787373	-0.029289479561707413	0.005199289337967251	18184356
2021-09-30	-0.013448258620689596	-0.00017237931034488034	0.0012068965517241428	-0.02241377586206896	-0.013448258620689596	14047173
2021-10-08	-0.018699737527093065	0.004893376356284868	0.00768960140353708	-0.021321233461705173	-0.018699737527093065	13031621
2021-10-11	-0.008548601654546708	-0.009617114528330804	0.007479928495817322	-0.014959946038826515	-0.008548601654546708	10450667
2021-10-12	-0.05712225820450007	-0.007005550817515803	-0.0032332675851722273	-0.06592416259831732	-0.05712225820450007	21360058
2021-10-13	-0.0007620689364804487	-0.007430062586013954	0.016574565952578932	-0.007430062586013954	-0.0007620689364804487	10590566
2021-10-14	-0.0043851286103883365	-0.002669208719366861	0.00743563379531686	-0.015061982553632435	-0.0043851286103883365	8694432
2021-10-15	0.0028724243034770626	-0.004212964300785889	0.009766353700376096	-0.0099578703569922	0.0028724243034770626	7520581
2021-10-18	0.0022914455278106264	0.00171854118232852	0.007637979905250775	-0.01012027897880992	0.0022914455278106264	6508173
2021-10-19	0.009525623565417278	-0.00019055057380260848	0.019241721499648697	-0.003810268477414048	0.009525623565417278	8676347
2021-10-20	-0.005472749368833703	-0.00452919401663727	0.0030194375157789896	-0.007359954430648966	-0.005472749368833703	6205021
2021-10-21	-0.015180246391266666	-0.0034155786828162903	0.003225768439738733	-0.019544648585490553	-0.015180246391266666	12232345
2021-10-22	0.0021193833480006885	-0.0009634681709646422	0.008863178849203054	-0.004238959374221236	0.0021193833480006885	8551585
2021-10-25	0.007306306760480937	0.0023073063759778837	0.008459969562006082	-0.020380639122501074	0.007306306760480937	13571478
2021-10-26	-0.025959153005519365	-0.006489788251379875	-0.0005725901998968578	-0.026531762293028543	-0.025959153005519365	13524312
2021-10-27	-0.06937090083031355	-0.008426435595266173	-0.008426435595266173	-0.08132467335537273	-0.06937090083031355	26135122
2021-10-28	0.003158496392567138	-0.010318003355737845	0.014529331879160645	-0.016424572902734212	0.003158496392567138	10392240
2021-10-29	0.010915218533064904	-0.00398820327431163	0.03232579832757756	-0.009235894400417657	0.010915218533064904	13664375
2021-11-01	-0.0039451619601327485	-0.003322259136212554	0.009966756644518408	-0.00975915697674411	-0.0039451619601327485	11601280
2021-11-02	0.0006253700098942369	-0.008963935606338779	0.025641025106503474	-0.009589389001680453	0.0006253700098942369	15149908
2021-11-03	-0.008958333333333327	-0.0020832916666666534	0.009999999999999934	-0.022500041666666675	-0.008958333333333327	12115207
2021-11-04	-0.0023124027748580387	0.006937187302922017	0.01135171326466253	-0.009880218625183958	-0.0023124027748580387	10947782
2021-11-05	-0.027180805461036853	-0.0065317531928309296	0.002317762375005463	-0.030552065540498646	-0.027180805461036853	16143144
2021-11-08	0.03963617239056411	-0.018626749778070165	0.07559025668573771	-0.01949313491414915	0.03963617239056411	23981796
2021-11-09	-0.0004166666666667318	-0.00312504166666668	0.0006249791666665949	-0.01708333333333334	-0.0004166666666667318	11774970
2021-11-10	0.003959941642351038	-0.002917882451021123	0.012088390996248498	-0.004793664026677718	0.003959941642351038	13763718
2021-11-11	0.022005439983617963	-0.003321569579471367	0.028441001803653738	-0.005605065626118544	0.022005439983617963	24870651
2021-11-12	-0.006093845216331448	-0.004671947999187424	0.0008125126955109944	-0.015640889701401452	-0.006093845216331448	15010797
2021-11-15	-0.019415491518495868	0.002656877171469447	0.0065399550378091205	-0.02370733701205797	-0.019415491518495868	14896883
2021-11-16	-0.010004168403501395	-0.003751583993330496	0.009795769070446091	-0.01458943309712381	-0.010004168403501395	11857923
2021-11-17	0.0	-0.0023158105263157243	0.006947410526315797	-0.0042105473684210595	0.0	7297064
2021-11-18	-0.010526315789473684	0.00021048421052638022	0.0012631789473684157	-0.015578989473684145	-0.010526315789473684	9422542
2021-11-19	0.025957468085106458	-0.001063808510638291	0.031914893617021274	-0.0029787021276596404	0.025957468085106458	18983519
2021-11-22	0.006428826079866591	-0.0026959974554956983	0.012442948725778682	-0.009124885750209895	0.006428826079866591	15898263
2021-11-23	0.0014423861826167112	-0.003502946703130978	0.017720997686400255	-0.007005975829506948	0.0014423861826167112	16213781
2021-11-24	0.02469137961692921	0.0	0.04629629820149375	-0.009259177335768589	0.02469137961692921	26184916
2021-11-25	-0.015060241266269906	-0.0050200804220899686	0.003614477984226409	-0.016465843704133464	-0.015060241266269906	14318704
2021-11-26	-0.008970397736399603	-0.0010193476252670195	0.00489300723533138	-0.01182462817175585	-0.008970397736399603	10416915
2021-11-29	-0.017280415196864404	-0.015017485805030057	-0.008434478328852465	-0.018720427510379944	-0.017280415196864404	9944176
2021-11-30	-0.003558760728490763	0.01130418672807194	0.01737487963156785	-0.003558760728490763	-0.003558760728490763	10631311
2021-12-01	0.03466390901949199	0.0	0.050420212202529936	0.0	0.03466390901949199	24351781
2021-12-02	0.01015228426395939	-0.005076142131979695	0.015228426395939087	-0.007309664974619227	0.01015228426395939	20358085
2021-12-03	0.00301511557788946	0.0	0.024522633165829213	-0.005628120603015006	0.00301511557788946	18736745
2021-12-06	-0.00040082162722159014	0.015631221818387886	0.04148294422914057	-0.00040082162722159014	-0.00040082162722159014	29738492
2021-12-07	0.0018043303567697084	0.015437068656033118	0.018444225772970606	-0.011427425592874392	0.0018043303567697084	15819128
2021-12-08	0.014808845010829595	0.009605763265844178	0.015609345294990019	-0.0060036620771731376	0.014808845010829595	15985541
2021-12-09	0.03174918224707511	-0.0007888187889730332	0.04713072465254822	-0.008874009246184372	0.03174918224707511	33906415
2021-12-10	-0.010512232415902087	-0.014717144495412856	-0.0005733753822630669	-0.017775248470947958	-0.010512232415902087	18020004
2021-12-13	0.017964091172493667	0.022986266177322776	0.06393668147575811	0.014100830596870713	0.017964091172493667	35151184
2021-12-14	-0.0001897912677458975	-0.011954477951527933	0.009867172488289007	-0.011954477951527933	-0.0001897912677458975	16312263
2021-12-15	0.0007591763286994297	0.0017081040369728666	0.02201554416427298	-0.0017081230159066976	0.0007591763286994297	14473936
2021-12-16	-0.002655035084392063	0.00037929072634180025	0.0075858334913711965	-0.013654504077375191	-0.002655035084392063	12037879
2021-12-17	-0.020155942194333653	0.0038030233884767672	0.005324187107815108	-0.02167710591367186	-0.020155942194333653	13672861
2021-12-20	-0.02115272697754169	-0.00019404230921862486	0.006209955486317841	-0.021928915620588234	-0.02115272697754169	11289495
2021-12-21	0.012291871774224252	0.001189551966485958	0.016851744981200265	-0.007335428376991046	0.012291871774224252	10515597
2021-12-22	-0.00646300418207988	0.0009792400904966132	0.0037210927590855367	-0.010967508598364496	-0.00646300418207988	7764104
2021-12-23	-0.008476266508968997	0.0019712596096984718	0.007293475261186724	-0.011235955056179782	-0.008476266508968997	8699866
2021-12-24	-0.014711690153313918	-0.0009940159243343064	0.006361829152322653	-0.015506938678070284	-0.014711690153313918	10620853
2021-12-27	-0.007465738348148934	0.002219471303077655	0.004237267872533	-0.009483474384917714	-0.007465738348148934	8489141
2021-12-28	0.011384448289986747	0.006302114378981787	0.013823948237933481	-0.0036593007452591572	0.011384448289986747	10088052
2021-12-29	-0.024924663316582853	-0.0010050050251256219	-0.0006029949748743026	-0.025527638190954837	-0.024924663316582853	11993996
2021-12-30	0.011750237548968714	-0.008245661028475123	0.018759019532427038	-0.009894846831368792	0.011750237548968714	12727383
2021-12-31	-0.001018805989453786	0.00040741644631552817	0.006316157036831472	-0.0032600650668270286	-0.001018805989453786	8673109
