2020-02-28	0.10034603683695885	0.1080426357151875	0.1080426357151875	0.1080426357151875	0.1080426357151875	844748
2020-03-02	0.09958069331480066	0.10727195844848503	0.10727195844848503	0.10727195844848503	0.10727195844848503	777446
2020-03-03	0.10009537171208784	0.10779019375288879	0.10779019375288879	0.10779019375288879	0.10779019375288879	663750
2020-03-04	0.09965329364924927	0.10734510999366303	0.10734510999366303	0.10734510999366303	0.10734510999366303	1016655
2020-03-05	0.10007885348289654	0.10777359488322873	0.10777359488322873	0.10777359488322873	0.10777359488322873	518648
2020-03-06	0.10028650298145449	0.10798272701094529	0.10798272701094529	0.10798272701094529	0.10798272701094529	1997830
2020-03-09	0.10026042221532673	0.10795645822902529	0.10795645822902529	0.10795645822902529	0.10795645822902529	5289814
2020-03-10	0.10000000000000017	0.1076942144279109	0.1076942144279109	0.1076942144279109	0.1076942144279109	5080493
2020-03-11	0.10005378402784994	0.10774843722162401	0.10774843722162401	0.10774843722162401	0.10774843722162401	1293391
2020-03-12	0.10024452983956879	0.10794043180427218	0.10794043180427218	0.10794043180427218	0.10794043180427218	5724677
2020-03-13	0.0999999910489358	0.03698078457151621	0.10769419154704464	0.03698078457151621	0.10769419154704464	188672721
2020-03-16	-0.09979797854861171	0.009029019879215162	0.009029019879215162	-0.09350127103077978	-0.09350127103077978	144710282
2020-03-17	0.04892285914186687	0.04676830624210171	0.08473399610580487	0.006994771582138635	0.05625977390527727	136864346
2020-03-18	-0.026529763651413574	-0.02618401588785082	0.009149130438342215	-0.05634645787362547	-0.019720635462327767	111271526
2020-03-19	0.07032961614335999	0.011421046127173758	0.10791552717655152	-0.008054895242452401	0.07781630079635365	171642669
2020-03-20	-0.03162215770563342	0.0007915350904998857	0.00699474679582341	-0.06537653890818854	-0.024848618913941974	126812346
2020-03-23	-0.015267201652188726	-0.0429706600683885	0.0014430601707108364	-0.05578225511301783	-0.008379280848608641	83950458
2020-03-24	-0.031438445602551074	0.04082145098316422	0.048627611865537934	-0.07496993543871287	-0.024663565307859934	112850261
2020-03-25	0.020898208901493492	0.016397627271335147	0.0683368869936034	-0.005094569750396013	0.028039095934499172	102421404
2020-03-26	-0.03310096139929456	-0.030723690639281886	-0.00835573194922421	-0.04782861054548057	-0.026337781127409483	77112456
2020-03-27	-0.011261284860783165	0.02332426448451834	0.04827242126923332	-0.0075206171951959265	-0.004345318066749866	75612793
2020-03-30	-0.007289265257678519	-0.031082967049528166	0.012041087401955067	-0.04530485170041949	-0.00034554369065532343	59849487
2020-03-31	-0.020192807821377053	0.016237384549725644	0.021320882153203265	-0.017960690237304615	-0.013339328779597748	51329439
2020-04-01	0.011709674224236735	-8.01350835073868e-05	0.07019724833386001	-0.0047967851634537545	0.018786229406132646	76823630
2020-04-02	0.06990729355502444	0.005129798580091036	0.09464048076535331	0.0023326378388030546	0.07739108199011055	98859550
2020-04-03	-0.038511427320730617	-0.009563356441197659	-0.0034629551858138506	-0.03962936143983076	-0.03178613156885414	70516123
2020-04-07	0.032403295310898736	0.029201124625475604	0.06273749292849058	0.011073406969028822	0.03962465291652077	89494804
2020-04-08	-0.038796949534861964	-0.011442031720156355	-0.005735435988523198	-0.03865810367102243	-0.03207361403141278	64275668
2020-04-09	0.007709789317973193	0.02115209607670729	0.05586030530345533	0.012018311137814045	0.014758387250176815	64640290
2020-04-10	-0.04635461341577095	0.007447908757033556	0.007447908757033556	-0.046935198893012925	-0.03968411183043418	62181652
2020-04-13	-0.02784337948749444	-0.009162843825245407	0.006519470876800985	-0.03482486085985086	-0.021043385266189707	41813845
2020-04-14	0.025728227074774686	0.011394292265757217	0.048545554951630314	0.0035729738055734154	0.032902820264782036	50247020
2020-04-15	-0.03170856115615006	-0.008732211805914226	0.005088397024118565	-0.026841864996088052	-0.0249356283534818	43308400
2020-04-16	0.002443955646752671	-0.010231381904441679	0.02618968976144715	-0.013184544195332189	0.009455661247351616	38226818
2020-04-17	0.003900471618144171	0.019269045638655422	0.039890095694928705	0.004539675072150411	0.010922430139687543	49589924
2020-04-20	0.015055817533934176	0.012374492467836345	0.029980906715808463	-0.0042538800350956215	0.022155839150818295	37875505
2020-04-21	0.0038277362575816695	-0.0026415543064538826	0.03108549308001894	-0.008423390299682735	0.010849235739196227	48376246
2020-04-22	0.01429937310018533	-0.010284449611145559	0.02139412612008957	-0.020844022852732614	0.02139412612008957	46522634
2020-04-23	-0.03101510506224462	-0.0024695503593641296	0.001316143946672527	-0.026603351560347162	-0.024237245297895567	37973200
2020-04-24	-0.07759456203297682	-0.005702510698708727	0.0030879381855635347	-0.07651450888006255	-0.07114256789522952	64289279
2020-04-27	-0.050998936672842776	-0.00041746338552259976	0.0048769888675725005	-0.04436097765106986	-0.04436097765106986	47429309
2020-04-28	0.003324198412663988	0.030984084350565443	0.046605055325574074	-0.022573530420892548	0.01034214277991475	47801621
2020-04-29	0.019326234401105254	-0.004682274842588433	0.028680330469950582	-0.008574578795717993	0.02645610117810579	32655810
2020-04-30	0.042795149012856144	0.009176744160166969	0.06918184786698778	0.009176744160166969	0.050089314869362925	50054201
2020-05-06	0.014545556314943014	-0.016545369563176194	0.022165185338050716	-0.024392030146024854	0.02164207114509944	44870711
2020-05-07	0.0184331595266288	0.006994771980405257	0.0466969696625953	0.00493226323429775	0.025556783519647006	50116549
2020-05-08	0.05530416126780293	0.020664352249494176	0.10774479199179472	-0.007181102764041003	0.06268575167246433	82172734
2020-05-11	0.023820871033668856	0.010352951900288834	0.03577973728903	-0.0016407921628078545	0.030982239663791256	66686587
2020-05-12	-0.0013960630300927195	-3.406631835931617e-05	0.00840051044184195	-0.03517813615253132	0.0055889379963484235	54870411
2020-05-13	0.036346787991554046	-0.002390040718065104	0.07409647085388187	-0.01271333297733452	0.043595742917696564	80512975
2020-05-14	-0.0008992770737819596	-0.005683317004382718	0.037784126231497094	-0.01383336356430498	0.006089103275730321	78584244
2020-05-15	0.024302516802468196	0.019684118175135157	0.05956505170002415	0.007447908757033556	0.03146713465182568	80063950
2020-05-18	-0.04745174610922235	-0.00937571288229304	0.007437071241949923	-0.045213351014436624	-0.040788945782807444	71423954
2020-05-19	0.03966797414959109	0.04043734040434361	0.05530068453345309	0.025109468871601124	0.04694012022996638	64257996
2020-05-20	0.0004435422693816358	0.00878167230446651	0.05703163714453851	-0.0028340599718470116	0.007441350827460092	85957579
2020-05-21	-0.03902441812672707	0.003422219189577909	0.008780994226682583	-0.04391318785333004	-0.032302605361123796	62516491
2020-05-22	-0.04476219588246483	-0.010198993692969161	0.02047089808320606	-0.03808062055042607	-0.03808062055042607	49449510
2020-05-25	-0.030434928761454576	-0.007599501406314284	-0.0027347930798745793	-0.03678780001203531	-0.023653038883565	38660267
2020-05-26	0.03786751922547205	0.015022636058440907	0.04763576993957544	0.009503532007833174	0.04512711364791507	39882319
2020-05-27	0.0033605487797332538	0.0031272431375461147	0.02343150540828207	-0.009442062077671405	0.010378765377094572	34859683
2020-05-28	0.023923399791450882	0.020485548758635622	0.07733984375489339	0.010367371906659205	0.03108549308001894	62217079
2020-05-29	-0.03971959054652143	-0.02265041772401121	0.005112568837973216	-0.03300274730755958	-0.03300274730755958	40932944
2020-06-01	0.10024340850904165	0.07265758450535503	0.10793924925824176	0.05599684465188037	0.10793924925824176	47810226
2020-06-02	0.04599720749389273	0.06890185922117133	0.10764959615551618	0.04307006428999309	0.053313707107529175	136946744
2020-06-03	0.017336191864308414	0.029987494955978092	0.08321131948971716	0.013807367139602265	0.024452132046350078	125507691
2020-06-04	0.009975023517470219	0.02080632737557414	0.032525343537546526	-0.013094949306228468	0.017039514204987234	80621439
2020-06-05	0.0008230835356439605	0.00036430003835691364	0.026886055600697557	-0.02201331984706275	0.007823561920314947	80740324
2020-06-08	-0.060032868108949165	-0.006255209396519521	0.006166559079991031	-0.05842681090320231	-0.053458045544151886	75460821
2020-06-09	0.001749686316307653	0.004792122993256902	0.027257927902703986	-0.0035773860884609704	0.008756713077698092	56626453
2020-06-10	0.0	-0.007076754813743012	0.014910030952117419	-0.015431777378341453	0.006994788076407676	37743144
2020-06-11	-0.026200861072888368	0.002157739181489983	0.027222674954570886	-0.019389398816196324	-0.019389398816196324	55781693
2020-06-12	0.004484332877250593	-0.018744552971086105	0.019187088791651468	-0.01919616529164456	0.011510447006335453	41826032
2020-06-15	-0.021875027815982127	0.011939810845027737	0.03306871849039255	-0.015482813971297001	-0.015033262744799807	48246907
2020-06-16	0.030123253678713643	0.02032336987607523	0.04146515855525703	0.009292755534346223	0.03732871264749123	41784393
2020-06-17	-0.01639335704701132	0.006102379287228815	0.0065485444419533835	-0.024236762001006197	-0.009513311895097663	33681901
2020-06-18	0.008558502103598273	0.00336590235317862	0.0351179410751174	0.00019060322473255891	0.01561304406458969	37569798
2020-06-19	0.04510945074666922	0.008343978963120197	0.07760574164194375	-0.0024500689829614637	0.052419674742953136	69939694
2020-06-22	-0.007692363636457457	-0.005915491369732618	0.06379948308466238	-0.015383005914458476	-0.0007514590341861494	77881714
2020-06-23	-0.007321268188897068	0.001790646571295621	0.009596850821229689	-0.014255350798028204	-0.00037777481914650425	39419542
2020-06-24	-0.03036864614165253	0.013547901997436409	0.026654080615761837	-0.029702718986298313	-0.023586438222881763	42378973
2020-06-29	-0.060402736574351246	-0.017786048199854146	-0.004719853644707869	-0.06914948738341622	-0.05383055348749955	44621889
2020-06-30	0.02047618189047613	0.014187500107892225	0.053028675564151986	0.0012403776863022463	0.027614095854001493	36008140
2020-07-01	0.0018664879168860567	0.0022956941461561233	0.01639263300917328	-0.005692597837193371	0.008874240554256022	28705791
2020-07-02	0.079180273446679	0.0037115753178130675	0.10455171004780017	0.0018355258177600148	0.08672884112680991	75229921
2020-07-03	0.10012947944240051	0.023944526542546925	0.10782457934609921	0.023944526542546925	0.10782457934609921	124794274
2020-07-06	0.1000392961023931	0.10773373921791707	0.10773373921791707	0.07454913480427779	0.10773373921791707	35288994
2020-07-07	0.05848782297809558	0.09498100069699542	0.10755047758266122	0.006994698410126404	0.06589163990445475	142443597
2020-07-08	0.10006741911021484	0.051780190561534864	0.10776210727079016	0.051780190561534864	0.10776210727079016	55660215
2020-07-09	0.0557427225743534	0.007303101697826933	0.10753993821092975	-0.028473738411465045	0.06312733995184333	120011117
2020-07-10	0.10008694567966281	0.03357913897309568	0.10778173473487211	0.0005676797416859075	0.10778173473487211	107389010
2020-07-13	-0.02162446897424438	-0.030714429058533506	0.035674993608690225	-0.08223259449253006	-0.014781020729937961	108804084
2020-07-14	0.04312678984157799	0.0037376334054305786	0.10769426238543155	-0.009290870219085473	0.050423131869329375	91230829
2020-07-15	-0.07364352290237611	-0.008357431166515996	0.019744693287771696	-0.06846491626709322	-0.06716391559802724	80300176
2020-07-16	-0.06638764063201759	0.019354018326293618	0.0533418196168144	-0.0727783637635358	-0.059857286508890634	67267032
2020-07-17	-0.0672244320077608	0.016020632590030826	0.027152602327599043	-0.08206131180569028	-0.060699936824396554	70562472
2020-07-20	0.07751450086944423	0.038281863118320845	0.10246894016319187	0.028605424205244243	0.08505131786485776	59456567
2020-07-21	-0.03745550170216233	-0.018449585039771333	0.004001247188631819	-0.0468873357968582	-0.030722706657964956	39457246
2020-07-22	0.0077209565902847475	0.006994788351191704	0.06857136708370491	-0.002956981949012475	0.014769608898226212	52604213
2020-07-23	0.00520970809469683	-0.01584255899953067	0.028905930130498008	-0.028186930419634753	0.012240956189994023	43355701
2020-07-24	-0.08536574620481918	-0.007741671930108019	-0.000987407560253419	-0.08817842401193936	-0.07896813607373888	46299541
2020-07-27	0.00266668984992287	0.01672903544406584	0.023442300008163275	-0.02657177106471838	0.009680038840457567	26689736
2020-07-28	0.0006649244899603607	0.01737260018986264	0.018711722358974753	-0.010413490166954555	0.007664240650842648	23022783
2020-07-29	0.033887009778854886	0.0006382205059375164	0.05148977835177585	-0.0030418598984046467	0.04111877040397841	43808620
2020-07-30	-0.03663247382517579	-0.004654341142169427	0.0024645159757994157	-0.03571847728811149	-0.02989392546951367	35727042
2020-07-31	0.011340984859037404	0.0076665623283922735	0.03991185873401541	-5.8881316125415315e-05	0.018415005659895133	32890028
2020-08-03	0.05310023841728596	0.019615373195488374	0.06279123385877504	0.0003522820817980163	0.060466378034708966	46075436
2020-08-04	-0.02787347504006065	-0.003412680816734836	0.0019487066598839371	-0.02548898219104776	-0.021073690378611752	40489848
2020-08-05	0.009987155626621927	0.0024528626550038364	0.020620260733772145	-0.018958751887141884	0.01705169075192146	26183185
2020-08-06	0.043381138009985915	0.007315920730406838	0.08826094749365933	-0.023199101638687075	0.050679263682921756	42939001
2020-08-07	-0.06420054655400319	-0.03179501934439635	-0.01824944727657659	-0.08413045282560697	-0.05765486538226156	46821388
2020-08-10	-0.015027743016922668	-0.013072804730960548	0.018508832620075532	-0.03116643707998642	-0.008138168754615397	25633862
2020-08-11	-0.028192411134388633	0.0066606603246597805	0.03505026206076535	-0.02473479550743427	-0.02139491309034644	25553841
2020-08-12	-0.02730371696533168	0.005276308699630203	0.01043157182116672	-0.06311684871275484	-0.020500006908052624	26442745
2020-08-13	0.004210509802192319	0.011587964908249019	0.0384411566715553	-0.004311915934245909	0.011234704103973205	19828290
2020-08-14	0.031446558804937234	-0.00426452758753839	0.040068572750723216	-0.005671892413276518	0.03866120792498497	19819559
2020-08-17	0.0999322837005595	0.03906020514924276	0.10762596874202528	0.02984995608554823	0.10762596874202528	66606062
2020-08-18	-0.02155840037146228	-0.007581488181799694	0.006684496912508546	-0.032391919964176195	-0.014714496235493021	42925727
2020-08-19	-0.03339631197145851	-0.0060007945654109345	0.004459018168441105	-0.03294276815203821	-0.027554379773993252	27481408
2020-08-20	-0.02640156604419957	-0.016254460343266226	-0.007072802514952101	-0.026419798128201194	-0.0205173248902608	17991356
2020-08-21	0.02678269053692732	0.022547370869465407	0.03871409350791235	0.007391003139483097	0.032988367311532873	21607925
2020-08-24	-0.013694135784751912	0.007683885093855389	0.009980105459107968	-0.01593367392962284	-0.007733121212369696	13933657
2020-08-25	-0.009917330140067179	0.0063763553571449675	0.033647624735626644	-0.005596397052920306	-0.0039334815160989465	17681406
2020-08-26	-0.03739573800900819	-0.015454377225829792	0.0006692626290486117	-0.03258567319123833	-0.031577916308379125	20896834
2020-08-27	0.011099598235015988	0.004996928652508783	0.018955289604356784	-0.008612370333145672	0.0172104683135798	14263125
2020-08-28	0.034648320569519414	-0.0015489968173123603	0.04435282946104839	-0.0032746638968192995	0.040901564327337006	20612038
2020-08-31	-0.01856761306726854	0.0073781440245816775	0.030394332157180497	-0.012636023981336333	-0.012636023981336333	25093309
2020-09-01	0.015878396222060772	-0.0014335784386865344	0.022697911758945956	-0.006191859759668384	0.022018152429096223	12626908
2020-09-02	-0.0029930722827575243	0.009389463238668194	0.02009561598100729	-0.015703082251189316	0.0030326850479042485	18042692
2020-09-03	0.015343611624927266	0.004030417020946564	0.04228555309626279	-0.0023454445844672436	0.021480177077139954	26244293
2020-09-04	-0.01576877808511386	-0.020726782697051298	0.0014167568823112878	-0.024362256145096604	-0.009820263202738409	15207765
2020-09-07	-0.05507341265857031	-0.005373167386691049	0.007051239129706155	-0.049362468399108204	-0.049362468399108204	19704577
2020-09-08	0.007771128901649305	0.01066363818214591	0.025589050035559804	-0.019542588010267415	0.013861940722163155	19202413
2020-09-09	-0.052926755285503196	-0.012645402951047796	-0.0070033766821966355	-0.04755544048956427	-0.047202813847761135	17213077
2020-09-10	-0.02812730229796112	0.01609685007381693	0.037319832240145026	-0.028955482635374633	-0.02225348826706038	18150376
2020-09-11	-0.0015232407421845366	-0.005832525580272971	0.011024186695373195	-0.013877849501286267	0.0045113364395542544	12800595
2020-09-14	0.018306659423048825	0.009497022981271622	0.03213496580506156	0.00374166191302647	0.024461138257624956	11660872
2020-09-15	-0.008239724788617824	0.006043836380352388	0.007927775851934465	-0.006767208247298363	-0.0022457007641411195	9069043
2020-09-16	-0.013972801331685799	0.0026244522370627186	0.020860972152152275	-0.013712362116811894	-0.00801339740353303	12171040
2020-09-17	0.011489898873138327	0.001805407468166409	0.04149235252576708	-0.010524505239134112	0.01760310812439519	16273761
2020-09-18	0.06891323617233604	0.0029963038462451144	0.08946807026215775	-0.005384181677866846	0.07537355326925567	33010158
2020-09-21	-0.013106544993928748	0.047739576701807035	0.05593614319506697	-0.01462587429234815	-0.007141984535648892	25457135
2020-09-22	-0.006819864329982699	-0.009483858035456615	0.0352933937339942	-0.010206071773673546	-0.000817293176853173	19388375
2020-09-23	-0.015178899273201466	0.00204430134003805	0.011133963329322212	-0.009226843168026399	-0.009226843168026399	10887659
2020-09-24	-0.01431192363843328	-0.0031859653309555805	0.015273553829582278	-0.008354593776867843	-0.008354593776867843	9123382
2020-09-25	0.01600898083231881	0.009414787023413453	0.03563331449217312	0.0030474212561920704	0.022149518557856084	12784266
2020-09-28	-0.006962309339687602	-0.0009605892961147283	0.011204835262272003	-0.0031724478054440145	-0.0009605892961147283	5895464
2020-09-29	0.004058996932754268	0.01346843919952022	0.02497676354373468	0.009756174705185515	0.01012733433252163	8724374
2020-09-30	-0.01764052215930794	0.015287133823242097	0.015656866951718685	-0.014661212610044137	-0.011703347582231818	8427175
2020-10-09	0.02282078419476217	0.03464810296950394	0.03502447550605166	0.016582221215216613	0.02900251492128917	8984537
2020-10-12	0.05157277139126402	0.016715046187309342	0.06602370384925837	0.014139220787058262	0.05792828938883211	18681348
2020-10-13	-0.02817384605199012	-0.013202199341266948	-0.013202199341266948	-0.03139850519034626	-0.022300334769392364	15352673
2020-10-14	-0.023264131638052354	0.0010026950738279586	0.007844116653257552	-0.021321790259537638	-0.017360952078902574	10859502
2020-10-15	0.0018321129384930273	0.004200499910473499	0.023001610591616782	0.0030945153584245734	0.007886992200893792	7561823
2020-10-16	0.023774684456788875	0.01487520769892132	0.04872891295936401	0.014139220787058262	0.029962185043249018	19507358
2020-10-19	-0.012861761529157873	-0.0033013620589572895	0.01898328112616523	-0.008692807990841838	-0.0068956952898531106	12336899
2020-10-20	0.0072385272770781285	0.0071361751516857705	0.014418468794726719	-0.012525882962766032	0.013326093798677264	8900636
2020-10-21	-0.009701797839706277	0.001344404225586436	0.00821275899979934	-0.009500516776838145	-0.0037166143382897756	6832941
2020-10-22	0.00798268056808041	0.0016634402202608332	0.02210551399642094	-0.0016219354356387795	0.014074721461645939	8784213
2020-10-23	-0.04391656239555456	0.006405941988503858	0.0118381437109246	-0.05117539626915655	-0.03813818456470291	13458209
2020-10-26	-0.06249994318276515	-0.007592259825972574	-0.007592259825972574	-0.08183348459343864	-0.05683390125316098	16803653
2020-10-27	0.0032128351469192084	-0.0020368548178628016	0.014124450605149561	-0.009309500843096995	0.009276046857236457	7676630
2020-10-28	-0.006405091789816706	0.006849273415276615	0.01570950674736017	-0.007649396395874324	-0.00040004135331336545	8614729
2020-10-29	0.004431861916642971	-0.012601650649479927	0.016987831207582793	-0.017465722260988227	0.010502456437028252	10450022
2020-10-30	-0.07581224115205046	-0.004851972134402405	0.007254411207513697	-0.07668345975600785	-0.07022661974163032	16260413
2020-11-02	-0.006510509227569796	0.016086744727046843	0.03486277894790527	-0.0432977835423465	-0.000506034778025032	22283068
2020-11-03	0.031017971793589057	0.007362403942918554	0.04296290774718394	0.007362403942918554	0.037249246642795705	12822343
2020-11-04	0.0033898560858594746	0.0030598225620072903	0.021390196520853243	-0.005466015051523808	0.009454126171449535	9939347
2020-11-05	0.0016891169217032671	0.030260208041187342	0.03280926297818794	-0.006276897491828313	0.007743138328938438	12081538
2020-11-06	0.015177096164686725	0.0022266142624699677	0.03276424418346965	-0.0028629412421613313	0.021312648868088126	19101374
2020-11-09	0.04651172895441341	0.022755516435342796	0.07372621712188833	0.00771503591405158	0.052836602815610895	24210131
2020-11-10	-0.030555623978062173	0.002051490835041519	0.00404760934268093	-0.034277826081627785	-0.02469649716732818	16662713
2020-11-11	-0.017601318967483553	-0.00301599000166246	0.010573713875131245	-0.021135444174926108	-0.011663889785369213	10432947
2020-11-12	-0.02083332285371045	0.0060438081776270376	0.011493170220097241	-0.019945698785453603	-0.014915437826073526	9736007
2020-11-13	-0.011063827528303573	0.00946862735898005	0.00946862735898005	-0.010652205778852482	-0.00508689992270159	6688019
2020-11-16	0.0008605916801563647	0.017299018293460536	0.02379241628256767	-0.003479855271682505	0.006909581510889093	7094032
2020-11-17	-0.005589079295195009	0.007773829245736135	0.009503956399117509	-0.026395284552521985	0.0004209726652799175	10844044
2020-11-18	0.006485177163543532	0.002564215763137341	0.037360415761876056	0.002129350797234334	0.012568197748297169	13063061
2020-11-19	0.004295478515995413	-0.0038956971144435194	0.022897608338339794	-0.02247803449468309	0.010365232786344566	9365915
2020-11-20	0.041060745425986075	-0.003422786608893811	0.08177677668718461	-0.004713732765152239	0.04735273635317463	28630292
2020-11-23	0.02711589843950369	-0.008422703077737813	0.06556330580380226	-0.0137959443041903	0.03332356911448755	32759286
2020-11-24	-0.014400068121237048	-0.00763840758077338	0.018116273148614786	-0.009650454914892139	-0.008443282852873038	17756918
2020-11-25	0.002435124257440528	0.02074255019215687	0.047690153517229814	0.006452154489466613	0.008493680419553005	21639445
2020-11-26	0.01133603634628511	-0.004546096051115292	0.026409097731452637	-0.011470324864576206	0.01744834301124381	15152113
2020-11-27	0.014811840209154017	0.008057532817345827	0.022556081806583975	-0.013287712053028918	0.020945163243090544	17416627
2020-11-30	0.024457539990737277	0.019933994001835865	0.09652817656842629	0.009218694873462668	0.030649174071770834	44042168
2020-12-01	0.04659226564950212	0.0033321474128130395	0.08468340260844659	-0.013712916224012595	0.05291767438919921	40059816
2020-12-02	-0.0022074851732533708	-0.0006187280497007425	0.04305793494664566	-0.011722927390582873	0.003823003506421714	34262278
2020-12-03	0.008112081291306064	-0.006568813080142299	0.02014027707826031	-0.008423650679930962	0.01420491546616861	26378251
2020-12-04	-0.037307997514696475	-0.010515108043916324	0.001260093785802862	-0.03811323733232064	-0.03148964950559786	20663472
2020-12-07	-0.023556141717939086	0.004514927481134579	0.015599718705252235	-0.02415273488352252	-0.01765473141420018	14270708
2020-12-08	0.006225649190825807	0.00486936913502445	0.03344570881046523	0.00017184949476055874	0.012307085730467477	13338590
2020-12-09	-0.02668217929621835	0.010323113949006965	0.048448593750382914	-0.03130356157001506	-0.020799624285834373	26703071
2020-12-10	0.019864908739994643	-0.013541461695731042	0.037620043270676015	-0.02073605395240722	0.026028795715988092	21959885
2020-12-11	0.010907717641631032	-0.001010629223390253	0.03818079371802245	-0.004145943058703203	0.017017464521082607	28671665
2020-12-14	0.011946023638113378	0.004105356471745881	0.026203389254894204	-0.01721734414831039	0.018062033241237445	15053027
2020-12-15	-0.0068545067180626204	0.004128227600976606	0.014089057403993977	-0.010812978792665486	-0.0008521489896482506	11011908
2020-12-16	-0.05291412270609564	0.004115058542837395	0.007972511242288679	-0.05066186532784656	-0.04719008846280322	15241470
2020-12-17	0.07570850227164279	0.006451062384287065	0.09239249637956601	-0.01309954558997448	0.08220986684582657	28088814
2020-12-18	-0.012796369730523742	-0.0007717419903939081	0.016645689435529173	-0.013645467666672484	-0.006829927974155336	17287152
2020-12-21	0.029355651779826714	0.0048931775580206395	0.0555213431631826	-0.0008601041468181828	0.03557689917899457	24239422
2020-12-22	-0.06296295482077009	-0.004389257434207323	0.0019450925871449581	-0.059162717416783445	-0.057299710553738774	22588946
2020-12-23	0.007114638494258611	0.012803756639193403	0.03387902263439536	0.005248566387559068	0.013201442181707464	16393228
2020-12-24	-0.026687601959163695	-0.0010632951195938569	0.018283780082456912	-0.026332801738418413	-0.02080512801216445	13029414
2020-12-25	0.019354903615729592	0.001581557659250803	0.030789240556189704	-0.008154350161822945	0.02551566438605725	12465684
2020-12-28	-0.01898740423681318	-0.005099145451798836	0.0100233077412997	-0.018231836731835024	-0.013058392084218641	11592297
2020-12-29	-0.0016128342631260147	0.010100436436407793	0.0324119324259846	0.0032041683964805848	0.004421156874114857	11932013
2020-12-30	0.016155047105275735	-0.005333169505855389	0.0235154597554874	-0.024836440692015103	0.022296464674537504	15932958
2020-12-31	0.10015901569572243	0.011641757886367543	0.10680810138746068	0.011641757886367543	0.10680810138746068	47551815
2021-01-04	0.028901696077817816	0.04965832675297858	0.06710424481405891	0.0027726536664588295	0.035120158623441394	57118123
2021-01-05	-0.034410159318408164	-0.010205515882333493	0.01240220966496512	-0.042704121356575156	-0.028574292889513585	39867206
2021-01-06	-0.018545412068787282	-0.003102017271541117	0.03531052896577627	-0.022857096448471417	-0.01261370444619803	28485814
2021-01-07	0.05594665813424237	-0.001038435494924694	0.08282960943061503	-0.001038435494924694	0.062328569056836404	42773289
2021-01-08	-0.045263215823536665	-0.013724060970206725	-0.0052521486359440196	-0.04055193044446268	-0.03949297228998893	24335025
2021-01-11	-0.03785368439986854	0.006783308841594747	0.016396370181984487	-0.032778135905394114	-0.032038669648441064	19919560
2021-01-12	0.06531698987392705	0.003353876404330318	0.0928910055688251	-0.012785863616737487	0.07175555487580774	32159605
2021-01-13	-0.04840437984377273	-0.0004491305782857813	0.0017152163679617456	-0.04986752613856274	-0.04265312048538273	23881504
2021-01-14	-0.03617182226822924	-0.01101424601947454	0.004527500210192596	-0.034137331873369516	-0.030346662061255664	17756263
2021-01-15	0.002345560776783808	0.0032907227779520394	0.030821201125809425	0.0013242179002718308	0.008403493874400841	11887532
2021-01-18	0.000780037077657814	-0.0014112471615753193	0.02644718066035398	-0.0014112471615753193	0.006828541886264646	11055678
2021-01-19	0.0023382480755002014	0.0009469593012550814	0.03113603593967938	-0.011207194522605126	0.00839615291363773	14179719
2021-01-20	-0.0027216379644949447	0.006043772997557231	0.016604925225950026	0.00017652704992474123	0.0033057457501199806	9566317
2021-01-21	0.014425021239683778	0.00604383283952203	0.04722695293797555	0.002513815256699919	0.02055596610075494	17658034
2021-01-22	-0.04803998161746942	-0.0016890863893105183	0.000630729896736306	-0.04499300679725237	-0.04228654801948963	19392590
2021-01-25	-0.02462662758651641	0.0032007382257441264	0.010917585438074771	-0.021168550104899406	-0.018731625333376387	14235554
2021-01-26	-0.044288081986576834	-0.0047827890550092645	0.002712570692693583	-0.0401775850600491	-0.03851190791967208	15502595
2021-01-27	-0.004763916061174134	0.006043844340574216	0.0173721855934348	-0.0013631480170652715	0.0012510845797486377	8007295
2021-01-28	0.009573570520342732	-0.0053388178626445175	0.02662001507051858	-0.011030057506478815	0.015675239257177266	9571905
2021-01-29	-0.022844868875421347	0.010813756278179298	0.016017474286366955	-0.03298383864410974	-0.016939131793771198	8823884
2021-02-01	-0.027789929887577818	0.009594027818642343	0.018469624089312964	-0.023689291779774437	-0.02191413702343274	9528498
2021-02-02	-0.02540849185787015	0.004217851916848795	0.006043748202963615	-0.0482753539788046	-0.019518206401185793	14149017
2021-02-03	-0.04143378484468932	0.01447438564583386	0.024778326106023114	-0.040324092249162787	-0.03564046165984677	13429074
2021-02-04	-0.048567335572558386	-0.01838665861896827	-0.0037284694302690234	-0.05649812640844287	-0.042817055368122865	14188510
2021-02-05	-0.054619705424825526	0.015801307220154014	0.02042325428930804	-0.05044665212602126	-0.04890600310296985	18000457
2021-02-08	0.019438374411373516	0.004414153037407572	0.04026668635296675	-0.01133917849134815	0.02559968658367253	13841952
2021-02-09	0.020127272011299664	0.016168265528657605	0.0390813412589839	-0.004613361296522104	0.02629264782810418	12363218
2021-02-10	-0.01090356047025406	0.0034319358919263606	0.0117896206896496	-0.013805573534510049	-0.004925644436042858	10630658
2021-02-18	0.005249383751921667	0.03139305758964777	0.03825839600379318	0.008156296017925304	0.0113249381217008	11106791
2021-02-19	0.022976517518611475	0.003942483502457235	0.02968454458208363	0.0034170817100917027	0.02915919532464371	11073155
2021-02-22	-0.03573252956646703	0.0009083153090235698	0.02042325428930804	-0.03452666357612473	-0.029904716506970703	19744677
2021-02-23	-0.029115941518017385	0.004978718631430977	0.008706779393282576	-0.02910646159208001	-0.023248080394884692	16711279
2021-02-24	0.00436202832918507	0.0016554193452905314	0.01756336403065269	-0.014801186758707728	0.010432246677998452	13570619
2021-02-25	-0.021715472992719947	0.004951516277947891	0.007682417406503077	-0.0168952558150509	-0.01580291721040098	11072738
2021-02-26	0.028301932614605705	-0.010146694250057679	0.07136412448926663	-0.02187084507958327	0.034516793310757764	19467207
2021-03-01	0.012951958234579496	0.001700393111732961	0.019074003232153046	-0.02218844974901021	0.019074003232153046	12334715
2021-03-02	-0.013851888060613557	0.0071157899024721	0.016763411951606976	-0.011107698673544494	-0.007891842523331426	9491257
2021-03-03	0.01944892933789928	0.012022467549789306	0.03158890453845856	0.005500249418413227	0.025610308758146242	12493695
2021-03-04	-0.03073658345719617	-0.003019624144816111	0.0007123344432869734	-0.030743194449709254	-0.02487855100266096	11582471
2021-03-05	0.025697019448272247	0.0038435381408840072	0.039596869636312676	-0.003857124406852166	0.031896152083451264	13939517
2021-03-08	-0.018656696607910864	0.01891432104992791	0.022668215916953977	-0.01326192066743831	-0.012725649972148789	11576577
2021-03-09	-0.03150458140653998	0.005497338109737027	0.009869065666735984	-0.04477752879574973	-0.025651220733879845	10839181
2021-03-10	-0.003365083803784376	0.012814729338397309	0.02014982096314208	-0.004112591814189273	0.0026583140771590723	6315646
2021-03-11	0.016882342364213074	0.01057291388310927	0.028689627185215446	0.007176086753693363	0.02302815427830719	7788842
2021-03-12	0.007747594917892092	0.004373590209473623	0.025529961537058988	-0.016226144388717025	0.013838196203033698	11935818
2021-03-15	-0.02965398445565595	-0.007767918008035408	-0.007215450225608405	-0.0293141062759069	-0.023789428451637652	8178502
2021-03-16	0.0016978056289260102	0.008321126441085102	0.01173729128150047	-0.0019270834045023342	0.0077518889938013695	4284760
2021-03-17	0.005649646224994172	-0.0024820861687285044	0.019116650376715005	-0.005323960870467771	0.011727571533121955	4986056
2021-03-18	-0.0044944160610717356	0.007739416107982446	0.015086870754904665	0.00039196146106042787	0.0015222347556946686	5692000
2021-03-19	-0.0011285632092480702	-0.00020126554868616582	0.014560100504463951	-0.0058787708051517805	0.0049084380850965975	7697335
2021-03-22	0.015254181220197938	0.008885696831382689	0.03048431969956467	0.006612094760455799	0.021390138770380367	10319908
2021-03-23	0.026711275220726454	0.006043764865669245	0.03571567533280773	-0.003473622421172868	0.03291649976248531	15590312
2021-03-24	0.056910503494625085	-0.006497788366895361	0.1069206920730243	-0.007043069522856599	0.06329825412424771	52367988
2021-03-25	-0.0666666529088027	-0.06102573955311215	-0.035229744804351204	-0.06360539061997783	-0.06102573955311215	31854747
2021-03-26	-0.01263740236400399	-0.005011645785914784	-3.670401484436624e-05	-0.028228040717576865	-0.0066700149867356395	19770660
2021-03-29	-0.005564704377354315	-0.003473622421172868	0.015001305841520563	-0.003473622421172868	0.00044541372502421056	10302508
2021-03-30	-0.001678916341752612	0.0026657624471307763	0.01899221332314882	-0.0007120559952546862	0.004354756115191902	10304174
2021-03-31	-0.004484282426275297	0.0037880595004992647	0.011683134994952268	-0.0029789950005712344	0.0015324122618697242	7360983
2021-04-01	-0.0033783471844680804	0.010009059492365744	0.010575525594156279	-0.00188667199862344	0.0026450568157002355	8920695
2021-04-02	0.005649646224994172	0.006612094760455799	0.021390138770380367	0.0032018337506424244	0.011727571533121955	8597131
2021-04-06	0.0033708685651203225	0.00886980244125013	0.015086870754904665	0.004348257108179997	0.009435052127200493	7016991
2021-04-07	0.003359431325036833	0.008296931842563372	0.012803286845211804	0.0015374556680284143	0.00942352059322563	7515545
2021-04-08	0.026785635087034448	0.007728066813882839	0.09867616539674216	0.00435950435725861	0.03299138698518415	27931809
2021-04-09	-0.013043468038779142	-0.01035902588928115	0.0033100483387674532	-0.015826655580500667	-0.007078448074549554	13165313
2021-04-12	-0.03964749021143166	-0.012791770029455113	-0.008359858783796196	-0.041045259619421834	-0.03384329304744493	16623887
2021-04-13	0.0	0.002582544333129833	0.009504921480707251	-0.002609079891065713	0.006043819435911696	7068166
2021-04-14	0.011467802850034237	0.0066206793910436185	0.025657057910394	0.002582544333129833	0.01758090316655737	7088916
2021-04-15	-0.02380953331485107	0.0037625697736180727	0.0037625697736180727	-0.022472190786520334	-0.0179096336511856	9499640
2021-04-16	0.003484405443853999	0.006043799714311659	0.014807364801902154	0.00253847884065422	0.009549295856933697	6171895
2021-04-19	0.02199067301941388	0.004297169261799702	0.03049628407136373	0.00022176045899817925	0.028167420821065672	11692639
2021-04-20	-0.007361153274880663	0.0009167759633226648	0.035666874616574015	-0.0030709402755750514	-0.0013618620629584175	11583229
2021-04-21	-0.002852331949664464	0.0026002758155240155	0.010061011128462154	-0.0019909105986963727	0.0031742315071316735	5997840
2021-04-22	-0.00457669354495699	0.00949709953773213	0.02100784063805733	0.0002883455062908057	0.0014394829257157646	8429896
2021-04-23	-0.007471263138339821	0.0060438372616549415	0.008356639533741357	-0.004941756710962902	-0.0014725822121389755	7155611
2021-04-26	-0.034742299570377985	0.004878759193184209	0.011286739969416669	-0.031238680550498797	-0.028908468652151742	14159494
2021-04-27	-0.02939404116692642	0.006647312242623684	0.010871851322778597	-0.02654555516629439	-0.023527966901339854	11939392
2021-04-28	-0.04758966100430266	0.004178376899544837	0.004178376899544837	-0.04867311662148371	-0.04183351157758591	18275717
2021-04-29	0.025957169693992255	-0.007666105758637681	0.05500761387765894	-0.017458874451808926	0.03215782026025918	17172142
2021-04-30	-0.03921578983471994	-0.0041375697724126016	0.0028621022611359	-0.034045259370301846	-0.03340892554907018	12013857
2021-05-06	-0.000658266630769594	0.019290013838898622	0.03253614787189271	-0.0025661073155417023	0.005381573104254726	9239211
2021-05-07	-0.011857730823764352	0.0027301033627180867	0.008032047068535502	-0.01847767146055158	-0.005885555159235259	9226957
2021-05-10	-0.00266661980738017	0.013421496755810423	0.01610428033425075	-0.0060286841878814485	0.0033610583366595207	8345576
2021-05-11	0.018048062531808805	0.005371305479011341	0.032943361348335407	-0.0006810970288890529	0.024201002170257117	12220191
2021-05-12	0.007879311728601937	-0.0025435140392000848	0.03246654805081482	-0.0025435140392000848	0.013970666191938987	14934365
2021-05-13	-0.01107500131408315	-0.0037873122614250927	0.013908571007615472	-0.011652149269887476	-0.0050981184295021366	11393762
2021-05-14	0.05928852157022898	0.013333990774352803	0.0716553715383445	0.006706561142081061	0.06569068486929969	43919651
2021-05-17	-0.03109451250012598	-0.010848693697754768	-0.0020896055964066884	-0.029618168200643714	-0.02523862414996962	25003528
2021-05-18	-0.011553231567072062	0.0034609069646450437	0.022832739145429742	-0.011390831040623104	-0.005579281386387717	20990007
2021-05-19	-0.024026023870021725	0.00473722495890089	0.006697050495231604	-0.01878068147706826	-0.018127406298291356	23948052
2021-05-20	0.02195612002296967	0.006713183866323406	0.04085039954264166	0.001358326505332438	0.028132613310287755	40143648
2021-05-21	-0.02669271289599463	0.008663700715070511	0.011283606431213495	-0.02866995573996783	-0.02081023859153876	28332498
2021-05-24	0.026755919911645703	0.004024982725655899	0.04305544452062108	0.004024982725655899	0.032961359573647306	30351994
2021-05-25	0.04820843600768818	-0.003131909177386454	0.058475980722235796	-0.0050981184295021366	0.05454356221800466	56600742
2021-05-26	0.0055935783269785416	0.024801511129007428	0.04606042265092848	0.0035426621331128955	0.011671108098746092	52811047
2021-05-27	0.0012361031661153883	-0.001417725769144529	0.016614022433904703	-0.004526574974506759	0.00728735046136254	34841197
2021-05-28	0.012345584710122726	0.006043776563901219	0.02777916471047057	-0.005755563670146701	0.018464007233578456	40817132
2021-05-31	-0.007926827734689262	0.0005227747154446684	0.0035901041359627734	-0.015426700292249518	-0.00193092932621988	24430417
2021-06-01	-0.01044857186918476	-0.001994712179338211	0.0017154685511448656	-0.017453221436363357	-0.004468021719663261	21932581
2021-06-02	0.004347733442910858	0.012917226161310209	0.09540043694789821	0.006043698164145229	0.01041780119964153	61053020
2021-06-03	0.0037105408564834116	-0.0026664826711913854	0.03715213329501618	-0.0026664826711913854	0.009776792044277829	43971655
2021-06-04	-0.015403566143321258	-0.005733581990836017	0.03641723680982345	-0.027428982170027157	-0.00945284481051836	45521700
2021-06-07	0.02753450012591285	-0.0040292117854444755	0.0400402921178544	-0.0040292117854444755	0.03374464870309754	34026554
2021-06-08	-0.010353305160024138	0.017072231367022364	0.0244244994809869	-0.013562474397044572	-0.004372062667824579	31330584
2021-06-09	0.0030769463171306053	0.021521413131862146	0.027712451999328067	-0.00014722290426835068	0.00913927348654179	25195243
2021-06-10	-0.0018405046562546387	0.002957768750403485	0.010981369179928731	-0.01123794120729456	0.004192178311942417	25411452
2021-06-11	0.016595085237942685	0.009135520840689094	0.04561774861617968	-0.0038496170417265728	0.02273912523532588	55607336
2021-06-15	-0.021765457033966748	0.01030148586691104	0.02124996609012377	-0.01646152661472129	-0.015853277713431813	30996648
2021-06-16	-0.021013629467505575	-0.004526574974506759	0.004178376899544837	-0.032506777426816125	-0.015096873678712602	25774387
2021-06-17	-0.009469767940510338	0.004773499791233222	0.014935557943356954	-0.00856420153342922	-0.0034831724573673537	14804743
2021-06-18	0.008285530755766598	0.008608631766286009	0.02720345078804202	0.0028378258629824103	0.014379437669589606	16545074
2021-06-21	-0.0025284005473845115	0.011131283568843188	0.02067019434897163	0.0003204459457800891	0.0035001040702103458	14144735
2021-06-22	0.0006337183289064611	0.007956416500087164	0.013056765223680272	-0.0009691937662008039	0.006681329319188802	12752043
2021-06-23	0.05383149766978846	0.011778039344913234	0.10671193672538916	0.00795520040532285	0.06020060219907529	80464342
2021-06-24	0.09975958333824575	-0.009675674809636018	0.10640630446066167	-0.009675674809636018	0.10640630446066167	129332935
2021-06-25	0.09999998900498513	-0.006600417304789877	0.10664817964886543	-0.018694933530188057	0.10664817964886543	130543465
2021-06-28	0.06010934642233217	0.024035702212616764	0.09700266898988005	-0.04043501676339942	0.06651644144544867	172880907
2021-06-29	-0.0632615336746528	-0.028842436756899403	-0.010927879765036431	-0.08022892918092753	-0.05760001508594281	116582760
2021-06-30	0.03001513494601312	-0.0025117880509668935	0.0442926537811522	-0.034217972513110206	0.036240276691755356	109543092
2021-07-01	-0.10004858228697537	0.018747544439746796	0.038780469774053576	-0.09460944761553718	-0.09460944761553718	106437101
2021-07-02	-0.05882353579914139	-0.030875281955570925	-0.023274303774830467	-0.07322358896255445	-0.05313523519218159	70270249
2021-07-05	-0.009747779521817575	-0.013569476724565975	-0.001455475352793012	-0.02279917832067994	-0.003762857487324926	42701583
2021-07-06	-0.0028952159032987054	0.011869278380543035	0.011869278380543035	-0.0155100851962428	0.0031310857059637263	42669105
2021-07-07	-0.0011613321609786147	-0.006809199283734173	0.01597570772147421	-0.01206726822870263	0.004875456794739603	39270806
2021-07-08	-0.018604731961869587	0.013062659212272343	0.016572055660891188	-0.019692253556715604	-0.012673402168562402	42091235
2021-07-09	0.029028476940825734	-0.004684063794860536	0.06385559265905077	-0.01064409870362785	0.03524777077553509	54072237
2021-07-12	0.0023027224575963875	0.0234193326054913	0.030369606704641835	-0.0009064240268973847	0.008360530880679227	50501818
2021-07-13	-0.016082718188441366	-0.0026239196440787952	-0.0026239196440787952	-0.023426665236670603	-0.010136080004585756	36479615
2021-07-14	0.003502712442349172	0.0013454442303410924	0.02718667723022532	-0.0015909941158472273	0.009567753503387694	40054454
2021-07-15	0.0046538451386635175	0.007214252977939401	0.019504550051147956	-0.010343172137490792	0.01072580823095999	32094428
2021-07-16	0.006369416733415773	0.036335891647855445	0.036335891647855445	0.006043836015437151	0.012451700283987472	50629649
2021-07-19	-0.07192177354994965	-0.01826797338139963	-0.017689121916479877	-0.06978569587410303	-0.06631264496973148	49171059
2021-07-20	0.0030999623404035772	-0.0014406448460551667	0.016646876355399357	-0.01079629152145141	0.00916242138606031	22418553
2021-07-21	0.0018539682144900961	0.01226160867510631	0.031536797075136236	0.004800159176262919	0.00790900838162515	29490657
2021-07-22	0.013571972821050677	-0.006989367400714619	0.03148985667567213	-0.006989367400714619	0.01969779335039116	32835938
2021-07-23	0.0286061786764396	0.007268498025600847	0.06298973069928256	-0.005590309208141941	0.034822892511231614	54460903
2021-07-26	-0.05857984829930684	-0.023720787002485446	-0.020149093313422087	-0.05527127376399046	-0.05289010495180134	47053220
2021-07-27	-0.047768742213198864	0.011734795728531611	0.015528737979088951	-0.04833695776784991	-0.04201361529454661	34354183
2021-07-28	0.006600643628993347	0.006043833230205505	0.029285769971497358	-0.003916996801776751	0.012684386584860303	23986615
2021-07-29	0.0	0.025834876208778165	0.03177218417397366	0.00010654169293095905	0.00604384965812645	24557532
2021-07-30	-0.025573766598486633	0.007363251428169866	0.007363251428169866	-0.021003886627764173	-0.019684484857720754	24008400
2021-08-02	0.029609779558597227	0.00942891914332185	0.05478890410817937	-0.023744801204111276	0.03583249248107477	34220320
2021-08-03	-0.005228797364770325	-0.006449595300815654	0.02116729218916829	-0.010394864942241849	0.0007833990417992684	27381908
2021-08-04	0.013140637387575337	0.014636813561840585	0.03711085373193997	0.008687802928578988	0.019263821832155185	25912121
2021-08-05	-0.026588914663414138	-0.007657219619941163	0.004086481923018093	-0.022663060480389154	-0.020705776889895985	21221291
2021-08-06	0.0026649102566672607	0.020789316122767423	0.02414056141535687	0.0013520934257481522	0.008724833069445175	15500970
2021-08-09	0.012624546386207035	0.016070831367202745	0.03211405502036912	0.008717687192834868	0.018744701976063868	22090447
2021-08-10	0.033464622936545556	0.01066479100660166	0.04235121162601168	0.005383720903366637	0.03971067657439423	37095911
2021-08-11	-0.020952347250293806	0.003488768271512084	0.0060438001448958915	-0.016312728747212884	-0.01503521281052098	25804139
2021-08-12	0.004539527831430854	0.004086481923018093	0.024964173554945714	0.00278162619602253	0.010610760557995445	20298908
2021-08-13	-0.0019366830196953253	0.01968286693775075	0.024878703202401715	-0.003048916720097175	0.004095358143797973	19810166
2021-08-16	0.0	0.019058542180141077	0.019709281989962354	0.0034407867444300887	0.006043745983715311	28780495
2021-08-17	-0.025873284690532572	0.0034407867444300887	0.026867419897996514	-0.02389028526806411	-0.019985846409136334	41812281
2021-08-18	0.0610889709474455	0.002035668862483139	0.08219858917385973	-0.0039765451506917505	0.0675019992281654	80958058
2021-08-19	-0.03865525056660796	-0.005288340468395846	0.0035255603122638607	-0.043062200956937864	-0.03865525056660796	43509849
2021-08-20	-0.005239030779305833	-0.007858546168958692	0.013097576948264642	-0.016371971185330715	-0.005239030779305833	25386419
2021-08-23	0.003291639236339744	0.001974983541803893	0.01316655694535886	-0.0006583278472679254	0.003291639236339744	24062848
2021-08-24	0.010498687664042003	0.0032808398950130535	0.017060367454068227	-0.005249343832021002	0.010498687664042003	29483147
2021-08-25	-0.0064935064935064705	-0.0006493506493506355	0.003896103896103928	-0.012337662337662305	-0.0064935064935064705	18138747
2021-08-26	-0.0006535947712419322	-0.004575163398692829	0.011764705882352922	-0.006535947712418394	-0.0006535947712419322	25750319
2021-08-27	-0.028122956180510122	0.0	0.003924133420536331	-0.028122956180510122	-0.028122956180510122	28603146
2021-08-30	-0.0053835800807537065	0.002691790040376913	0.01144010767160161	-0.013458950201884206	-0.0053835800807537065	20862035
2021-08-31	0.00811907983761847	-0.002029769959404558	0.012855209742895892	-0.0230040595399188	0.00811907983761847	24505809
2021-09-01	0.024832214765100617	-0.003355704697986625	0.048993288590604055	-0.014765100671140983	0.024832214765100617	45904466
2021-09-02	0.023575638506876308	-0.0045841519318926185	0.02488539620170274	-0.007858546168958692	0.023575638506876308	47273588
2021-09-03	-0.01599488163787588	0.04030710172744727	0.04606525911708257	-0.016634676903391016	-0.01599488163787588	47557338
2021-09-06	0.021456436931079327	-0.006501950585175644	0.029908972691807482	-0.009752925877763352	0.021456436931079327	35431850
2021-09-07	0.015276893698281249	0.007001909611712248	0.02418841502227874	-0.011457670273711107	0.015276893698281249	35983839
2021-09-08	0.021316677115987517	0.0006269592476490009	0.048275799373040884	-0.006269592476489006	0.021316677115987517	50758517
2021-09-09	-0.0178023930139722	-0.012891404979042167	-0.005524861539296397	-0.023941128057634854	-0.0178023930139722	28614482
2021-09-10	0.004375000000000018	0.010000000000000009	0.03249999999999997	0.0018750624999999133	0.004375000000000018	37575524
2021-09-13	-0.008711885500933452	-0.0012446172993155322	0.007467392657124983	-0.019912881144990683	-0.008711885500933452	28966630
2021-09-14	-0.032015065913370985	0.005649717514124285	0.005649717514124285	-0.032642812303829226	-0.032015065913370985	24738786
2021-09-15	-0.0025940337224383365	-0.0025940337224383365	0.007782101167315124	-0.0071335927367055406	-0.0025940337224383365	16439255
2021-09-16	0.027958387516254856	0.011703511053315976	0.07867360208062413	0.011703511053315976	0.027958387516254856	68422727
2021-09-17	-0.0025300442757748842	0.006957621758380736	0.03605306767868444	-0.007590132827324541	-0.0025300442757748842	44931896
2021-09-22	-0.032974001268230795	-0.015218769816106545	-0.015218769816106545	-0.051997463538364	-0.032974001268230795	31265719
2021-09-23	-0.0032786885245902103	0.0019672131147540563	0.009836065573770515	-0.008524590163934477	-0.0032786885245902103	24581868
2021-09-24	-0.013815789473684151	0.0032894736842105734	0.003947368421052665	-0.014473684210526241	-0.013815789473684151	19119803
2021-09-27	-0.007338225483655732	-0.007338225483655732	0.0060040026684456205	-0.014009339559706529	-0.007338225483655732	18969683
2021-09-28	0.004704301075268717	0.012096774193548368	0.012768817204301041	0.0013440860215053476	0.004704301075268717	12868651
2021-09-29	-0.016722408026755852	-0.005351170568561878	-0.005351170568561878	-0.020066889632106955	-0.016722408026755852	15780822
2021-09-30	0.021768707482993217	0.007482993197278994	0.037414965986394606	0.0013605442176871667	0.021768707482993217	17612330
2021-10-08	0.0026631158455393427	0.0039946737683089545	0.007989347536617909	-0.007989347536617791	0.0026631158455393427	12915053
2021-10-11	-0.01128818061088977	0.0006640106241699726	0.0046480743691899255	-0.015936254980079695	-0.01128818061088977	15777270
2021-10-12	-0.008059100067159234	-0.004029550033579617	-0.002014775016789868	-0.025520483546004082	-0.008059100067159234	14499330
2021-10-13	0.0060934326337169845	0.0006770480704129849	0.012186865267433969	-0.00812457684495594	0.0060934326337169845	9413743
2021-10-14	-0.0026917900403767934	-0.0053835800807537065	0.0006729475100941983	-0.009421265141318896	-0.0026917900403767934	9787743
2021-10-15	-0.09514170040485831	-0.05060728744939271	-0.049932523616734156	-0.09986504723346831	-0.09514170040485831	48332906
2021-10-18	0.0037285607755406943	0.002237136465324337	0.008202833706189369	-0.002237136465324337	0.0037285607755406943	10339783
2021-10-19	0.008915304606240654	0.0007429420505200436	0.017830609212481308	-0.006686478454680656	0.008915304606240654	11889418
2021-10-20	-0.009572901325478703	-0.0022091310751104092	-0.0014727540500736062	-0.012518409425625916	-0.009572901325478703	10639622
2021-10-21	-0.002230483271375417	0.0014869888475837435	0.006691449814126384	-0.014869888475836378	-0.002230483271375417	13126736
2021-10-22	-0.007451564828613983	0.0007451564828613851	0.0052160953800298275	-0.008941877794336752	-0.007451564828613983	10271352
2021-10-25	0.004504504504504542	-0.0007507507507507347	0.006006006006006011	-0.01876876876876877	0.004504504504504542	15436947
2021-10-26	-0.008221225710015037	-0.006726457399103261	0.0052316890881912185	-0.008968609865470926	-0.008221225710015037	8839194
2021-10-27	-0.024114544084400925	-0.006782215523737744	-0.0015071590052750244	-0.027882441597588487	-0.024114544084400925	12020076
2021-10-28	-0.030115830115830026	0.003861003861003916	0.005405405405405427	-0.03243243243243243	-0.030115830115830026	14367876
2021-10-29	0.057324840764331114	0.015127388535031807	0.1003184713375796	0.004777070063694166	0.057324840764331114	38626875
2021-11-01	-0.003765060240963775	-0.010542168674698704	0.0045180722891566645	-0.021084337349397544	-0.003765060240963775	19820092
2021-11-02	-0.01889644746787604	-0.0068027210884353635	-0.0007558578987150254	-0.02872260015117164	-0.01889644746787604	13621458
2021-11-03	-0.0038520801232666186	0.0015408320493065927	0.008474576271186397	-0.00924499229583983	-0.0038520801232666186	9849141
2021-11-04	0.00618716163959784	0.003093580819798989	0.011600928074245967	0.0	0.00618716163959784	8024784
2021-11-05	-0.007686395080707121	-0.001537279016141397	0.006149116064565724	-0.023059185242121364	-0.007686395080707121	9245757
2021-11-08	0.010069713400464678	-0.006971340046475589	0.017815646785437678	-0.006971340046475589	0.010069713400464678	9524286
2021-11-09	0.005368098159509224	0.0030674846625767583	0.007668711656441827	-0.0023006134969324665	0.005368098159509224	8313682
2021-11-10	0.006102212051868808	-0.0015255530129671682	0.009916094584286864	-0.005339435545385224	0.006102212051868808	10594540
2021-11-11	0.015163002274450423	-0.0030326004548900036	0.022744503411675568	-0.0060652009097801425	0.015163002274450423	19280270
2021-11-12	-0.0022404779686333934	0.005227781926811074	0.01418969380134425	-0.008961911874533308	-0.0022404779686333934	12842036
2021-11-15	-0.005988023952095814	-0.0014970059880239203	0.005988023952095814	-0.005988023952095814	-0.005988023952095814	10532192
2021-11-16	-0.009036144578313195	-0.0007530120481927551	0.005271084337349419	-0.012801204819277105	-0.009036144578313195	10179720
2021-11-17	0.0015197568389057428	-0.0030395136778116204	0.010638297872340469	-0.0037993920972644916	0.0015197568389057428	9509858
2021-11-18	-0.012139605462822469	0.001517450682852775	0.0060698027314112345	-0.012139605462822469	-0.012139605462822469	10523329
2021-11-19	0.03302611367127494	-0.000768049155145913	0.041474654377880255	-0.002304147465437739	0.03302611367127494	22724971
2021-11-22	-0.012639405204460961	-0.01858736059479554	-0.002230483271375417	-0.02602230483271373	-0.012639405204460961	20570706
2021-11-23	0.003765060240963909	-0.005271084337349285	0.020331325301204923	-0.00828313253012044	0.003765060240963909	22754857
2021-11-24	0.0	-0.002250562640660117	0.0030007501875468226	-0.012003000750187558	0.0	11746044
2021-11-25	0.020255063765941453	0.0	0.03450862715678913	-0.006751687921980484	0.020255063765941453	24286755
2021-11-26	-0.008088235294117606	0.0029411764705883033	0.0029411764705883033	-0.01838235294117647	-0.008088235294117606	18288941
2021-11-29	0.022238695329873902	-0.014084507042253483	0.031875463306152686	-0.0177909562638992	0.022238695329873902	30408175
2021-11-30	-0.013052936910804912	0.010152284263959433	0.010877447425670803	-0.01450326323422765	-0.013052936910804912	18346900
2021-12-01	0.0044085231447465465	-0.002204261572373208	0.012490815576781774	-0.002939015429830944	0.0044085231447465465	15673685
2021-12-02	-0.002194586686174057	-0.002194586686174057	0.008046817849305006	-0.008046817849305006	-0.002194586686174057	14262636
2021-12-03	0.0029325513196480314	0.0029325513196480314	0.005865102639296193	-0.010997067448680377	0.0029325513196480314	12982607
2021-12-06	-0.013157894736842085	0.005847953216374275	0.02923976608187137	-0.013157894736842085	-0.013157894736842085	29073869
2021-12-07	0.0029629629629629	0.010370370370370412	0.018518518518518517	-0.0037037037037037563	0.0029629629629629	17166250
2021-12-08	0.019202363367799232	0.002215657311669213	0.02437223042836042	-0.010339734121122511	0.019202363367799232	30559693
2021-12-09	0.044927536231884	-0.0014492753623189384	0.07608695652173905	-0.005797101449275368	0.044927536231884	66129609
2021-12-10	-0.006241331484049921	-0.018723994452149763	0.006934812760055454	-0.022884882108183083	-0.006241331484049921	49915354
2021-12-13	-0.00907187718073976	0.016748080949057935	0.025819958129797572	-0.014654570830425739	-0.00907187718073976	40135431
2021-12-14	-0.017605633802816902	-0.004929577464788628	-0.0021126760563379833	-0.02183098591549287	-0.017605633802816902	22620642
2021-12-15	0.0071684587813621095	0.0021505376344086837	0.025089605734767127	-0.0014336917562723709	0.0071684587813621095	27610303
2021-12-16	0.01637010676156574	0.014946619217081784	0.03985765124555151	0.004270462633451866	0.01637010676156574	41795845
2021-12-17	-0.014005602240896309	-0.006302521008403352	-0.0028011204481792123	-0.02030812324929966	-0.014005602240896309	31016333
2021-12-20	-0.033380681818181865	-0.01207386363636363	-0.005681818181818187	-0.03480113636363638	-0.033380681818181865	25492501
2021-12-21	-0.008817046289492963	0.000734753857457736	0.0044085231447465465	-0.03453343130051425	-0.008817046289492963	37716527
2021-12-22	-0.013343217197924367	-0.0059303187546330665	-0.0007412898443291168	-0.01556708673091185	-0.013343217197924367	21502221
2021-12-23	-0.006010518407212628	0.0007513148009015618	0.0037565740045078086	-0.009767092411720569	-0.006010518407212628	16891517
2021-12-24	-0.007558578987150389	0.0	0.005291005291005312	-0.009070294784580574	-0.007558578987150389	15185155
2021-12-27	0.0007616146230007454	0.0015232292460014907	0.006092916984006098	-0.005331302361005353	0.0007616146230007454	12806742
2021-12-28	0.015220700152206947	0.0	0.01598173515981728	0.0	0.015220700152206947	19615938
2021-12-29	-0.008245877061469222	-0.005247376311844099	0.0007496251874062809	-0.010494752623688198	-0.008245877061469222	15168200
2021-12-30	0.014361300075585752	-0.0037792894935752613	0.024187452758881352	-0.005291005291005312	0.014361300075585752	23164832
2021-12-31	0.002235469448584155	-0.0014903129657227701	0.00968703427719827	-0.0037257824143070574	0.002235469448584155	16006605
