2020-01-20	0.10075195637349327	0.027400449399917357	0.11746973099664114	0.025873851406752444	0.11746973099664114	665544828
2020-01-21	0.049180291491979014	0.04015122411930395	0.10394716586528792	-0.013936639534899813	0.0651148534981672	910793651
2020-01-22	-0.04687496695352764	-0.03504300800094751	-0.001996535672212835	-0.042974161359843784	-0.03239929021464868	501749429
2020-01-23	-0.03688528796239921	-0.005615429741945435	-0.005615429741945435	-0.06663763489027787	-0.022257849327854313	483174530
2020-02-03	-0.09929082303493875	-0.08561113359883737	-0.08561113359883737	-0.08561113359883737	-0.08561113359883737	137197800
2020-02-04	0.07244091567691195	-0.040767539445637185	0.1111109334754703	-0.040767539445637185	0.08872884272920173	466617029
2020-02-05	0.07195310637751055	-0.0056825169619084	0.10015937403614933	-0.011645440398418699	0.08823352716312872	483519350
2020-02-06	0.008219125884517014	0.012406288099956848	0.033266307772345995	-0.011235067528750925	0.023531631925231108	375677535
2020-02-07	0.050271790293123036	0.004153027955868631	0.09794754155614203	-0.004122958538273212	0.06622292666193196	492226105
2020-02-10	0.0064683080223724865	-0.004512003378880608	0.07953975359176807	-0.011078546892212507	0.021754170674447102	472068840
2020-02-11	-0.026992377480685295	0.016492492831052953	0.028236308537701812	-0.016129217465193933	-0.012214612229644274	324546431
2020-02-12	0.00792610828123616	0.007141315873713798	0.03664478984072015	-0.007610421109789258	0.02323411985571723	290865128
2020-02-13	-0.0222805079184635	0.016518153896590823	0.027162323047340474	-0.015414353555658015	-0.007431226692595835	246961688
2020-02-14	-0.021447676669531287	0.007022621946697251	0.013826828851742478	-0.018833364292474758	-0.006585791863393324	256396113
2020-02-17	0.0	0.005452948209160466	0.023531631925231108	0.00406228023100109	0.015187624056275351	292830876
2020-02-18	0.05616435136672773	0.016578292034434602	0.08472102296423942	0.00406228023100109	0.07220501116080591	537211857
2020-02-19	-0.033722532491601086	0.00333721544954968	0.009920792978746177	-0.025630525678914974	-0.019046948149718478	364079161
2020-02-20	0.020134239162427892	0.015187753865071934	0.03562777575497264	0.008374413235105032	0.03562777575497264	294145623
2020-02-21	-0.009210424375192063	0.015187742943777258	0.03522434313345712	0.0031657828299693886	0.005837329521926759	303005617
2020-02-24	-0.03054447492553942	0.0003575401882182582	0.0003575401882182582	-0.018517130381370723	-0.01582074887142949	365754808
2020-02-25	-0.015068582877344828	-0.011235067528750925	0.001280944274682587	-0.025141747310343812	-0.00010972370347666473	271953726
2020-02-26	-0.0069541064554925714	0.0010682768099215241	0.037778820106195064	-0.004579499081812876	0.008127996674589494	246882924
2020-02-27	-0.0070028047048974525	0.008078562448689628	0.020875046316162396	0.0038130678261986627	0.008078562448689628	162205265
2020-02-28	-0.03102966381392709	-0.0048582961169427235	0.0023009967167483105	-0.02633617461801595	-0.01631316465084843	232032271
2020-03-02	0.02911224563229124	0.013710059121757686	0.049175134076454644	0.013710059121757686	0.044741999707117605	168503758
2020-03-03	-0.0070721386283910895	0.023803062219369578	0.02954669791204487	0.005136246218174917	0.008008064064512498	187288966
2020-03-04	-0.008547098776019167	0.00795693059327161	0.00795693059327161	-0.005058295196311504	0.0065107943944290704	132375609
2020-03-05	0.030172516272539928	0.026856528160154592	0.053111382573340325	0.012270497930606994	0.045818367458566524	272828861
2020-03-06	-0.019525866328818284	0.0010287800729859625	0.00244466236446116	-0.00888239596734067	-0.004634749092914953	155505923
2020-03-09	-0.02133713646028455	-0.003585359809658725	0.0036350361337495196	-0.009361676564385345	-0.006473518187022099	139386054
2020-03-10	0.0072674452920079916	0.003383171965710176	0.026992187776668085	-0.011372462916138451	0.022565497312113443	151128709
2020-03-11	0.0014429435227510644	0.013722759130682974	0.04595093933425956	0.006398172720779221	0.016652593694644554	166856669
2020-03-12	-0.02161369795444061	-0.0038287498240975352	0.004948089384500798	-0.011142782497929393	-0.006754362893630226	117269843
2020-03-13	-0.014727546225797047	-0.023685567545932668	0.01518759515514808	-0.035646540684726766	0.00023637873165552588	133264825
2020-03-16	-0.028400669811370884	0.02429242258815168	0.027327363099523917	-0.02274915533811893	-0.013644333804002085	124221690
2020-03-17	-0.016923022379265726	0.015187676183868877	0.030805948125159112	-0.023858003669356847	-0.001992422951550492	109606293
2020-03-18	-0.01408441753729462	0.0199537589188363	0.0326634630798187	0.0008892026773627066	0.0008892026773627066	86107331
2020-03-19	-0.01111130806107235	0.007130483825484413	0.015187527696088261	-0.015429239012206386	0.003907666277242932	113591135
2020-03-20	0.01605137273587052	0.021705789144693614	0.031482878036030476	0.010299185438134136	0.031482878036030476	83334966
2020-03-23	-0.0394944910429329	-0.010472631629592754	-0.004057543341940188	-0.02490658027681099	-0.02490658027681099	82958043
2020-03-24	0.026315736745788885	0.031884909768510404	0.046912359910770245	0.015187742943777288	0.041903209863350395	98338980
2020-03-25	0.03365396347861917	0.03633754083121112	0.05748728656246031	0.023322312688903904	0.049352768973518334	147622331
2020-03-26	-0.007751784251369903	0.0025962047720116577	0.030927023745161077	-0.006847401552371576	0.007318007934203274	105365893
2020-03-27	-0.0078126611015356	0.02470490560818135	0.02787736661625629	0.005670139559732145	0.007256370063769543	77467990
2020-03-30	-0.02047257866145824	-0.0007995202558720667	0.0007992005117185039	-0.008793124093825062	-0.0055956825586439204	58136331
2020-03-31	-0.003215305507067596	0.023348504026068372	0.024980638801229676	0.010291425824778957	0.011923560599940115	42548558
2020-04-01	-0.0016128385221159682	0.0135502996850463	0.028286895318592988	0.0070007016256921975	0.0135502996850463	50290147
2020-04-02	0.008077383866388833	0.010267499481335958	0.023387856617457216	0.00370732091327533	0.023387856617457216	66251347
2020-04-03	-0.009615325170832894	0.011933988064385056	0.013560891582173567	0.0037994704754430826	0.0054263739932314484	40877096
2020-04-07	0.021035741179037053	0.02832932295848695	0.04147091175028871	0.0234012271615614	0.03654281595336302	91263351
2020-04-08	0.012678261149366068	0.008752171954437116	0.03449385417337014	0.00392560653838728	0.02805843361863689	93935272
2020-04-09	-0.004694805845764826	0.018365045898713534	0.021542471938959064	0.008832767777976668	0.010421480798099573	58120191
2020-04-10	-0.01729569988245539	0.015187589427491663	0.015187589427491663	-0.005563100293510506	-0.0023706864902794684	59262475
2020-04-13	-0.0063999056606378266	0.010314794273431769	0.013563394898105258	0.005441893336421751	0.008690493961095096	36311082
2020-04-14	0.00966177414904069	0.018457124099409316	0.024996174655424648	0.01682236146040534	0.024996174655424648	35844310
2020-04-15	-0.006379652983923108	0.015187660758285157	0.01842589891062426	0.007092065377437617	0.008711184453607239	36319439
2020-04-16	0.003210307137470355	0.018446759514248092	0.034741907666476	0.015187729883802566	0.018446759514248092	63622511
2020-04-17	0.004800132283017404	0.020060596147452092	0.031430698333808946	0.008690493961095096	0.020060596147452092	86420577
2020-04-20	-0.0031847468392183	0.015187561559890742	0.015187561559890742	0.007104858044286545	0.011954480153648977	45388811
2020-04-21	-0.01277968742600967	0.010322479367041929	0.011944184791387065	-0.0026511640277194553	0.002213952245315956	58648571
2020-04-22	-0.001618058119990613	0.011902336968734821	0.01518773416668519	0.006974241171809124	0.013545035567710006	33335447
2020-04-23	-0.003241525486475695	0.016833029106104975	0.016833029106104975	0.010251585552020145	0.011896946440541463	36915259
2020-04-24	-0.006503969218848519	0.01683841496680508	0.01683841496680508	0.00363272126593747	0.00858485640376286	47984718
2020-04-27	-0.0016367615548620467	0.0151876053402524	0.02017215986729118	0.010203050813213477	0.013526087164572662	29758823
2020-04-28	-0.01147544885026657	0.013523465231734933	0.015187707374972558	-0.01310440906006765	0.0035380123723090383	52363306
2020-04-29	0.05306805562757458	0.01855487098192726	0.08589734179064978	0.016871309211709234	0.06906172408846908	178279359
2020-04-30	0.023622058573611774	0.043964661236664905	0.061550589680161465	0.02478001202557763	0.03916849893389305	199120999
2020-05-06	-0.015384466410329176	-0.008239731728066614	0.0011312314367076383	-0.019172522086969724	-0.00043059575742135744	108873691
2020-05-07	-0.0062500654320082815	0.010428831071844481	0.010428831071844481	-0.0006747824564175911	0.008842600567807082	55393288
2020-05-08	0.00786147861114675	0.015187589427491663	0.031149658443647137	0.011995175624260484	0.0231686239355694	70384176
2020-05-11	-0.007800157837146453	0.02152277211822486	0.02152277211822486	0.0025176972881183323	0.007268965995644999	61586452
2020-05-12	-0.007861638231836932	0.013591382525876003	0.013591382525876003	0.00241793421456723	0.007206554919413786	47570834
2020-05-13	0.011093538837762982	0.008752171954437116	0.03449385417337014	0.008752171954437116	0.02644957847995361	55854524
2020-05-14	-0.01724148081812653	0.007231540572575366	0.01200514976960183	-0.0023156778214775595	-0.0023156778214775595	52360778
2020-05-15	-0.003189826491961626	0.01842589891062426	0.021664137062963218	0.010330303529776718	0.011949422605946199	35017162
2020-05-18	-0.0032000340453344693	0.01518769521044193	0.01518769521044193	0.007066193648758424	0.011939094585768585	35314014
2020-05-19	0.008025849319416732	0.023335303959916523	0.029853363220807717	0.01681724469902533	0.023335303959916523	34379040
2020-05-20	-0.009554402171725379	0.011954480153648977	0.013571020856769788	0.0022552359349239702	0.005488317341165592	33129957
2020-05-21	-0.009646242948157722	0.016819964925423737	0.020084234475746057	0.0021307519489728722	0.005395021499295335	38561976
2020-05-22	-0.0064934112500932865	0.01353973726742773	0.015187769360545464	0.0020035126156033034	0.008595640988074384	42319396
2020-05-25	0.017973798205241136	0.015187672038646143	0.03841091943822296	0.003576048338857659	0.03343450928117088	48926284
2020-05-26	0.0	0.01355821506857966	0.021705789144693614	0.010299185438134136	0.015187729883802566	29082712
2020-05-27	-0.004815379230464977	0.01681724469902533	0.018446759514248092	0.005410640992465705	0.010299185438134136	27320267
2020-05-28	0.012903363136733483	0.0135502996850463	0.044660890466978166	0.010275500655369176	0.028286895318592988	76280115
2020-05-29	-0.011146533110229099	0.010337939450528168	0.010337939450528168	-0.009060548986921992	0.003871776638044781	42933625
2020-06-01	0.016103065899243717	0.02172664937741698	0.03643951312845176	0.018457124099409316	0.03153522521144012	66968010
2020-06-02	0.0015847223116030851	0.02162301306390363	0.02644957847995361	0.011969882231803815	0.016796447647853794	55103425
2020-06-03	0.0031645905115292106	0.015187657117156174	0.03446337212570979	0.015187657117156174	0.018400276285248374	63290302
2020-06-04	0.00473183114387461	0.0215925923968852	0.026396319320381563	0.010383896242060394	0.019991350089053124	48451675
2020-06-05	0.007849297066219252	0.016781354716128405	0.026343561813772325	0.008812848801425233	0.023156159447890973	69704117
2020-06-08	0.03738309924455493	0.018350228353969805	0.06578890358785036	0.016768939179507013	0.05313859019214886	194416808
2020-06-09	-0.01351342905872737	0.01518772665475987	0.01518772665475987	-0.007676861783410451	0.0014689735918577314	98108207
2020-06-10	0.009132362235019835	0.013642453076543874	0.03836543973694741	0.007461706411442992	0.024458759740470456	98083181
2020-06-11	-0.021116057237599236	0.01059408845331937	0.019781307439258714	-0.01084275584720554	-0.006249146354235867	89236031
2020-06-12	-0.02157172003284266	-0.0035831899322170666	0.024573015061848967	-0.008275890764561452	-0.006711657153780037	106346209
2020-06-15	-0.017322938877228064	0.015187687420033923	0.026378732793168203	-0.0023982410234626374	-0.0023982410234626374	118193632
2020-06-16	0.008012987896163244	0.020068505653327028	0.02494921620669227	0.013560891582173567	0.023322312688903904	58098476
2020-06-17	-0.009539051556521412	0.010345714157057751	0.010345714157057751	-0.00256605215804843	0.005503801788893041	55899589
2020-06-18	0.004815542181946377	0.015187729883802566	0.023335303959916523	0.010299185438134136	0.020076274329470855	39005742
2020-06-19	0.0159744471119697	0.01843100648876776	0.033026355307874275	0.01843100648876776	0.03140464988352914	87061081
2020-06-22	-0.006289374433745591	0.010398968722644966	0.011995175624260484	0.004014141116182749	0.008802761821029447	40598054
2020-06-23	-0.00949361090362949	0.011975037949063834	0.016793966701202274	0.005549799612879296	0.005549799612879296	35328809
2020-06-24	0.0031949218565023455	0.01843100648876776	0.020052711913112895	0.013565890215732202	0.01843100648876776	29180989
2020-06-29	-0.012738987356873488	0.011954480153648977	0.013571020856769788	-0.0009778454713177944	0.0022552359349239702	48324841
2020-06-30	0.004838679306299411	0.016825098714723277	0.025012096288915864	0.016825098714723277	0.0200998977444004	27075862
2020-07-01	0.011236156456887232	0.015187729883802566	0.03311239285125324	0.011928700253356898	0.02659433359036205	48714250
2020-07-02	0.023809370342021526	0.01357611892196752	0.04258147685614142	0.011964710147846778	0.039358659307899946	117569108
2020-07-03	0.013953557918031073	0.01676161425858637	0.03407489251995554	0.008891942321600434	0.029353089357763918	146512491
2020-07-06	0.051987695429436036	0.029158081941162844	0.0757263209430254	0.01984443414079039	0.06796494777604832	308889905
2020-07-07	-0.02325591346823532	0.01518767987118913	0.03879669568214704	-0.008421335939768779	-0.008421335939768779	246544835
2020-07-08	0.007440631531400228	0.013677087196623902	0.027273352151571145	0.0015915183477818767	0.02274126383325535	160732984
2020-07-09	0.019202341439539024	0.021185781135144636	0.049677014382674425	0.009189472399342764	0.03468162846292199	209485597
2020-07-10	-0.03478268289966433	0.0004747841365306549	0.0019460705837902276	-0.02306579901962303	-0.020123226125103755	159748762
2020-07-13	0.01051054644384777	0.01518772665475987	0.03500370330117408	0.01518772665475987	0.02585786792590604	141111352
2020-07-14	0.025260072079834443	0.012170788057169058	0.04988206928135568	0.007645434310266625	0.04083136178755095	216021852
2020-07-15	-0.03188410146991812	0.01371636216186707	0.01371636216186707	-0.020123226125103755	-0.017180653230584608	146251343
2020-07-16	-0.06287416049448759	-0.012167662806927127	-0.010647920749707046	-0.051680956294650006	-0.04864147218020985	540028284
2020-07-17	-0.009584765569507324	0.016809301064422476	0.016809301064422476	-0.0026511640277194553	0.005457363094006374	192125051
2020-07-20	0.01935488096514886	0.0200998977444004	0.03811129240762407	0.0135502996850463	0.03483649337794709	153367373
2020-07-21	-0.003164429880570926	0.013581347533109933	0.015187657117156174	0.002337180444787098	0.011975037949063834	97659216
2020-07-22	-0.0031746364258954055	0.011964710147846778	0.024855980340812992	0.007130483825484413	0.011964710147846778	119314037
2020-07-23	-0.00796194792508099	0.008721398747407356	0.015187561559890742	-0.0009778454713177944	0.007104858044286545	108026629
2020-07-24	-0.012841065598400309	0.011928700253356898	0.015187729883802566	-0.0027369330836482515	0.00215161136202018	120932545
2020-07-27	0.01138198740077784	0.01683841496680508	0.034996243805497936	0.010235568116371276	0.026742685242455714	80104085
2020-07-28	-0.003215305507067596	0.018452099700584895	0.020084234475746057	0.008659291049617653	0.011923560599940115	46253108
2020-07-29	0.006451517828415234	0.015187699199884786	0.02337469677407738	0.011912900170207665	0.02173729725923889	72745994
2020-07-30	-0.006410162550438044	0.015187795099961932	0.015187795099961932	0.007053277511019958	0.008680181028808324	61420042
2020-07-31	0.0	0.011912900170207665	0.018462498229561766	0.010275500655369176	0.015187699199884786	63515406
2020-08-03	0.011290360874666153	0.016825098714723277	0.028286895318592988	0.015187699199884786	0.026649495803754353	109456509
2020-08-04	0.001594994201934489	0.01680677983445478	0.021664137062963218	0.007092065377437617	0.01680677983445478	100093605
2020-08-05	-0.006369655332507078	0.011954480153648977	0.013571020856769788	0.0022552359349239702	0.008721398747407356	67879343
2020-08-06	-0.0032051626203948506	0.015187795099961932	0.015187795099961932	0.0054263739932314484	0.011933988064385056	74205131
2020-08-07	-0.003215305507067596	0.011923560599940115	0.018452099700584895	0.007027156274456494	0.011923560599940115	69019330
2020-08-10	0.00806452009048271	0.011912900170207665	0.028286895318592988	0.010275500655369176	0.02337469677407738	92357939
2020-08-11	-0.0063999056606378266	0.013563394898105258	0.020060596147452092	0.007066193648758424	0.008690493961095096	82851308
2020-08-12	0.014492824699824885	0.011918073543393843	0.04297856368446724	0.010283310904389865	0.02990046257243629	166394500
2020-08-13	-0.00158739878338642	0.024855980340812992	0.0313016154372961	0.010353301373725894	0.01357611892196752	119133695
2020-08-14	0.0031796838521738996	0.01841556810399908	0.02002953889338746	0.010345714157057751	0.01841556810399908	66882005
2020-08-17	0.014263144346483044	0.016796447647853794	0.03288499903468687	0.011969882231803815	0.02966728875732031	143363203
2020-08-18	-0.0062500654320082815	0.01201506157588188	0.013601292079919279	0.004083909055694746	0.008842600567807082	76799254
2020-08-19	-0.002727119491410281	0.007206554919413786	0.013591382525876003	0.0008217273129515691	0.004014141116182749	70911411
2020-08-20	-0.006359232026418357	0.005159123251555415	0.011561410660800997	-0.0012431641576901658	0.0003574076946211941	55027738
2020-08-21	0.001600022938011344	0.008370441150792279	0.011592071953191051	0.0035379949471943365	0.008370441150792279	58713067
2020-08-24	-0.003195094732701389	0.009976087047072793	0.009976087047072793	0.0019348761629400769	0.0035431183397665916	50628135
2020-08-25	-0.0032050134057166786	0.006759811309978548	0.009986605576997641	0.00030622277594021874	0.0035330170429593117	56462492
2020-08-26	-0.006430960806456579	0.0035225259244667977	0.009996864801398848	-0.0013332282332322752	0.00028535648600070134	60165520
2020-08-27	0.0048544393138068125	0.006759789232068621	0.013276033822567453	0.005130728084443949	0.01164697267494278	42154659
2020-08-28	0.0016103291925949486	0.001896145196475353	0.008380909890303679	0.00027495402301830774	0.008380909890303679	66698323
2020-08-31	0.0016077402016141807	0.006759695362932751	0.014852618959097777	0.005141110643699774	0.008378280082165871	98474646
2020-09-01	-0.004815478566361392	0.005143685451433842	0.008375658716551068	0.000295725553758219	0.0019117121863167599	42074680
2020-09-02	0.0	0.008383548181816287	0.010007354217535763	0.0035121300746577136	0.006759742146096811	50472420
2020-09-03	-0.0032258530705602984	0.006759742146096811	0.006759742146096811	0.0018883240389382374	0.0035121300746577136	43568583
2020-09-04	0.0016181464379355075	0.0018726057891946056	0.008388850379693438	0.0018726057891946056	0.008388850379693438	52658861
2020-09-07	0.003231064540294687	0.005133336304277622	0.0165183417316724	0.005133336304277622	0.01001262434458969	67657385
2020-09-08	0.0	0.006759718716846633	0.008380909890303679	0.001896145196475353	0.006759718716846633	48631849
2020-09-09	-0.00966181303645218	0.001896145196475353	0.005138527543389588	-0.0045886194973529726	-0.002967428323895783	71092137
2020-09-10	-0.0016260396840117215	0.010033710898231008	0.011670718533398284	0.0018486727223944806	0.005122687992729033	52076362
2020-09-11	0.0	0.005120045438640652	0.00675971924849158	0.00020102400908771984	0.00675971924849158	41882036
2020-09-14	0.0032573759906499872	0.00675971924849158	0.01331841448789544	0.005120045438640652	0.010039066868193582	36219098
2020-09-15	0.0	0.006759672083992531	0.010028372318031399	0.0018566217329340857	0.006759672083992531	31435357
2020-09-16	0.0048700364786945375	0.006759672083992531	0.016565772786109278	0.0034909718499535193	0.011662722435050977	54180056
2020-09-17	-0.006461966437654529	0.006759765651048407	0.006759765651048407	-0.0029988104295757285	0.0002540482639656982	37691531
2020-09-18	0.006503995035283201	0.006759695627896455	0.014944733803732981	0.005122687992729033	0.013307726168565705	53857808
2020-09-21	-0.0016155322701471991	0.00838619499781905	0.01163905369136033	0.0035069069575069806	0.005133336304277622	30875622
2020-09-22	-0.008090569283563331	0.0035016669368192776	0.01001791152731811	-0.0030145776536795546	-0.0013855165060548827	44658540
2020-09-23	-0.0016313449472568245	0.008402091629589159	0.010044440313025083	0.005117394262717603	0.005117394262717603	28358276
2020-09-24	-0.008169888407588984	0.005114734422695675	0.008404799019823904	-0.0014653947715609309	-0.0014653947715609309	47619239
2020-09-25	-0.018121840814536622	0.00841830252681759	0.010076885261236663	-0.013143273020630794	-0.011484690286211722	80534666
2020-09-28	-0.020134179439366674	0.008448841829444364	0.010138035869359794	-0.018578262809200736	-0.013510680689454742	81171734
2020-09-29	-0.0017125256581475953	0.010207404544450823	0.011931307965175105	0.0015878874408291072	0.005035694282277825	45196006
2020-09-30	0.003430581494442597	0.008486656978978099	0.015394099834998504	0.006759796264973036	0.010213517692983162	35785483
2020-10-09	0.0017094264205767566	0.015364530494580678	0.02224835781996767	0.005038789506500111	0.008480703169193684	60264900
2020-10-12	0.008532374540730291	0.006759721502085522	0.020503881522591822	0.003323681496958871	0.015349821514901921	73184199
2020-10-13	-0.006768117161625612	0.0050562848554371684	0.0050562848554371684	-0.00346114128740564	-5.4170830268486387e-05	37554626
2020-10-14	-0.006814408223391704	0.005044603570789684	0.006759696750944578	-0.0018157691498300469	-0.0001006759696751523	37450719
2020-10-15	-0.00857610836396349	0.005032935550967973	0.006759796264973036	-0.0018745073050524307	-0.0018745073050524307	50805625
2020-10-16	-0.008650642584327448	0.005017773312580335	0.006759571879846624	-0.001949420956484198	-0.001949420956484198	50667653
2020-10-19	0.001745225841852317	0.006759697353627708	0.013787688260110124	0.0050026996270069474	0.008516695080248313	32930960
2020-10-20	-0.013937307286203817	0.006759672083992563	0.006759672083992563	-0.012533631736432436	-0.007271821603589227	58437171
2020-10-21	-0.01766792120308851	0.0067596976661495525	0.008538425047185114	-0.014585030906277665	-0.011027576144206542	78126335
2020-10-22	-0.00539558054186861	0.003138338208996029	0.004949057231033889	-0.004104537879155574	0.0013276191869581683	41721261
2020-10-23	0.0036166885435119315	0.00493913018148976	0.014041839694003383	0.00493913018148976	0.010400755888997902	37431725
2020-10-26	0.03963948210108376	0.024899432876887274	0.050295171036668494	0.017643507688378333	0.04666720844241394	132295676
2020-10-27	-0.008665462277217465	-0.001964315687760114	0.0032701372019894393	-0.008943586207426133	-0.001964315687760114	49926524
2020-10-28	-0.012237762853171035	0.003239583821019346	0.003239583821019346	-0.014361110631981087	-0.005560763405480792	40587551
2020-10-29	-0.010619444111827685	-0.003931530360309559	-0.00036777912725155016	-0.009277157209896494	-0.003931530360309559	33749857
2020-10-30	-0.0017889345402683514	0.006759697986498581	0.015764704229669378	-0.0004443070080380881	0.004958696737864454	34700371
2020-11-02	-0.007168381826796144	0.004955495085821835	0.008563952877871386	-0.005869878290327144	-0.0004571916022526545	36873322
2020-11-03	0.01444027707333871	0.006759645947710635	0.02674945841237643	0.003125134590498599	0.021297691376558455	36106563
2020-11-04	0.0	0.0031770258129988557	0.008551188451282823	-0.0004057492791903497	0.00675980090518822	29115051
2020-11-05	0.007117540998143364	0.010342575997377425	0.01392535108956679	0.004968413359093617	0.01392535108956679	35369556
2020-11-06	0.007067061757592495	0.0067596976661495525	0.0192107893333988	0.0014235155230427085	0.013874607190291958	45285029
2020-11-09	0.003508822748107909	0.013824754562564665	0.013824754562564665	0.00675977369453285	0.01029226412854868	46979802
2020-11-10	0.010489661880099189	0.036680903281719905	0.04372118106292004	0.015560069938119477	0.01732013938341963	97314969
2020-11-11	-0.0069205140674619275	-0.001949420956484198	0.006759571879846624	-0.014142010927347442	-0.00020762238921806443	50628610
2020-11-12	0.008710751281250755	0.006759672083992563	0.020791165771574353	-0.00025607475979833147	0.015529355638731143	36471726
2020-11-13	-0.010362669975469165	0.0015433504824448028	0.005020931560508928	-0.008889392751747263	-0.003673021134651153	34266935
2020-11-16	0.013961631035045692	0.008516695080248313	0.02432967461983406	0.0032457019003863433	0.020815679166592698	40869186
2020-11-17	0.010326997620858834	0.005026867140646498	0.024087721517451918	0.003294062197300593	0.017156501744068145	61903696
2020-11-18	0.0	0.003329510390634637	0.010189883111254367	-0.0035308623299850936	0.006759696750944578	44339824
2020-11-19	-0.010221440825769364	0.006759696750944578	0.008474789931099473	-0.0052459555101399885	-0.0035308623299850936	39051082
2020-11-20	-0.0051634121701823145	0.003294062197300593	0.006759672083992404	-0.00017154768939137176	0.0015612572539546875	28379612
2020-11-23	0.0017299543370087695	-0.00020762238921806443	0.008501370447112758	-0.005433018091016619	0.008501370447112758	48089004
2020-11-24	-0.008635529333048623	0.003282141021476788	0.003282141021476788	-0.003673021134651153	-0.0019342305956191676	26712310
2020-11-25	-0.0017421853349844061	0.012021482216835617	0.022545102482522037	0.003251798662097038	0.005005735373044879	39102369
2020-11-26	-0.006980727667636425	0.006759697353627708	0.006759697353627708	-0.005539286732716833	-0.00026829355285486477	28009394
2020-11-27	0.007029800792526789	0.008528970260073106	0.01383701747196827	0.0032209230481779396	0.01383701747196827	25679802
2020-11-30	0.012216405193193376	0.010273692806868916	0.02432967461983406	0.010273692806868916	0.019058681439972094	72055625
2020-12-01	0.010344803045691115	0.0015523193052940595	0.017174452535359437	-0.00018347327582426414	0.017174452535359437	56748889
2020-12-02	-0.0017065092685461447	0.008477741504648771	0.01363180151233867	0.0016056614943956219	0.00504170149952212	43164411
2020-12-03	0.020512772855554456	0.006759746337846821	0.04117888296478179	0.001596875843806691	0.0274112283140078	97692760
2020-12-04	-0.010050228375954819	0.005073428539869407	0.008446158165842202	-0.011790219589994114	-0.0033583955250623535	49815544
2020-12-07	-0.013536404671774256	0.003352799626868516	0.003352799626868516	-0.010275082201679796	-0.0068681117445426425	41630598
2020-12-08	-0.01029157179725606	0.008486656978978099	0.010213517692983162	-0.0036013680190576467	-0.0036013680190576467	30685717
2020-12-09	-0.008665462277217465	0.0050149548319059056	0.008504590091738993	-0.001964315687760114	-0.001964315687760114	32077078
2020-12-10	-0.0034965539600329584	0.004999653266319342	0.008519792156919491	-0.0002805550695808031	0.003239583821019346	21539936
2020-12-11	-0.005263057497640373	0.00675977369453285	0.01029226412854868	-0.0020714523905068804	0.001461038043508949	28869756
2020-12-14	0.0	0.01208644283575977	0.01208644283575977	0.003208491582814541	0.006759672083992569	30255607
2020-12-15	-0.0035273875918201214	0.004984081833403555	0.006759672083992569	-0.003893869419541674	0.003208491582814541	27759164
2020-12-16	0.014159318211624033	0.01032347457192216	0.022796603887624955	0.0067597233388643095	0.021014728271096027	29707453
2020-12-17	0.003490451683704634	0.0032457019003863433	0.010273692806868916	-0.005539286732716833	0.010273692806868916	25045075
2020-12-18	0.006956446527143157	0.005008760559814401	0.015514078614446538	0.0015069878749369176	0.013763192272007875	29132990
2020-12-21	-0.0017269667633666135	0.005020931560508928	0.006759722099540913	-0.005411811673683292	0.005020931560508928	28449968
2020-12-22	-0.008650642584327448	0.0032759747453142024	0.01024316901437889	-0.001949420956484198	-0.001949420956484198	36177198
2020-12-23	-0.006980727667636425	0.008516695080248313	0.01203069053348952	-0.0037822890060962293	-0.00026829355285486477	28532477
2020-12-24	-0.012302461023009404	0.004990272118809609	0.006759621189441436	-0.005625822304980565	-0.005625822304980565	26479197
2020-12-25	0.007117540998143364	0.004968413359093617	0.01392535108956679	0.004968413359093617	0.01392535108956679	15854255
2020-12-28	-0.019434553237933076	0.0067596976661495525	0.0067596976661495525	-0.014585030906277665	-0.012806303525242103	54336032
2020-12-29	0.0018016462243067783	0.006759619905614838	0.01401554509412378	0.003131657311360447	0.008573601202742033	20469702
2020-12-30	0.001798768276492348	0.010381214297147631	0.010381214297147631	0.0013276191869581683	0.008570495275109771	22296963
2020-12-31	0.016157858454304244	0.00675956810195284	0.02844918177739888	0.00314463248937842	0.02302677835853733	42785295
2021-01-04	-0.005300251850009958	0.008538425047185114	0.008538425047185114	-0.005691394001099697	0.0014235155230427085	40251252
2021-01-05	-0.005328673031843052	0.0031831842894003595	0.0031831842894003595	-0.009334252947722334	0.0013949789698112897	57800971
2021-01-06	0.014285739968358913	0.0013663166978282848	0.039119804400977995	-0.0022292535596146286	0.02114195311376375	74410404
2021-01-07	-0.0158451206631568	0.0032147182588446923	0.0032147182588446923	-0.016282387573041037	-0.009192530906900786	56020542
2021-01-08	-0.003577688980411814	-0.0004443070080380881	0.006759697986498581	-0.0022453082566722153	0.0031576954892303262	35044893
2021-01-11	-0.012567504403895232	0.00314463248937842	0.004952100295665549	-0.00589270654205739	-0.00589270654205739	52092743
2021-01-12	-0.009090857504872247	0.0030988065137722343	0.008590223337752622	-0.007884027134188867	-0.002392610310208316	63207609
2021-01-13	0.012844037036195398	0.003065167647656903	0.025232353673019507	-0.017254752875592028	0.019690557166678814	78370376
2021-01-14	0.010869539445738685	-0.0005356618177446324	0.039588818912199876	-0.009654861983641252	0.017702738514048282	87493059
2021-01-15	0.001792140562421483	-0.0022614204982774307	0.024802012942094692	-0.016695251666475962	0.008563952877871386	82425455
2021-01-18	-0.014311296222021602	0.0031576954892303262	0.006759697986498581	-0.009449313251208884	-0.007648312002574757	41355244
2021-01-19	0.0018149082295571687	0.006759724641165868	0.01589547531849039	-0.002376026036158654	0.00858687477663074	46072591
2021-01-20	-0.0018116203049568695	0.004935858281793145	0.01952657854722754	-0.0005356618177446324	0.004935858281793145	46893285
2021-01-21	0.007259632918229162	0.0012782742347712522	0.019549775589420296	0.0012782742347712522	0.014068325183025518	53822748
2021-01-22	0.021621568672978236	0.006759619905614838	0.050295171036668494	-0.0004963052828941048	0.028527395471141664	123686365
2021-01-25	-0.028218745616511436	0.003208491582814541	0.003208491582814541	-0.02164977192543229	-0.02164977192543229	72656440
2021-01-26	-0.003629816459114662	0.003105424370236124	0.014068325183025518	-0.006030326307088398	0.003105424370236124	39622882
2021-01-27	-0.007285896670870926	0.006759777581275253	0.0140950036474412	-0.0005754484848906929	-0.0005754484848906929	46104102
2021-01-28	-0.009174259389696715	0.012301495158224778	0.012301495158224778	-0.008018425365024317	-0.002476628858683625	46034782
2021-01-29	-0.0018518784363829868	0.004895275556640075	0.019810233264345323	-0.004426573010675663	0.004895275556640075	43477872
2021-02-01	-0.014842327239853582	-0.0025794714418330726	0.0011561859684972272	-0.010050786262493505	-0.008182957557328438	41480634
2021-02-02	-0.0056496093260453946	0.006759699352355834	0.0086556686543378	-0.0027201471575533215	0.001071791446410442	32028028
2021-02-03	-0.022727407065888865	0.006759589814109873	0.006759589814109873	-0.01612130995439264	-0.01612130995439264	50022477
2021-02-04	0.0038760249535935245	0.0067597282060908185	0.01651515192901802	-0.0010446107722509776	0.01066189769526163	32162048
2021-02-05	-0.0019305296955232608	0.002872569102973248	0.012590326555521404	-0.0010145338780461178	0.004816120593482845	30175294
2021-02-08	0.01160538836485675	0.010654321754558306	0.020390875914043417	0.004812389258867169	0.01844356508214643	41848696
2021-02-09	0.009560367469225506	0.00868469825312753	0.022159493840478352	0.0009848150603555576	0.016384581445899504	41635044
2021-02-10	0.03409082458758598	0.018200039698361047	0.07540228911961726	0.012479814756235375	0.041080939466863566	85295973
2021-02-18	-0.0036630563453516644	0.03257402265024875	0.03626178701685687	0.0012280255340804949	0.0030719077173846352	86412256
2021-02-19	0.07904414826461649	0.008610386577227921	0.09559146578664018	0.006759725317453231	0.08633815948776657	267527613
2021-02-22	-0.01192504288161729	-0.0001006759696751523	0.008474789931099473	-0.024111980491844133	-0.0052459555101399885	152313603
2021-02-23	-0.0017241627708249009	0.01196707479200431	0.031060793184306334	0.0015523193052940595	0.005023904467530861	103365526
2021-02-24	-0.010362669975469165	-0.0019342305956191676	0.01719246533373298	-0.014105764368843372	-0.003673021134651153	80773590
2021-02-25	0.012216405193193376	0.01203069053348952	0.033114663252937236	0.0050026996270069474	0.019058681439972094	84751522
2021-02-26	-0.02068960609138223	-0.01059822876253436	0.0015523193052940595	-0.01754139908700781	-0.014069813924771163	65712426
2021-03-01	0.0052815887234412525	0.012077039091519966	0.020939359924195242	-0.005647602573830583	0.012077039091519966	74585197
2021-03-02	-0.0017513388053341326	0.00852290008165147	0.02439126739062848	0.0014702923887727828	0.0049965962352122055	59873925
2021-03-03	0.007017645496215975	0.00675977369453285	0.01912349021358841	0.001461038043508949	0.013824754562564665	74810026
2021-03-04	-0.0052265560049530625	-0.00025607475979833147	0.010267545505887933	-0.0020100114707460163	0.0014978619511493534	54002601
2021-03-05	0.0035026776106681086	0.0014702923887727828	0.012049203928090894	-0.009108619150545172	0.01028605200487126	59576916
2021-03-08	-0.017451907018977485	0.0050026996270069474	0.01203069053348952	-0.01432427536582001	-0.010810279912578801	57810672
2021-03-09	0.0035522698673634903	0.006759594928578181	0.031794469402823405	0.0031831842894003595	0.01033600556775616	87405155
2021-03-10	0.0017699370498982534	0.0067597233388643095	0.015669101421509093	0.0031959721058063004	0.008541598955393234	43010565
2021-03-11	0.010600681572757729	0.012095879809256397	0.022768244095469927	0.00498097028511399	0.017432061952363083	52543567
2021-03-12	0.008741208893138232	0.004999653266319342	0.01732013938341963	0.0014795143757193496	0.015560069938119477	69258653
2021-03-15	0.02426343396161885	0.018973495871237946	0.03991130743023601	0.011994225351571925	0.03118721928065352	159132399
2021-03-16	-0.005076045284088602	0.003352799626868516	0.00846325531257417	-0.0068681117445426425	0.0016493143983000147	74762053
2021-03-17	-0.020408114345982782	0.0033353194578565966	0.0033353194578565966	-0.017210796298959597	-0.013786443672823641	76332641
2021-03-18	-0.013888913164535721	0.00850746837359018	0.012003161504867872	-0.008970997282797804	-0.0072231507171590355	72062853
2021-03-19	-0.010563531939715704	0.0014422540923096688	0.00853211075844992	-0.005647602573830583	-0.003875138407295559	56353661
2021-03-22	0.008896926247679047	0.010342575997377425	0.02109090127394536	0.008551188451282823	0.015716738635661393	41877191
2021-03-23	-0.014109372808255718	0.006759672083992569	0.013862033086348785	-0.009220640171308876	-0.00744504992071986	47169475
2021-03-24	-0.021466854282970117	0.004958696737864454	0.006759697986498581	-0.01845431949437968	-0.014852316997111426	59165994
2021-03-25	0.009140714998123587	0.008600156848367574	0.023324246729365488	0.008600156848367574	0.01596220178886645	37973260
2021-03-26	0.03804347925208699	0.004935858281793145	0.052355699144454856	0.004935858281793145	0.04506033901173782	119774173
2021-03-29	0.003490451683704634	0.006759697353627708	0.015544685986730885	0.0014887041737657394	0.010273692806868916	57363427
2021-03-30	0.00521746621183303	0.008510533244691728	0.027770283011517495	0.0032578742173757368	0.01201230592956921	69742746
2021-03-31	0.012110551258344988	0.006759571879846624	0.020693960417976002	0.001534176178048069	0.018952161850709713	68379200
2021-04-01	-0.005128107166047111	0.0033178326751534012	0.008480703169193684	-0.005286951481580302	0.001596875843806691	48386367
2021-04-02	0.010309253383931965	0.005029819632608845	0.020598267785265568	0.0015701644875741204	0.01713861264023069	81940599
2021-04-06	0.0034014094635409836	0.006759672083992553	0.020457082588536683	0.0033353194578565966	0.01018402471012866	82239637
2021-04-07	0.028813460410286998	0.010172367485691187	0.04088706784843175	0.006759623000942303	0.03576795112130842	151230118
2021-04-08	-0.009884655522317577	-0.0015331938796971387	0.010076885261236663	-0.004850359348535283	-0.0031917766141162113	74076833
2021-04-09	-0.0016639174812179331	0.005084555250921847	0.008434837101758182	-0.011666854003260124	0.005084555250921847	56856139
2021-04-12	0.011666667225977674	0.00675972034899662	0.030250780490473153	0.0017259217472515955	0.018505250419734963	90919201
2021-04-13	-0.03459637725724818	0.00841830252681759	0.00841830252681759	-0.03138768309924103	-0.02807051763040274	81048285
2021-04-14	0.0017065092685461447	0.00504170149952212	0.011913781509775269	-0.00011235850816762728	0.008477741504648771	32565241
2021-04-15	-0.017035849049160914	0.0016144172104797423	0.005044603570789684	-0.015536514591069507	-0.010391235050604825	43427825
2021-04-16	0.00693250940718423	0.0050149548319059056	0.022463131131071033	0.0015253195720729732	0.013739042981488392	37820918
2021-04-19	0.02925979771235079	0.015423696800722237	0.05007979566764096	0.010225281970684369	0.03621735612087357	83390197
2021-04-20	-0.008361156716468154	0.0067597689368483595	0.016861037521498947	-0.01007567870423615	-0.0016579548836939695	56336436
2021-04-21	-0.00843165510619022	-0.0017289782458408344	0.006759720918735319	-0.008519937577501788	-0.0017289782458408344	38031709
2021-04-22	-0.0017007047317703396	0.00847184839706053	0.013608377336264616	-0.0018012094813474899	0.005047495770924575	52450795
2021-04-23	0.0051108061675436255	0.006759696750944578	0.015335162651719204	-0.0018157691498300469	0.011904976291409413	37598701
2021-04-26	-0.018644164394632057	0.006759623000942303	0.015291484212814664	-0.013716843907551455	-0.012010471665177014	60832352
2021-04-27	-0.013816951260310092	0.003282141021476788	0.008498512638572897	-0.008889392751747263	-0.0071506022127152775	35574738
2021-04-28	0.007005355221336373	0.0049965962352122055	0.01733865969774979	-0.005582315304105905	0.013812355851310526	55651231
2021-04-29	0.022608670074008134	0.006759646902253064	0.045279146435904444	0.0015069878749369176	0.02952116935395616	70466151
2021-04-30	0.0	-0.0018012094813474899	0.020457082588536683	-0.012074267359755662	0.006759672083992553	65701441
2021-05-06	-0.03061234273660558	0.0033353194578565966	0.017032729962400725	-0.02577167786429964	-0.02405950155123166	66031632
2021-05-07	-0.010526291619802315	0.00675977369453285	0.013824754562564665	-0.007370188041530781	-0.0038376976075149517	55371995
2021-05-10	-0.0053190473410920855	0.008544784118757734	0.008544784118757734	-0.005735496010357432	0.0014046440542001513	46496737
2021-05-11	0.0053474908983363965	0.0031704853245488798	0.013937968172397437	0.0013759048499075066	0.012143387697755904	29892282
2021-05-12	0.0	0.008544784118757734	0.015684924183315317	-0.0021654259780787195	0.006759749102618219	50367469
2021-05-13	-0.0053190473410920855	-0.00038039096193936327	0.006759749102618219	-0.00038039096193936327	0.0014046440542001513	32479982
2021-05-14	0.003565113570922537	0.008554226748473158	0.012143387697755904	-0.002213256099375399	0.010348807223114532	46878796
2021-05-17	-0.005328673031843052	0.008547800248167092	0.008547800248167092	-0.003969636988955442	0.0013949789698112897	44162726
2021-05-18	-0.012500000000000056	0.0031641018265496615	0.004961886955271038	-0.007622608945778919	-0.0058248238170573825	55553259
2021-05-19	-0.005425032815267736	0.008580213986495241	0.012221297791500562	-0.0005224955260182212	0.001298046376484439	42489581
2021-05-20	0.016363689946552004	0.008590223337752622	0.02506447380969411	0.006759751063092493	0.02323400153503398	39680923
2021-05-21	-0.003577688980411814	0.010361700483766995	0.010361700483766995	-0.0022453082566722153	0.0031576954892303262	34429539
2021-05-24	0.0	0.00675956810195284	0.00856703590823997	0.0013371646830912902	0.00675956810195284	33627619
2021-05-25	0.005385892569174583	0.00856703590823997	0.01398943932710152	0.00314463248937842	0.01218197152081423	67230358
2021-05-26	0.0017857399683590162	0.006759672083992415	0.008557457212713952	0.0013663166978282848	0.008557457212713952	53812500
2021-05-27	0.04991087216072684	0.010348807223114532	0.05700789956379119	0.0049650657991902524	0.05700789956379119	248272307
2021-05-28	-0.0169780015325309	-0.0017866992521775743	-0.0017866992521775743	-0.020588662108728926	-0.010333046005155475	86331300
2021-05-31	-0.0017269667633666135	0.003282141021476788	0.005020931560508928	-0.012366973829811388	0.005020931560508928	64504359
2021-06-01	-0.0051903855505964075	0.005017773312580335	0.005017773312580335	-0.014142010927347442	0.001534176178048069	70999197
2021-06-02	-0.015652223546864977	0.005008760559814401	0.005008760559814401	-0.010749216522133884	-0.00899833017969522	50151547
2021-06-03	0.007067061757592495	0.00498097028511399	0.017432061952363083	0.00498097028511399	0.013874607190291958	51317487
2021-06-04	-0.0017542347495323074	0.00675977369453285	0.01029226412854868	-0.0038376976075149517	0.004993528477524935	46025657
2021-06-07	-0.008787472159292386	0.004990272118809609	0.004990272118809609	-0.007395171375612234	-0.0020871241637172256	40822879
2021-06-08	0.010638273185685969	0.008544784118757734	0.0228250642478729	-0.00038039096193936327	0.01746995919945467	68299938
2021-06-09	0.01052646824432404	0.004993528477524935	0.01912349021358841	-0.0003052071734989656	0.017357244996580496	83572455
2021-06-10	0.005208233196290431	0.005011775242312646	0.013751008070506637	-0.00023176445460381114	0.012003161504867872	77234309
2021-06-11	0.0	0.010237303177604884	0.02240883695082909	0.0015433504824448028	0.006759722099540913	190154401
2021-06-15	-0.018998199308517788	0.010237303177604884	0.011976093716637022	-0.02106092652497147	-0.012366973829811388	95367261
2021-06-16	-0.0070423546264770836	0.0014422540923096688	0.012077039091519966	-0.003875138407295559	-0.0003302100742255121	43411512
2021-06-17	-0.00709212262262338	0.008544784118757734	0.008544784118757734	-0.00038039096193936327	-0.00038039096193936327	37625862
2021-06-18	-0.007142959873435905	0.004961886955271038	0.006759672083992415	-0.0058248238170573825	-0.0004314684308932518	45124534
2021-06-21	-0.014388335492917619	0.003138338208996029	0.00675977625307175	-0.014968852011382896	-0.007725975923231294	87169955
2021-06-22	-0.016423409292244277	0.006759619239102918	0.012271077008659932	-0.015286211839125631	-0.009774754069568617	85312810
2021-06-23	-0.005565755975651066	0.006759672083992428	0.012363158199487793	-0.0025794714418330726	0.0011561859684972272	77519432
2021-06-24	0.0018655104458817997	0.00488128125932096	0.012394412334157012	0.0030029984906119883	0.008637846796739068	67794147
2021-06-25	0.01117315817338917	0.008634511348450622	0.01988322337092414	0.004884940674292891	0.01800843803384511	61929747
2021-06-28	-0.018416101778034107	0.006759752081239356	0.008613821606250972	-0.015489082218898552	-0.011780943168875485	90522082
2021-06-29	-0.007504798163579719	0.00675964491795098	0.00864849978646492	-0.008351194030160868	-0.0007957745561049437	70033087
2021-06-30	0.0	0.006759754198368945	0.012469166793066738	0.002953479135237028	0.006759754198368945	35225609
2021-07-01	-0.005670969216560196	0.00866289172993482	0.010566029261500694	0.0010503416036711536	0.0010503416036711536	42952508
2021-07-02	-0.0019011679751669726	0.006759644556425729	0.012501619715492844	0.0010176693973587838	0.004845652836736747	43215937
2021-07-05	-0.015238122632916342	0.008677309554628572	0.012512584495901011	-0.016251977563641697	-0.008581427681096985	71528578
2021-07-06	0.005802596816886853	0.008707010922661145	0.014548943418352282	0.0009177675950730203	0.012601632586455294	61220763
2021-07-07	0.0	0.004823734749766949	0.010631964430401316	-0.0009844949308675903	0.006759811309978404	39541567
2021-07-08	0.013461733930806475	0.008695887870189859	0.020312347231458767	0.0009515816293438653	0.020312347231458767	52998915
2021-07-09	-0.003795120788229642	0.004849257328522255	0.01631141615736481	0.0010285377189081831	0.002938897523715219	42648447
2021-07-12	0.0038095785991657306	0.008677309554628572	0.018265496907809417	0.006759672083992436	0.010594947025264707	42989806
2021-07-13	-0.0018975603941149058	0.004849257328522255	0.008669976938136497	-0.0027921818907060583	0.004849257328522255	30899609
2021-07-14	-0.011407007851002515	0.006759644556425729	0.00867363627611471	-0.008552289201086465	-0.004724305761708331	38330667
2021-07-15	0.005769314541774179	0.006759811309978404	0.012568040990612943	0.0028876581895553206	0.012568040990612943	28559093
2021-07-16	-0.0038239544906104243	0.002909785858548508	0.00868469825312753	-0.0009401557378373928	0.002909785858548508	27061818
2021-07-19	0.001919220006728488	0.006759588708756461	0.010624308818962909	-0.0029022115667594016	0.008691948763859599	40215769
2021-07-20	-0.0019155436570181766	0.000973779694350154	0.006759755299519684	-0.0009548788407065273	0.004831096764463174	22194463
2021-07-21	-0.009597066213669955	0.004827228653653323	0.010624308818962909	-0.00676693167696585	-0.0029022115667594016	54642688
2021-07-22	0.0019380124767967623	0.008710812950676224	0.012612982439847209	0.0048086434615054125	0.008710812950676224	24898384
2021-07-23	-0.0019342638493233565	0.006759700090764157	0.008707010922661145	0.0009177675950730203	0.004812389258867169	27054577
2021-07-26	-0.015503904705899265	0.0067597282060908185	0.008710812950676224	-0.01080003449517818	-0.008848949750592774	62571961
2021-07-27	-0.025590525043049966	0.006759757592861191	0.01270518923218916	-0.02296740060377848	-0.01900377951089311	70232184
2021-07-28	-0.010100952577752346	0.004725872545438565	0.016929020794978225	-0.005443417662511362	-0.003409559620921268	65958754
2021-07-29	0.0	0.006759672083992644	0.010868895235355792	-0.0014587742187338335	0.006759672083992644	43658548
2021-07-30	-0.011731832097142066	0.0005958373569477403	0.0005958373569477403	-0.015841055248505213	-0.011731832097142066	47898438
2021-08-02	-0.016632016632016463	-0.008316008316008323	-0.008316008316008323	-0.03326403326403311	-0.016632016632016463	90674935
2021-08-03	-0.014799154334038113	-0.0021141649048627216	-0.0021141649048627216	-0.01902748414376337	-0.014799154334038113	70920601
2021-08-04	-0.023605150214592342	0.0	0.00214592274678107	-0.030042918454935744	-0.023605150214592342	96502457
2021-08-05	0.004395604395604497	-0.002197802197802151	0.019780219780219748	-0.006593406593406648	0.004395604395604497	63135862
2021-08-06	-0.013129102844639058	0.002188183807439778	0.002188183807439778	-0.015317286652078837	-0.013129102844639058	42528749
2021-08-09	0.011086474501108608	-0.0022172949002216822	0.01552106430155217	-0.011086474501108608	0.011086474501108608	48420254
2021-08-10	0.004385964912280803	0.0	0.006578947368421108	-0.006578947368420913	0.004385964912280803	30865120
2021-08-11	0.004366812227074143	0.0	0.013100436681222622	-0.004366812227074336	0.004366812227074143	40805341
2021-08-12	-0.013043478260869481	0.0	0.002173913043478408	-0.015217391304347697	-0.013043478260869481	36257837
2021-08-13	-0.004405286343612437	-0.0022026431718061203	0.004405286343612241	-0.006607929515418557	-0.004405286343612437	25742432
2021-08-16	0.008849557522123902	0.004424778761062049	0.017699115044247805	0.002212389380531123	0.008849557522123902	32588290
2021-08-17	0.004385964912280803	0.0	0.013157894736842216	-0.004385964912280609	0.004385964912280803	53411630
2021-08-18	-0.004366812227074336	-0.004366812227074336	-0.0021834061135370714	-0.013100436681222816	-0.004366812227074336	42863374
2021-08-19	-0.01973684210526313	-0.0021929824561403044	-0.0021929824561403044	-0.01973684210526313	-0.01973684210526313	63797351
2021-08-20	-0.01565995525727056	0.002237136465324536	0.0044742729306488736	-0.020134228187919434	-0.01565995525727056	59156458
2021-08-23	0.018181818181818195	0.0	0.022727272727272645	0.0	0.018181818181818195	49301548
2021-08-24	-0.0022321428571430075	0.0	0.004464285714285619	-0.006696428571428627	-0.0022321428571430075	38255112
2021-08-25	0.02908277404921698	0.0	0.033557046979865855	-0.004474272930648674	0.02908277404921698	86519194
2021-08-26	-0.006521739130434644	-0.004347826086956429	0.01086956521739146	-0.006521739130434644	-0.006521739130434644	43774800
2021-08-27	0.008752735229759306	0.0	0.013129102844638864	-0.00437636761487975	0.008752735229759306	40857336
2021-08-30	-0.015184381778741925	0.0	0.0	-0.02169197396963135	-0.015184381778741925	46491686
2021-08-31	0.04625550660792951	0.017621145374449355	0.05066079295154175	0.015418502202643234	0.04625550660792951	144557772
2021-09-01	0.02947368421052625	0.0	0.03578947368421051	-0.002105263157894692	0.02947368421052625	134385947
2021-09-02	0.0	-0.002044989775051081	0.01022494887525577	-0.020449897750511176	0.0	85056852
2021-09-03	-0.004089979550102162	0.0	0.002044989775051263	-0.01431492842535775	-0.004089979550102162	75827430
2021-09-06	-0.004106776180698247	-0.004106776180698247	0.0020533880903490323	-0.0061601642710472785	-0.004106776180698247	62176738
2021-09-07	0.00618556701030933	0.002061855670103232	0.01237113402061866	-0.006185567010309147	0.00618556701030933	63020793
2021-09-08	-0.0020491803278688088	0.0020491803278688088	0.0061475409836066084	-0.008196721311475417	-0.0020491803278688088	58567742
2021-09-09	0.032854209445585245	-0.0020533880903490323	0.034907597535934275	-0.004106776180698247	0.032854209445585245	99792728
2021-09-10	-0.003976143141153173	-0.0059642147117296715	0.013916500994035665	-0.0059642147117296715	-0.003976143141153173	94480850
2021-09-13	-0.013972055888223433	-0.009980039920159646	0.0	-0.015968063872255505	-0.013972055888223433	55948322
2021-09-14	-0.032388663967611364	-0.002024291497975845	0.00404858299595133	-0.03441295546558721	-0.032388663967611364	74622194
2021-09-15	0.00836820083682009	-0.002092050209205162	0.01464435146443502	-0.004184100418410139	0.00836820083682009	37463633
2021-09-16	-0.004149377593361091	-0.002074688796680638	0.006224066390041361	-0.010373443983402637	-0.004149377593361091	46506486
2021-09-17	0.004166666666666763	0.0	0.006250000000000052	-0.008333333333333342	0.004166666666666763	31588424
2021-09-22	-0.01867219917012445	-0.008298755186721999	-0.002074688796680638	-0.02074688796680509	-0.01867219917012445	40076594
2021-09-23	0.012684989429175392	0.006342494714587602	0.02325581395348825	0.004228329809725068	0.012684989429175392	41133534
2021-09-24	0.004175365344467552	0.004175365344467552	0.010438413361169066	-0.006263048016701514	0.004175365344467552	37002350
2021-09-27	-0.018711018711018684	-0.006237006237006105	0.0	-0.02079002079002072	-0.018711018711018684	43674105
2021-09-28	0.014830508474576332	0.0021186440677967533	0.014830508474576332	0.0	0.014830508474576332	26473644
2021-09-29	-0.004175365344467738	-0.004175365344467738	0.0	-0.02087682672233813	-0.004175365344467738	40346828
2021-09-30	-0.002096436058700165	0.0	0.002096436058700351	-0.010482180293501012	-0.002096436058700165	33265109
2021-10-08	0.03991596638655471	0.008403361344537823	0.044117647058823525	0.008403361344537823	0.03991596638655471	92783624
2021-10-11	0.012121212121212041	-0.004040404040404133	0.022222222222222105	-0.008080808080808088	0.012121212121212041	72408253
2021-10-12	-0.01197604790419154	0.0	0.0	-0.021956087824351184	-0.01197604790419154	51705473
2021-10-13	-0.0020202020202019773	-0.0020202020202019773	0.0040404040404039545	-0.014141414141414198	-0.0020202020202019773	31683073
2021-10-14	-0.002024291497975845	0.0	0.010121457489878506	-0.00404858299595151	-0.002024291497975845	23057352
2021-10-15	-0.04056795131845828	-0.03245436105476676	-0.02028397565922914	-0.04259634888438133	-0.04056795131845828	79520831
2021-10-18	-0.023255813953488438	-0.0021141649048627216	0.0	-0.031712473572938764	-0.023255813953488438	64146741
2021-10-19	0.006493506493506547	-0.002164502164502118	0.010822510822510784	-0.002164502164502118	0.006493506493506547	35897581
2021-10-20	0.004301075268817112	0.0	0.010752688172042972	-0.004301075268817303	0.004301075268817112	27951636
2021-10-21	0.004282655246252776	0.0	0.00856531049250536	-0.004282655246252586	0.004282655246252776	24763699
2021-10-22	-0.010660980810234692	0.0021321961620468627	0.006396588486140588	-0.014925373134328417	-0.010660980810234692	28555314
2021-10-25	-0.006465517241379173	-0.004310344827586115	0.002155172413793249	-0.012931034482758537	-0.006465517241379173	24400817
2021-10-26	-0.00216919739696327	0.004338394793926155	0.006507592190889232	-0.0065075921908894245	-0.00216919739696327	22125542
2021-10-27	-0.008695652173913052	-0.0021739130434782145	-0.0021739130434782145	-0.017391304347826105	-0.008695652173913052	27595143
2021-10-28	0.013157894736842216	-0.0021929824561403044	0.01535087719298252	-0.006578947368420913	0.013157894736842216	28669043
2021-10-29	-0.004329004329004429	-0.002164502164502118	0.002164502164502118	-0.015151515151515213	-0.004329004329004429	34838093
2021-11-01	-0.008695652173913052	0.0	0.002173913043478408	-0.015217391304347697	-0.008695652173913052	43871117
2021-11-02	-0.02850877192982454	0.0	0.0	-0.03508771929824545	-0.02850877192982454	102689278
2021-11-03	0.0	0.0	0.004514672686230353	-0.0045146726862301525	0.0	28110762
2021-11-04	0.006772009029345429	0.004514672686230353	0.011286681715575782	0.0	0.006772009029345429	28177612
2021-11-05	-0.0044843049327353305	-0.0022421524663676653	0.0	-0.00896860986547086	-0.0044843049327353305	23249489
2021-11-08	0.009009009009009016	0.009009009009009016	0.02252252252252244	0.006756756756756612	0.009009009009009016	38064070
2021-11-09	0.008928571428571237	0.0	0.013392857142857054	-0.006696428571428627	0.008928571428571237	29599608
2021-11-10	-0.008849557522123706	-0.0022123893805309266	0.0	-0.015486725663716682	-0.008849557522123706	26465238
2021-11-11	0.006696428571428428	0.0	0.013392857142857054	-0.0022321428571430075	0.006696428571428428	27559797
2021-11-12	0.011086474501108608	0.0	0.013303769401330488	-0.008869179600886927	0.011086474501108608	42611339
2021-11-15	0.004385964912280803	-0.004385964912280609	0.006578947368421108	-0.008771929824561412	0.004385964912280803	28973609
2021-11-16	0.015283842794759887	-0.0021834061135370714	0.01746724890829696	-0.0021834061135370714	0.015283842794759887	60965205
2021-11-17	-0.004301075268817303	-0.004301075268817303	0.002150537634408556	-0.008602150537634416	-0.004301075268817303	26192245
2021-11-18	-0.006479481641468736	-0.0021598272138228483	0.0	-0.010799136069114432	-0.006479481641468736	21493914
2021-11-19	0.002173913043478408	-0.004347826086956429	0.004347826086956622	-0.006521739130434644	0.002173913043478408	21075746
2021-11-22	-0.0065075921908894245	0.004338394793926155	0.004338394793926155	-0.0065075921908894245	-0.0065075921908894245	18525114
2021-11-23	0.013100436681222622	0.0021834061135370714	0.015283842794759887	0.0021834061135370714	0.013100436681222622	24701406
2021-11-24	-0.0021551724137930574	0.0	0.0	-0.008620689655172422	-0.0021551724137930574	15567543
2021-11-25	-0.0021598272138228483	-0.0021598272138228483	0.0021598272138228483	-0.004319654427645697	-0.0021598272138228483	18050069
2021-11-26	-0.012987012987013094	-0.006493506493506547	-0.004329004329004429	-0.015151515151515213	-0.012987012987013094	24511601
2021-11-29	-0.013157894736842021	-0.013157894736842021	-0.0021929824561403044	-0.01754385964912263	-0.013157894736842021	35553558
2021-11-30	0.00444444444444435	-0.002222222222222175	0.01555555555555562	-0.002222222222222175	0.00444444444444435	41601599
2021-12-01	0.006637168141592976	0.002212389380531123	0.008849557522123902	-0.0022123893805309266	0.006637168141592976	21714732
2021-12-02	-0.004395604395604302	0.002197802197802151	0.006593406593406648	-0.0087912087912088	-0.004395604395604302	22423668
2021-12-03	0.006622516556291249	0.004415011037527499	0.011037527593818946	-0.0022075055187639457	0.006622516556291249	27322870
2021-12-06	0.004385964912280803	0.0	0.013157894736842216	-0.004385964912280609	0.004385964912280803	40494146
2021-12-07	0.015283842794759887	0.0021834061135370714	0.01965065502183403	0.0021834061135370714	0.015283842794759887	50676854
2021-12-08	0.0	0.002150537634408556	0.004301075268817112	-0.008602150537634416	0.0	33282576
2021-12-09	0.010752688172042972	0.0	0.01720430107526883	-0.004301075268817303	0.010752688172042972	52159659
2021-12-10	0.010638297872340387	0.0	0.010638297872340387	-0.0021276595744680396	0.010638297872340387	57222718
2021-12-13	-0.0189473684210526	-0.002105263157894692	0.002105263157894692	-0.021052631578947295	-0.0189473684210526	49179861
2021-12-14	-0.004291845493562331	-0.004291845493562331	-0.00214592274678107	-0.00858369098712447	-0.004291845493562331	24204957
2021-12-15	-0.006465517241379173	-0.0021551724137930574	0.0	-0.006465517241379173	-0.006465517241379173	25922410
2021-12-16	0.010845986984815578	0.0	0.010845986984815578	0.0	0.010845986984815578	23716244
2021-12-17	0.00214592274678107	-0.00214592274678107	0.00429184549356214	-0.004291845493562331	0.00214592274678107	32175589
2021-12-20	0.0	0.004282655246252776	0.00856531049250536	-0.002141327623126293	0.0	35930202
2021-12-21	0.006423982869379069	0.0	0.012847965738758137	-0.002141327623126293	0.006423982869379069	30323992
2021-12-22	0.0	0.0021276595744680396	0.010638297872340387	-0.006382978723404308	0.0	32206900
2021-12-23	0.006382978723404308	0.0021276595744680396	0.008510638297872348	-0.004255319148936268	0.006382978723404308	31141654
2021-12-24	-0.008456659619450324	0.0	0.002114164904862534	-0.010570824524313046	-0.008456659619450324	21868109
2021-12-27	0.00852878464818764	0.0	0.010660980810234503	-0.0021321961620470523	0.00852878464818764	24338963
2021-12-28	0.002114164904862534	0.0	0.004228329809725068	-0.004228329809725256	0.002114164904862534	25976197
2021-12-29	0.021097046413502032	-0.0021097046413501657	0.025316455696202552	-0.008438818565400852	0.021097046413502032	87353802
2021-12-30	0.0	0.0020661157024792947	0.0020661157024792947	-0.008264462809917363	0.0	41492591
2021-12-31	-0.0020661157024792947	0.0	0.0020661157024792947	-0.010330578512396658	-0.0020661157024792947	35030145
