2020-02-10	0.10003187014639056	0.13478442825063636	0.13478442825063636	0.13478442825063636	0.13478442825063636	243874
2020-02-11	0.10000955808810032	0.13476152361062851	0.13476152361062851	0.13476152361062851	0.13476152361062851	272940
2020-02-12	0.10004398956443071	0.13479694046427848	0.13479694046427848	0.13479694046427848	0.13479694046427848	987408
2020-02-13	0.10003979304718595	0.13479271952077285	0.13479271952077285	0.13479271952077285	0.13479271952077285	937384
2020-02-14	0.10000731668286743	0.1347591064459902	0.1347591064459902	0.1347591064459902	0.1347591064459902	1687069
2020-02-17	0.10001324108117227	0.026967618779227858	0.13476525400741649	-0.02737328459086566	0.13476525400741649	35498805
2020-02-18	0.1000299121585382	0.13478242428832654	0.13478242428832654	0.09818053947610435	0.13478242428832654	16041941
2020-02-19	-0.019832236910938328	0.022262318720080405	0.04260861507330013	-0.023320198319558897	0.011133604291293776	20936086
2020-02-20	0.018343559717179513	0.05475882386972286	0.11238810096501826	0.03273930869855077	0.050515446708849984	21199892
2020-02-21	0.009716108083695786	0.034970981931180645	0.058621008853095374	0.007886062062343522	0.04161547863383802	16887103
2020-02-24	-0.05616823404435512	-0.0022028497091392285	0.016646688602217515	-0.02635031061149016	-0.02635031061149016	14059763
2020-02-25	0.030299628886112838	0.004471701210793227	0.06533088671600662	-0.0032095707009075886	0.06284926256562355	10770420
2020-02-26	-0.0476984212547806	0.015075878269600187	0.024366374582692557	-0.03653814943902355	-0.017612988741185588	8971843
2020-02-27	0.027086946490951103	0.02978567751195595	0.07916719485839456	0.02376353904697375	0.059535053573244893	7442550
2020-02-28	-0.023246518002016485	-0.01496239868148022	0.03581396779214343	-0.01496239868148022	0.007611414861983569	7150223
2020-03-02	0.05382600749320788	0.05338268392501486	0.11533229025954513	0.012683266860810453	0.08711884390011214	9141360
2020-03-03	-0.013583718199102021	0.031022686554839928	0.0721496745545561	0.012737658704012127	0.01757951212781164	8358138
2020-03-04	-0.026869678318151426	0.01888804990199927	0.019234520342517786	-0.01824331044045977	0.0038737956906811566	5562151
2020-03-05	0.0540151890702194	0.038475986287227204	0.0883227980241231	0.0295747635476224	0.08731400464859826	7845457
2020-03-06	-0.039458568662234836	0.01340733969386441	0.018924757134256787	-0.013166458399259902	-0.009112823410443689	5407583
2020-03-09	-0.07965916142410176	0.0022857331290210467	0.0286616734745216	-0.06160262053993757	-0.05058339740879593	8252450
2020-03-10	0.02654652582723579	0.03363039666587917	0.0711416837280958	0.03363039666587917	0.05897756097990948	5279008
2020-03-11	-0.03716622344218863	0.03339156192924842	0.033577674147316106	-0.010408381165664442	-0.006747983955946836	4784636
2020-03-12	0.02517179460216234	0.005174328156943345	0.0688354011573424	-0.007712522204043108	0.057559407091479255	5813041
2020-03-13	-0.028209333561930755	-0.01868934461083591	0.027004099581790578	-0.021517766800747472	0.0024917986428788057	3089273
2020-03-16	-0.020564356547258765	0.02182619123156735	0.06451271222821293	0.008826129355430513	0.010378400937588694	3392503
2020-03-17	0.020740099089927085	0.05655350556000714	0.06315696496975719	0.01693274910150687	0.05298768370295792	3236779
2020-03-18	-0.032610097588593866	0.035667934898982054	0.0519705674150395	-0.002436151885348226	-0.0020480076770238234	3260686
2020-03-19	-0.023402086451371235	0.026175569234211292	0.040553456184796825	-0.026922092749260555	0.007450937572064675	4407177
2020-03-20	0.013607658892516078	0.035563978237146195	0.053778640418336306	0.02070467901686027	0.045629971253323874	2658824
2020-03-23	-0.07007193955422303	0.0005163434270521684	0.009433787827378163	-0.04738150662825155	-0.04069334901551996	3908666
2020-03-24	0.009225355818713919	0.053386530176443875	0.055565972377909584	-0.011923471018169074	0.04110911401940082	4048195
2020-03-25	0.06301018596461758	0.050955823446274535	0.11509295078003882	0.045917015750761396	0.09659319136974098	3718274
2020-03-26	0.03459370665258449	0.015746742537440652	0.08935448928842903	0.015746742537440652	0.06727896738048517	3542079
2020-03-27	-0.017765354307434457	0.04069021507322875	0.06019494889811782	0.008618669100162575	0.01326572398808881	2060548
2020-03-30	-0.027130065595839047	0.013933819896278218	0.018131816324187488	-0.025448098964096357	0.003605215655175109	1835990
2020-03-31	0.028949012301840094	0.04679812212515374	0.0676888986159902	0.03385270286894935	0.061455891576401245	1369120
2020-04-01	-0.02122997928261502	0.021806924089897047	0.04843381461992694	0.00183675619237463	0.009691642301674994	1691590
2020-04-02	0.013910847689609504	0.020166508721087276	0.04709895215909432	0.01404555047542115	0.04594266823366974	1275758
2020-04-03	-0.021197690907310298	0.038836780471182615	0.05775282029404309	0.00838342046764102	0.00972496012213569	1674000
2020-04-07	0.02305182967187167	0.05146619199210224	0.0586619340657546	0.035567128803771615	0.05537248878570795	1781383
2020-04-08	-0.01168829688168115	0.018864998102137924	0.0315254435431988	0.013506056465562917	0.019534803006847918	1358471
2020-04-09	0.03350866901910859	0.0374891787009792	0.08276532774628687	0.028881251957322898	0.06615955745093528	3225605
2020-04-10	0.013223012466192266	0.02621456920822244	0.07290844818115035	0.02490296491090425	0.045233175820629176	3446898
2020-04-13	0.008093928991440557	0.01625244739435479	0.07055699671547398	0.014310765024458843	0.03994193930358433	2397140
2020-04-14	0.0045433593397067994	0.031592304443303694	0.042057858903596396	0.01932900438237003	0.03627929184137657	2063511
2020-04-15	-0.029615817208672107	0.031592396890194975	0.040540592018243476	-0.00017349799662058377	0.001040904889874711	2318226
2020-04-16	-0.0340952942657137	0.014335511572738276	0.02750870003472189	-0.011022915736145618	-0.0035800313221536467	3764064
2020-04-17	-0.000594856778039519	0.03145600651097934	0.041957464624044594	0.024091372194127224	0.03097871771916274	1781277
2020-04-20	0.004563794867938922	0.03241111838080054	0.04073537066739227	0.024700922483329783	0.03630036279381606	1382673
2020-04-21	-0.027982608200592757	0.03240741127516174	0.03641475497925854	-0.006987102426273629	0.002725732161771023	1611628
2020-04-22	0.01747615116146269	0.023696255387577112	0.05639858514416461	0.003432002838454698	0.0496206258542098	2102985
2020-04-23	0.0712334992616708	0.03715515175869149	0.10569444451312113	0.03392734123312871	0.10507638192164026	4298132
2020-04-24	-0.005717417134923834	0.01896277911856153	0.04172181320212241	0.012295298127932518	0.02569433795522765	2426837
2020-04-27	-0.03775235970221523	0.0057364246276809215	0.026498524743631388	-0.04242905998808479	-0.007352714932610972	4398322
2020-04-28	-0.010068214019007002	0.037489091220813384	0.05866372532515856	0.01597938895237016	0.021206027479851074	2719447
2020-04-29	-0.030183702027985405	0.03172772638607402	0.035586091652121	-0.001507979546285273	0.00045507844085479265	2634076
2020-04-30	0.01671171205094793	0.039200145740684644	0.06467582793712717	0.02810252947347592	0.048832098234168675	1988728
2020-05-06	-0.0005322376948419253	0.024933437851370463	0.031043214920526117	0.01580307284923978	0.031043214920526117	2053789
2020-05-07	0.04201336146530292	0.031660918682801846	0.08523587488409001	0.031660918682801846	0.07493300265417777	3082698
2020-05-08	0.0012140095064959334	0.02242996170241461	0.04543483344173742	0.018738654049767274	0.03284476636687824	2452598
2020-05-11	0.012764061383124607	0.04021697398670156	0.07109431378690137	0.034950032848471896	0.044759706850529185	3060689
2020-05-12	0.07511507221611487	0.027886966935653526	0.12331695286318373	0.027886966935653526	0.10908045789388521	4773591
2020-05-13	-0.01822878833565545	0.02475975753100038	0.03437374930163759	0.007345915639644081	0.012787723847023006	3778517
2020-05-14	0.012298539934614001	0.029128936123188752	0.051608375424202386	0.022354262491464695	0.04427943797195323	2531958
2020-05-15	-0.020405646626110968	0.03305253347642277	0.04144830579965483	0.01054198455313942	0.01054198455313942	2494200
2020-05-18	0.010836736899425783	0.01854984847238859	0.04277142345862772	0.011159138979816446	0.04277142345862772	1959147
2020-05-19	0.0017867130620674693	0.029871990323897084	0.040624144224550886	0.007630422689841587	0.03343557361914685	2191808
2020-05-20	0.01848998186059395	0.025459284178256457	0.07507627972859114	0.024846026396414176	0.050666453789820085	3434569
2020-05-21	0.03805966338451165	0.02671469483449902	0.09355656740312726	0.02551035548656464	0.07085440607535694	4450711
2020-05-22	-0.020862662841183665	0.019004183955903028	0.0437744023173104	-0.01800624323650193	0.010070587356817534	3366283
2020-05-25	-0.017803742902959073	0.01488500950170522	0.02495682176838607	-0.010590813668667782	0.013226125772581926	2610800
2020-05-26	0.050754250988796885	0.04082128138615225	0.08624222066029673	0.034547955159598374	0.0839500312418291	2572483
2020-05-27	0.0023929268563247725	0.03331454308243096	0.061845511484843296	0.018962952206286084	0.03406085451117231	3134725
2020-05-28	0.0014988469738283056	0.025292669716891942	0.05690535848201852	0.00794007081557867	0.03313853822437477	1967628
2020-05-29	0.01114196961234242	0.02930502896993307	0.059040490429536185	0.029076334547579713	0.043086302509031074	2437887
2020-06-01	-0.004255056716652267	0.017397348195290194	0.017962917081321538	-0.00974826172935049	0.005803949503836367	2577875
2020-06-02	-0.035929164733146404	0.01663340032038716	0.01663340032038716	-0.03391425980838958	-0.026190112092919694	3121365
2020-06-03	-0.0039660493806249935	0.005624652600712991	0.026832941099455554	0.001972149569390924	0.006095958897557096	2240160
2020-06-04	0.0038646962172410714	0.013177709634168254	0.021044191575612648	-0.0021411821888614926	0.014005753205020162	1461820
2020-06-05	0.008516042495528512	0.010455516115843349	0.02029492539282538	-0.0025065777855461753	0.01870409722271843	1689173
2020-06-08	-0.03632157003954787	0.012322059188335363	0.015009468144050917	-0.027521133245478	-0.026586464602010258	1955349
2020-06-09	0.0028207988076454043	0.003918537615198518	0.023681637219390938	0.003918537615198518	0.012951318579356668	1368064
2020-06-10	0.0070021913453315755	0.010162537020400379	0.02406655634878066	0.006535346347603694	0.017174969031658074	918986
2020-06-11	-0.015808841814960072	-0.0004635987902908008	0.01094248628526495	-0.008868073051402981	-0.00586646223695941	1429231
2020-06-12	-0.010507226645769658	-0.013076606627079344	0.014981728620324103	-0.013808625627342848	-0.0005113397617787482	1121020
2020-06-15	-0.016843608460463205	0.004800622991180852	0.024341825232167293	-0.007528219008710937	-0.006911739922190302	1900363
2020-06-16	0.0428304434530802	0.021889618537963493	0.054368428999730746	0.018002230701449906	0.05336519896820875	2031898
2020-06-17	-0.022202332296840356	0.00986162058468736	0.01461146327331364	-0.02056177019523553	-0.012324568116426163	2348546
2020-06-18	0.0004870589370767228	0.008503248805906513	0.020739859798059732	7.909504106363674e-05	0.010593988447290864	1364161
2020-06-19	0.0058411551190581485	0.011146824052866539	0.029339058658099663	-0.003234981401616531	0.016002160210777328	2695860
2020-06-22	-0.012521947003489619	0.01425707874001501	0.01798439854031563	-0.006457002705259728	-0.00254638461631805	2372362
2020-06-23	0.006738483204829231	0.008678796137333699	0.020064478839547484	-0.0014073114716867466	0.016908621600130996	2063657
2020-06-24	-0.0099183371120887	0.011085517022973803	0.023378350056687768	-0.005571314762624182	8.347448271536003e-05	2656434
2020-06-29	-0.03454008619222223	0.004328526851304984	0.010102006702790921	-0.02534565650692779	-0.024786962288475458	2503104
2020-06-30	0.02266218565178466	0.016210611163132015	0.043602838177853834	0.009587636324878194	0.032993139819320755	1884313
2020-07-01	0.00024906419373045015	0.010793661991557145	0.02852472252295259	-0.0009641145917873536	0.010353574389017807	2194898
2020-07-02	0.017113638207871512	0.009913425855758107	0.030908737188531026	0.00010723336675437297	0.027388573584823033	2641349
2020-07-03	0.01052378123145253	0.00923682198932326	0.03068233771010233	0.007691756460467569	0.0207321157042716	2397372
2020-07-06	0.005085908820252794	0.019398123299474053	0.027042997955332375	0.003007554848611907	0.015239354297985223	4529299
2020-07-07	0.033012094913473955	0.022211152612378205	0.04965425666625371	0.000366107234820649	0.043447581069635706	4360259
2020-07-08	0.005248466071015948	0.001442965020534604	0.030777687253965087	0.0013840895265650654	0.015403496232410264	3692537
2020-07-09	0.010558015070735697	0.004945409607428124	0.05475319958797121	-0.0026722699688161286	0.020766690022027676	4253162
2020-07-10	-0.039207870098095045	-0.0026547070276458254	0.0059270781131559895	-0.033618776068873805	-0.029501879662462545	4113450
2020-07-13	0.007349073669624428	0.008774333347248288	0.019939386511045692	0.0040669268292646615	0.01752536500235876	3737641
2020-07-14	0.0032027962403642202	0.012498460732739454	0.02262345732229711	-0.009249317225557347	0.013337210862941297	3519183
2020-07-15	-0.016909027361708535	0.015297665534925262	0.018164279538610235	-0.01336780563925875	-0.006977826157516755	2392546
2020-07-16	-0.0677170804345977	0.014232864782189786	0.018849604477446758	-0.06334115421286743	-0.05829913653832963	3380613
2020-07-17	-0.022642353064596242	0.009971678439352658	0.019615252918085097	-0.017981685629699495	-0.012769006771045597	2567247
2020-07-20	0.025608912035419762	0.021369156581601687	0.036636412360497826	0.0060352651309043505	0.035969682296050715	1896783
2020-07-21	0.004118705994434074	0.012507201015669074	0.0165375336418465	0.005746791104169675	0.014262343562399606	1621171
2020-07-22	0.005960404764064125	0.00990782370606232	0.02997654366077862	0.0038224687438870716	0.016122686399091653	2045077
2020-07-23	-0.022426137640919077	-0.0025113803154849	0.010102069213560117	-0.016797997948957415	-0.012550607746004975	2591847
2020-07-24	-0.04262252857684009	0.005428080749260349	0.012801154370764187	-0.03426765997144237	-0.03295107118644949	2491100
2020-07-27	-0.015997238880139382	0.010239581428003321	0.020966315351240442	-0.010457499432702978	-0.0060567893137553975	1794944
2020-07-28	0.026565159390152762	0.01883693895968439	0.054335523192148925	0.01736942946285608	0.036935591512920696	2024561
2020-07-29	0.01718449855790387	0.010170105777543514	0.035356370363364156	-0.0027632986534343634	0.027460134441802134	1678034
2020-07-30	-0.007552684208606768	0.008830529520589629	0.012511191661404996	-0.004085131243330951	0.002473076939807089	1120570
2020-07-31	0.010814369549768737	0.008416307742730838	0.03033107159709114	0.002549826603982475	0.021025691999295222	1599827
2020-08-03	0.016114156878954015	0.016639494017703316	0.0351844867211133	0.013837744864035766	0.026379000816780514	1900047
2020-08-04	-0.014558737549167847	0.005112635536988087	0.023100868471773197	-0.00519457420656688	-0.0046037439439751745	1603561
2020-08-05	0.02097356227968313	0.005971620754455069	0.03195362926513482	0.0033068352413951362	0.03128748285234775	1825499
2020-08-06	0.027196364081643703	0.005077609309841548	0.0431847913923333	0.0016192561882745577	0.03757311347492678	2742796
2020-08-07	-0.012640720996240376	0.0068622969829724295	0.020138878517642702	-0.01295729501876497	-0.0026663682881598017	2395132
2020-08-10	0.022866214106634846	0.009265627501128327	0.04580949835630012	-0.0021220764301115233	0.033199262123669436	1958886
2020-08-11	-0.01488256058480186	0.007334464466509624	0.02607856622894445	-0.012478820815678467	-0.004930907105757164	1835562
2020-08-12	0.0051200743128605565	0.01042126464210559	0.026702953464229868	-0.006498863564996996	0.015273808774944013	1509471
2020-08-13	-0.004339290640038432	0.009720877506981532	0.025919627525236893	0.001208628607877557	0.005718901617541185	1410515
2020-08-14	-0.006442634868377158	0.00806034203270481	0.013164464170725022	-0.011080044208422499	0.003594271050161369	1022990
2020-08-17	0.028417019564487066	0.005992235687137491	0.03912719561042687	0.0017540199168733723	0.038806101339542855	1702937
2020-08-18	0.03851137304467587	0.002234437759169653	0.05955497505200447	-0.011190259112670513	0.04900249696936629	3868017
2020-08-19	-0.0008927558749701346	0.0036686486633125876	0.04016464086686376	-0.001922945757807026	0.009200238210930264	3180332
2020-08-20	-0.016622096105007783	0.015638454768202102	0.0320672564109595	-0.013187261935859399	-0.00668793423289522	1595601
2020-08-21	0.008360672416138203	0.0030033126954735895	0.028644472183256615	-0.002381878991225814	0.018547159745724275	1675718
2020-08-24	-0.014780170267612103	0.01016268589937145	0.019508787705468326	-0.007983162004802846	-0.004827418572268341	1224548
2020-08-25	-0.015977550625884754	0.006590962313933794	0.013798045013261057	-0.019588656345363338	-0.006036872224987255	1485016
2020-08-26	-0.0022310322927116943	0.009476054555553233	0.018177349048066106	-0.003419385838279955	0.007848504419487716	1072413
2020-08-27	0.00621121804055855	0.009600148144958078	0.021897086885692925	-0.002445777093233981	0.016376000697459717	946130
2020-08-28	-6.165363542561702e-05	0.0038045181452577943	0.011349057550170643	-0.00854123576643868	0.010039715902691603	1081800
2020-08-31	-0.013025488958657728	0.007108850549051508	0.016898758258007653	-0.0035539451346959486	-0.0030550860872318414	1103721
2020-09-01	-0.0003753007656278073	0.009596543495301103	0.010796952499405982	-0.010620639544397145	0.009722926279261877	1366299
2020-09-02	0.0541858845119228	0.010102018340107113	0.07241957135714078	0.0047297699444403	0.06483529317786332	2740574
2020-09-03	-0.0037392481283119484	0.007104330429415857	0.02898753055764037	0.001228879548922291	0.006324990656646057	1606071
2020-09-04	-0.017694435047015813	-0.005243611772983216	0.010041773689483561	-0.013066880166779253	-0.007771111385566787	885700
2020-09-07	0.0033964007322063077	0.01083719785072979	0.04012083903187703	0.003975788108870296	0.013532775964237121	1429800
2020-09-08	-0.0331842030564976	0.01791716138659493	0.01791716138659493	-0.03532323335889374	-0.023417430821426312	1436858
2020-09-09	-0.0422632367917464	-0.006633007461392209	-0.006633007461392209	-0.04010311515462348	-0.03258812033383558	1601418
2020-09-10	-0.014883407624199282	0.02203680144839636	0.02203680144839636	-0.007635234722686115	-0.004931756163066538	854162
2020-09-11	0.00019874731960032072	0.0020699359642467646	0.03339502489937176	-0.002682429514061958	0.010302792508608199	1201348
2020-09-14	0.00973902574742969	0.011841943860839532	0.022549306383002902	0.0044807199603561386	0.01993940324746381	1204550
2020-09-15	-6.573185035615378e-05	0.014012210575978934	0.024417480305977398	-0.0032194092382094083	0.01003565233794718	1225410
2020-09-16	-0.014435671174627318	0.009372965276434992	0.013946282015372829	-0.005805031513362542	-0.0044794581059464204	843536
2020-09-17	0.003262374111743158	0.008151826275626156	0.015482100631653398	0.000687017353882989	0.013397349504291684	681523
2020-09-18	0.011347717456699062	0.008761403187936619	0.022972115319369053	0.005543810357474328	0.021564400860197442	815845
2020-09-21	0.05505249916124726	0.012753294448954086	0.08228059629878841	0.009969561793124462	0.06571068015734445	2474582
2020-09-22	-0.001741353420319956	0.006144372001618669	0.01864572807575755	-0.0055403775696123946	0.008343057479306568	1202385
2020-09-23	-0.017382112184835492	0.011612372366062622	0.013563214121638	-0.008714246086770303	-0.007455649261662423	878759
2020-09-24	-0.024790761990387458	0.006323487333911454	0.00638749291281023	-0.015003179240489196	-0.014939167257189724	746503
2020-09-25	-0.007996867757684678	0.012991615831233845	0.020346854371090517	-0.002572630940642547	0.002024393967668716	658203
2020-09-28	-0.010355194257059438	0.011492217749055162	0.020032266993813216	-0.003138247596901456	-0.0003577990863097966	858253
2020-09-29	0.0019867368522997757	0.013513572723895799	0.021273316791608467	0.0063559431020377135	0.012108848618641647	803245
2020-09-30	-0.00198279755532596	0.012238357372492993	0.014775329075950347	0.0047610988548061	0.008099175595187516	761276
2020-10-09	0.00788080245152158	0.0260228498585787	0.02996957927304929	0.01478457537850402	0.01806242327363839	1016293
2020-10-12	0.025034500866949427	0.017270102554588954	0.03538939033704127	0.017270102554588954	0.03538939033704127	1601673
2020-10-13	0.04589744162533176	0.011396974291285502	0.06565761362757086	0.011396974291285502	0.0564631084529024	2538266
2020-10-14	0.02972534636109825	0.01214500295069137	0.05244752119016411	0.01214500295069137	0.04012766337012865	2819345
2020-10-15	-0.005237698730786692	0.010041939165811345	0.020442942228841684	-0.0019222781505556592	0.004811394898760461	1390512
2020-10-16	-0.0007778867046948168	0.0137887290219202	0.03470026346539426	0.0002505642773040135	0.00931627936138834	1379683
2020-10-19	-0.009101847885482057	0.028247569643117133	0.028852457445762644	-0.0019950059346216078	0.0009082571267808481	1219810
2020-10-20	0.07674641188980236	0.007233131724129048	0.1063633152949213	0.002288844426682075	0.08762376703285994	4445429
2020-10-21	-0.011673448016788778	0.02041967480245384	0.020646395047200422	-0.013594314357627953	-0.0016893841376101222	1982583
2020-10-22	-0.014139723783978202	0.009528358847546905	0.021573902090444685	-0.014562641598899782	-0.004180571653119386	1945579
2020-10-23	-0.012153765158788132	0.013302032525807424	0.032967567924020294	-0.010843652236007216	-0.0021744683803751716	1586249
2020-10-26	0.013411139974638811	0.0019741105125056792	0.03819648282928664	-0.011101269176471326	0.023648651135898716	1962193
2020-10-27	0.03009202000287942	-0.00030125217371707285	0.06060714372622419	-0.004427629326199858	0.04049805840434263	2384112
2020-10-28	0.029883341422105015	0.02053993410510143	0.054392429877813335	0.007224613459085389	0.040287223305850044	2806216
2020-10-29	0.08471629594916237	-0.006771392075775709	0.11112316535257545	-0.011099348684187904	0.09567412188539706	5926019
2020-10-30	-0.007250012300517291	0.0026272854555683435	0.048031325809103666	-0.0025242550495075157	0.002778795708088716	3534487
2020-11-02	0.014857738588046064	0.027704389720288033	0.05553243872090487	0.014680671847936396	0.02510984433536586	2274231
2020-11-03	0.029776639325135166	0.017270443489725066	0.05762440990366774	0.002582642862186554	0.040179491969518547	2586962
2020-11-04	0.0024096215574060356	0.0051854306638717896	0.021687820742997122	-0.015357372473679425	0.012536028453703297	1911090
2020-11-05	0.008509643694509537	0.014958324669968015	0.018843347180068266	-0.023600388860157286	0.018697664238528658	2592593
2020-11-06	-0.029174801626808942	-0.0038141090784712455	0.0012900770695285536	-0.03689515541975406	-0.019367528007097803	2589152
2020-11-09	0.023962665518038804	0.012830006941456881	0.04655795594672514	0.00519165658007169	0.034306774914751856	2627202
2020-11-10	-0.04594064024639576	0.007534766403960513	0.007534766403960513	-0.046232742982061446	-0.03630269830065557	2500422
2020-11-11	-0.019954772915477446	0.004212503802225749	0.02051024019323043	-0.03142914127510681	-0.010054315667487023	2190417
2020-11-12	0.015488820470853263	0.01232971565212505	0.033518111348070805	-0.000155411076803682	0.025747298480792078	1716411
2020-11-13	0.0010100918067433072	0.0019395387015126624	0.025406585699814497	-0.0071411712345027	0.011122299549669016	1269699
2020-11-16	-0.002169553380589223	0.01163093232864842	0.028448993344151394	-0.008143037825456513	0.007910597144385528	1496159
2020-11-17	-0.007432843344715428	0.014239098585893397	0.02200245577836111	-0.009153071084855203	0.002594098549400588	1993599
2020-11-18	-0.04274069914095059	0.00855830156764903	0.015659401052112675	-0.037753049014538936	-0.033070436317295296	2372205
2020-11-19	0.0067052959146810635	0.005156616179448474	0.02117545470286737	-0.011991100437413832	0.016875073469050025	1795984
2020-11-20	0.02035212797190439	0.011864136366991334	0.03792166694636659	0.003854657715009872	0.030659734295584235	1742427
2020-11-23	-0.014868986993353853	0.007380751696003945	0.017951729087946462	-0.005702115209138964	-0.004917174593711001	1177682
2020-11-24	0.0009466645612204537	0.008083461850647337	0.01992949673608211	-0.00344385569132296	0.011058245591862026	891791
2020-11-25	-0.02910738984429755	0.013604725500573657	0.03069362626960234	-0.019299412395858407	-0.019299412395858407	1574327
2020-11-26	0.007251558705164969	0.005783748513394185	0.0183013449460542	-0.012801353172709301	0.017426815976721813	1093151
2020-11-27	-0.009778224521948323	0.00494641721881911	0.01373798924009393	-0.005527390016973346	0.00022507370819334176	726100
2020-11-30	0.014486456583956074	0.019144873581182935	0.03224314814036905	-0.009572727254542104	0.024734874233630785	1686641
2020-12-01	0.0013371076584889673	0.008697531150680428	0.01993410393855485	0.0004861757847431759	0.011452622702973182	1221806
2020-12-02	0.010575271367608387	0.014148242267363548	0.024236908055623275	-0.015578068313853645	0.0207841265112355	1652417
2020-12-03	-0.028275536496363243	0.010475677423767864	0.012717846516164257	-0.018832847307947417	-0.018459107971520835	1657848
2020-12-04	0.02877187224499822	0.005926759853975321	0.04158189037420429	-0.00011652488190797324	0.03916457867739697	1574828
2020-12-07	0.018873940333358173	0.014160669972115137	0.049886733726159455	0.012505213320289706	0.029166664285819873	1905368
2020-12-08	0.01027400941744043	0.010311678592696749	0.029389981119970245	0.0011918753474944005	0.02047979816072839	1338394
2020-12-09	-0.021314812700419853	0.009064417883863007	0.01829903821686487	-0.011843184147024158	-0.011428134421782244	1075042
2020-12-10	-0.0023091498573521944	0.015137916849422423	0.016092056374578945	-0.002885387727394953	0.007769558158650783	1091346
2020-12-11	-0.01967287273793016	0.010102035128980029	0.03879355530357765	-0.009769553173176777	-0.009769553173176777	2323007
2020-12-14	0.05698352939044233	0.012053216407409516	0.07150924936337068	0.003760813246590491	0.06766118155093667	1988092
2020-12-15	0.014670727496427532	0.006615144987783913	0.035740411800922064	0.0028207068269997713	0.024921003836157023	1704931
2020-12-16	0.009605783419415452	0.00863649883470117	0.029153870697346367	-0.004452155655957241	0.019804862818636373	1640196
2020-12-17	0.007581746723584109	0.00980172372959756	0.028572202415696486	-0.0031624752763389327	0.01776039167612061	1525270
2020-12-18	-0.019328215423364527	0.008164613140256667	0.008164613140256667	-0.010911705198402453	-0.009421425889315306	1146270
2020-12-21	0.03560689343907401	0.008582392557154638	0.046068597622505474	-0.0005866038621601404	0.046068597622505474	1571851
2020-12-22	-0.04668282526596651	0.007656235668566397	0.013575027410083897	-0.03715024563895301	-0.0370523904787853	2441742
2020-12-23	0.044447829238882214	0.012359706021623654	0.05792353739102789	-0.003033497586512484	0.054998869754025057	2105178
2020-12-24	-0.01186715862923954	0.010445877632209605	0.04640693922845792	-0.011170010884990261	-0.0018849964777844644	1835122
2020-12-25	0.028203006917257595	0.01412911881455055	0.038589915628711405	-0.014010697685249974	0.038589915628711405	1515718
2020-12-28	0.008999486878806142	0.006282119002194699	0.025816849179789644	-0.015621955626096837	0.019192460803459762	1442903
2020-12-29	-0.03681561811206644	0.006220379887894974	0.014894270760316972	-0.030152476339636254	-0.027085466605670204	1498557
2020-12-30	-0.0020686991387226894	0.014579879195138737	0.03477991999924129	-0.004923608134658011	0.008012414811883228	1729178
2020-12-31	0.013277336855853871	0.010102011974076055	0.02625561671669335	-0.0008166719396217148	0.02351346903436909	1737022
2021-01-04	0.06293543367640433	0.013595499120329452	0.08248063012850718	-0.010957154319417812	0.07367320853502705	3090889
2021-01-05	0.05403044734611464	0.009129871056579138	0.07296424655181372	0.0046397014049518485	0.06467830432574863	2584890
2021-01-06	-0.01613043804243141	0.0011867952364360353	0.00786226975865865	-0.025031944696579603	-0.006191376532276468	1853516
2021-01-07	-0.005700655436106101	0.008227245203991573	0.02032403961040909	-0.029134322016219207	0.004343804810807718	2257856
2021-01-08	0.07844443530314558	0.004894393359443695	0.10451291552618473	-0.007855321207041823	0.0893389156391096	2891672
2021-01-11	-0.033010484900980755	0.009477637949375664	0.028210212674209437	-0.03406522043946526	-0.023241930066128427	3201271
2021-01-12	0.07564779131767287	0.008207862501798112	0.10635962417609304	0.003041993902839221	0.08651402505620423	2778693
2021-01-13	0.02539717263077704	0.016505497179896633	0.040158145664126225	-0.013630666488250993	0.035755759255531615	2443494
2021-01-14	-0.08415759854493156	-0.012457380415575063	0.00690163558514034	-0.0822824385039574	-0.07490573099480752	2896863
2021-01-15	-0.05062864658940535	-0.004984330527232512	-0.004984330527232512	-0.06669335554324714	-0.04103805995942874	3345387
2021-01-18	0.009154741987053312	-0.0034545875175765054	0.03636231710400918	-0.009065766641914476	0.01934925342161964	1967317
2021-01-19	-0.05420997538020894	0.010191012169331779	0.019532236201868686	-0.04959308675287549	-0.04465556146056893	2840141
2021-01-20	0.020626718900688408	0.010337218683857743	0.04382383869566587	0.0017773976688386177	0.03093710123792126	2294025
2021-01-21	0.03749997776577433	0.005447823064704661	0.07046853739097712	0.00540170029478484	0.04798084153498238	2721133
2021-01-22	0.035660928330328336	0.0038394093378760156	0.05052035911930386	-0.005088125896006396	0.04612318175357921	2179650
2021-01-25	-0.0030994045064170308	-0.0007482337185036659	0.023182353639240066	-0.02304911864085765	0.006971320689487733	2010860
2021-01-26	-0.060817679222029665	0.002358480673541236	0.0069616162565028575	-0.054599593557832525	-0.05133005936668139	2169888
2021-01-27	0.013513439481987834	0.0054298249145876614	0.02540100961644387	-0.038085361129551666	0.02375200851212001	2179323
2021-01-28	-0.04693511286530109	-0.011094278537454066	-0.0011966251961546834	-0.03925057279000817	-0.03730723134411665	1599538
2021-01-29	0.02150133627855783	0.019538705302688156	0.033717430077332626	-0.0190141075894253	0.03182057120305632	2488473
2021-02-01	-0.009605188902429144	-0.0022927074257829785	0.020454243804782862	-0.007677703997893306	0.00039979318138545495	1702320
2021-02-02	0.038979058630670645	0.010055164787995676	0.04999047363650622	-0.015302862706915468	0.049474871633611216	2166114
2021-02-03	-0.013845413608985653	0.010102044806151915	0.026343105634025022	-0.015703157789758965	-0.003883249217485515	2254411
2021-02-04	0.039990977336924825	0.01568321539187601	0.05223532602886237	0.008272095059822503	0.05049697156501527	2631587
2021-02-05	-0.017158070966238427	0.017755915152682603	0.04199348005408849	-0.009780697459165705	-0.007229375069482236	2276161
2021-02-08	0.009880761639210426	0.018202885155527086	0.04058097054356065	-0.019795126211439276	0.020082635376887717	2643193
2021-02-09	0.04808711167731348	0.0214918847658969	0.06275218758981647	0.008994100901112712	0.05867491538445188	3698529
2021-02-10	-0.014861015812075428	0.004562711268375811	0.02189948760283931	-0.009349058985411515	-0.0049091304193449575	2605794
2021-02-18	-0.0438958490361887	0.01727010879137231	0.03392417254015324	-0.04024640325159701	-0.0342372384892035	3393306
2021-02-19	-0.02937773615039999	0.003368034887901143	0.00471485108732163	-0.04556577074999553	-0.019572509459504766	3617221
2021-02-22	-0.010714809999599971	0.0013603376118986531	0.019028714051620686	-0.007843875222509488	-0.0007209979439643387	2479725
2021-02-23	-0.05225644265802909	0.0009852013061598804	0.002855299687246561	-0.04731082317626373	-0.042682302332475004	2822097
2021-02-24	-0.02603051659611844	0.0024064068490721154	0.010102036834104773	-0.02956007741596633	-0.016191409190495196	2572203
2021-02-25	-0.009928255754388608	0.008025497503523773	0.012887804778924102	-0.00625768459880612	7.349742588826625e-05	1633852
2021-02-26	-0.0426436750350284	-0.005449752586638874	-0.0031988185351052158	-0.043357376473802535	-0.03297243760152681	2188941
2021-03-01	0.021001967884804365	0.02276634676041231	0.031316150013879225	-0.0005317850809174612	0.031316150013879225	3032365
2021-03-02	-0.007772033728258883	0.015335709054903635	0.026169482380128468	-0.013449581665725078	0.0022514860000724017	2218327
2021-03-03	0.03697132209032271	0.0021900067013807902	0.05082260072231097	-0.0030846775444159508	0.047446808079685356	2210834
2021-03-04	-0.06334980940339847	-0.00810812602127667	0.0014547544020022069	-0.07932087594795424	-0.05388775097414082	2883331
2021-03-05	-0.006451635641908152	-0.01368428107911223	0.015478396046621445	-0.020852703578241833	0.0035852485048644103	1537301
2021-03-08	-0.04718609702982278	0.012288394212305561	0.022127066868695165	-0.04783672736820592	-0.03756077016848136	2620345
2021-03-09	0.0021012450442086258	0.005799544629180574	0.03712137431512004	-0.03693816999246619	0.012224517241608581	2367920
2021-03-10	0.010427859770103888	0.02155120443493712	0.035004000736913725	-0.0027782586742636207	0.020635248807802008	1843694
2021-03-11	0.019687132705601976	0.010442049997452836	0.04239546720980534	0.010158757975438401	0.029988009761340133	1428986
2021-03-12	-0.007920877478368947	0.010101997686688634	0.021214230701191814	-0.0037882935814403415	0.00210117880401337	1297628
2021-03-15	-0.047959552099147665	0.005845738899043483	0.012006213415827666	-0.05183919307249202	-0.03834202061621918	1820307
2021-03-16	0.013627576335805414	0.01951413371266563	0.02916159882760162	0.0065136253438874995	0.023867290283113674	1066179
2021-03-17	0.00022980183904854203	0.010160053669991191	0.023798352040446075	-0.0046969367171687424	0.010334147555077866	1018487
2021-03-18	0.016141040811725717	0.010740270190142022	0.03754641391057599	0.010682277370540802	0.026406147023036394	1080547
2021-03-19	-0.01729786398411864	-0.009825855089099285	0.014099129351388849	-0.013765784243999405	-0.00737059327549276	1434799
2021-03-22	0.030027560782834927	0.011031721556053321	0.050543323508216144	0.0068481362080528825	0.04043297724001995	1366832
2021-03-23	-0.02021662972257491	0.009707235623675132	0.014107317259961106	-0.020811335364943916	-0.010318819549549526	1030068
2021-03-24	-0.03157780222491333	0.008950549535172493	0.015629227380478145	-0.03100675833910649	-0.021794753359414106	1308505
2021-03-25	0.0014714375264554141	-0.0023829729106969507	0.026511065602943733	-0.011835935093325142	0.011588367930736806	894771
2021-03-26	0.02803415347845743	0.013307844368027422	0.042337519808301124	0.006184015443834803	0.03841938035855005	1087423
2021-03-29	-0.017550852042896244	0.010102025156414455	0.012123187821971448	-0.013227526396162852	-0.007626108686886732	1162401
2021-03-30	0.07186499309839073	0.007868444831784484	0.09062805080489242	0.0021669612273417915	0.08269296921745144	2753291
2021-03-31	-0.029913140165379985	0.00138289655679642	0.00379574620817327	-0.023568065375908005	-0.02011329714356813	1578909
2021-04-01	0.010688907550222235	0.006484228604384124	0.0315261719472765	0.0036578196977681996	0.0208989309865788	960159
2021-04-02	0.019379847367545704	0.007752896474505122	0.03750787855797455	0.0011531550505522593	0.02967766397612072	1318105
2021-04-06	0.020477933523327	0.010156880199268411	0.03687709598909954	0.004121474066385472	0.030786850260525134	1268303
2021-04-07	-0.03417254300506768	0.00020912290514710086	0.004510420025250241	-0.028663198859231572	-0.024415721517519518	1058653
2021-04-08	0.026398461794664395	0.0052589158206448215	0.04378139677045134	8.171555799037064e-05	0.03676721361832447	1252944
2021-04-09	-0.019329889603450424	0.0033225002817725943	0.014169816062771385	-0.015660302334975288	-0.009423128302848369	728227
2021-04-12	-0.052014857127636954	0.006617755620523281	0.014858322238655183	-0.04940679291187098	-0.04243831663464619	1464788
2021-04-13	0.00034646486935944174	0.010452023737081916	0.03197956445923258	0.0005342094255899571	0.010452023737081916	791320
2021-04-14	0.010970058469105497	0.013601292730037072	0.038095667385843454	0.00893567672893774	0.021182907796826973	911989
2021-04-15	0.016847457136875695	0.008082944614723189	0.031446257632969064	-0.022952770878506827	0.02711972138998742	1535945
2021-04-16	-0.0004492727429739282	0.003918373360927123	0.018668478651514435	-0.014802995947371918	0.009648207749915944	962264
2021-04-19	0.023824269379455813	0.003575013071816648	0.04245341786323154	-0.0061304457329829564	0.034166965940911814	1258584
2021-04-20	-0.00010979682730735486	0.008937825403930275	0.02324036170842367	0.0006224037659857941	0.009991123231965385	1038427
2021-04-21	0.009221113155820651	0.00965848583273574	0.028730624603310866	0.0007876955059414418	0.019416285334997434	1054523
2021-04-22	-0.008375474801387386	0.005322645035961491	0.01081621140227822	-0.01335544764811715	0.0016419665576620553	1045493
2021-04-23	0.008007400685745928	0.01048980414646077	0.031818707309158825	0.007165874277912487	0.01819035164359388	1236825
2021-04-26	-0.029054875952273726	0.011641004866868502	0.01982993263978152	-0.020235567306841774	-0.019246333360710622	1573532
2021-04-27	0.009526476714042451	0.004724673910805179	0.021479558800093577	-0.002067813945639557	0.019724754798216913	807129
2021-04-28	-0.01748535752892349	0.01155991877287851	0.01845650773526803	-0.021521465255022933	-0.007559993054489873	1537274
2021-04-29	0.09999998402098523	0.06716991127789045	0.11111218462190124	0.06716991127789045	0.11111218462190124	3536846
2021-04-30	0.006009219850120224	0.01010200069303275	0.03744273857738046	-0.013918349765363646	0.01617194079994934	4598568
2021-05-06	0.058099767799782785	0.010102015716459542	0.07724620635697274	0.010102015716459542	0.06878872773359826	3736899
2021-05-07	-0.04067549541496042	0.01278265725429308	0.01278265725429308	-0.034688507342225706	-0.030984349866553414	2487898
2021-05-10	-0.025500488224441897	0.014674457461617788	0.020567840314912093	-0.026833094343934702	-0.015656042715579348	1699837
2021-05-11	0.006451635203251999	0.006191980324598846	0.02131089589863743	-0.0068415945500721245	0.016618840224335622	1854924
2021-05-12	-0.023333367262401546	-0.003987603095480923	0.004870245789681085	-0.03392805809878954	-0.013467032510082027	2215481
2021-05-13	-0.04620634861426374	-0.0681284858101185	-0.03047172169544837	-0.08775240081159694	-0.03657109930762899	4307254
2021-05-14	0.0025323394892913967	-0.004633807752849462	0.01927724036313561	-0.025820082622845363	0.012659990310026747	2203524
2021-05-17	0.02240405932901665	0.003945271959122965	0.06329450620291742	-0.0071480459630772885	0.03273244306055051	1811232
2021-05-18	0.06289270538090135	0.010047756685095811	0.07867550237684844	0.0036461596963467987	0.07363010260556792	2809047
2021-05-19	-0.009954543262564973	0.005508389329091698	0.0334788560879235	-0.00842579280712588	4.696285629546784e-05	1576669
2021-05-20	0.009187026335810053	0.009947410041599524	0.029538034368011255	-0.0030958059651239912	0.019381845145619764	1234736
2021-05-21	-0.014666489422444287	0.006372832976612515	0.02936104489739808	-0.0109960076014762	-0.004712583443760966	1374884
2021-05-24	0.0007186329430247369	0.009116991520700536	0.021352488444977936	-0.00223714042041353	0.010827896921166666	893233
2021-05-25	0.02590143055093358	0.005076616083802717	0.04134226717961003	0.0005693396373603631	0.036265096749426205	1660939
2021-05-26	0.027097230694447152	0.010051464196414318	0.05373405243787767	0.005152949297829155	0.0374730264085766	2174485
2021-05-27	-0.003699434833055414	-0.0006656869470039688	0.017231365452398645	-0.008089991084954583	0.006365265438361783	1069446
2021-05-28	0.0010748694511623972	0.010151466952714159	0.028953924479618257	0.006894331811139531	0.011187783943166552	1317175
2021-05-31	0.0031723269060670457	0.012862770103959696	0.01932070422759616	-0.0017292711079687246	0.013306426264539354	1102017
2021-06-01	0.01478959412390013	0.008873516664174975	0.039341186831219885	2.8045012544902264e-05	0.025041011838106017	1349081
2021-06-02	-0.04127716411890762	0.00971460629766048	0.00971460629766048	-0.046022818039782164	-0.031592116586316575	2095039
2021-06-03	0.0014142792486974475	0.0	0.015254086579535036	-0.015456096887687619	0.0014142792486974475	1072186
2021-06-04	-0.024765404639498733	0.008271961269846641	0.008271961269846641	-0.026530793567305415	-0.024765404639498733	1422362
2021-06-07	0.010602471871658409	5.169381789418475e-05	0.018670808833592602	5.169381789418475e-05	0.010602471871658409	894804
2021-06-08	0.04170936156732948	0.003070655160818519	0.05138182348152989	-0.0016376254341132937	0.04170936156732948	2284833
2021-06-09	-0.00712354202225188	0.013018884603013208	0.013313642643375445	-0.02078111489882906	-0.00712354202225188	997510
2021-06-10	-0.010489905675707935	0.0	0.003809940510343088	-0.01815939085127989	-0.010489905675707935	1349694
2021-06-11	-0.02320232069611596	0.0093509852855483	0.0150515504560766	-0.02990297089514893	-0.02320232069611596	1523210
2021-06-15	-0.02447014486475164	-0.0018429405517138109	0.018685415556166915	-0.03665405521970021	-0.02447014486475164	2084653
2021-06-16	0.015900493449837284	0.00461798913327017	0.01794709296753872	-0.01039040732987413	0.015900493449837284	1187458
2021-06-17	-0.03708865203964375	0.006560282174911546	0.006560282174911546	-0.049434331307078555	-0.03708865203964375	2060303
2021-06-18	-0.02172631786435655	0.0001609248396347129	0.004559792831719574	-0.02633980953082318	-0.02172631786435655	1568480
2021-06-21	-0.0036740458232395953	-0.000329008552703437	0.008444795961587986	-0.012941439937807475	-0.0036740458232395953	1536692
2021-06-22	0.009962012108954721	0.0	0.02262095302305083	-0.004898447851852569	0.009962012108954721	1272554
2021-06-23	0.03160764577656678	0.0	0.04201638692098087	-0.0027247956403269754	0.03160764577656678	1973232
2021-06-24	0.004067638604316346	0.0005282144660081628	0.013629170412638648	-0.006867421972518425	0.004067638604316346	1134187
2021-06-25	0.01367912297704071	-0.00036832218352053793	0.015099673248288925	-0.007944488579936742	0.01367912297704071	1261785
2021-06-28	0.01209322688631578	0.0001557014600685451	0.030259002753506063	-0.012923677925195165	0.01209322688631578	1892024
2021-06-29	0.0037948974358974178	-0.002564102564102564	0.017948717948717947	-0.007692307692307693	0.0037948974358974178	1993758
2021-06-30	0.031981173189405014	0.0008173546332544333	0.03606824266710327	-0.0032696382121783886	0.031981173189405014	1990556
2021-07-01	0.01485148514851485	0.0	0.01920794554455451	-0.013564381188118795	0.01485148514851485	1679124
2021-07-02	0.04073173658536589	0.01951219512195122	0.06995120000000006	0.01000001463414636	0.04073173658536589	3567955
2021-07-05	0.021373320233232046	-0.0022029575194855927	0.034919131898219845	-0.01101479228456177	0.021373320233232046	2959804
2021-07-06	0.000917796321090539	0.0004129961835070845	0.00890276703404595	-0.025974043853443218	0.000917796321090539	2397335
2021-07-07	0.03140619856308184	-0.0005043372587028281	0.038741905282921874	-0.010499261792218354	0.03140619856308184	2212778
2021-07-08	0.006845630121268665	0.00871261975022966	0.01369126024253733	-0.014935992600675829	0.006845630121268665	2041562
2021-07-09	-0.002207505518763797	-0.011037527593818985	0.009492247240618068	-0.03942601766004413	-0.002207505518763797	2210651
2021-07-12	0.004424778761061947	0.011504451327433662	0.01716816371681421	-0.025575216814159307	0.004424778761061947	2214494
2021-07-13	-0.008898696035242291	-0.010000017621145375	0.007841405286343629	-0.026828176211453805	-0.008898696035242291	1418864
2021-07-14	-0.004133669733019268	0.0007556138457749486	0.009867548401947684	-0.016890403891730906	-0.004133669733019268	1272950
2021-07-15	-0.013434545680412215	-0.0006695335772881529	0.009060472987362574	-0.0359294929355569	-0.013434545680412215	1359204
2021-07-16	-0.03456387641127014	0.0088672053115745	0.009907722897910108	-0.03646397600094029	-0.03456387641127014	2112117
2021-07-19	0.021087160855309116	-0.006560421927659437	0.028959738396243887	-0.011199620746006155	0.021087160855309116	1227265
2021-07-20	-0.00904084926225375	-0.008903107174936416	0.004130376433144883	-0.02156951413224911	-0.00904084926225375	857666
2021-07-21	-0.005974130698925217	0.006252054109037125	0.014217603387779502	-0.013569180266680211	-0.005974130698925217	1336736
2021-07-22	0.0019567601656577463	-0.0030282985605119784	0.012299664611906819	-0.019986922381601303	0.0019567601656577463	1306130
2021-07-23	-0.04356921829786316	0.0027899470174829032	0.004324407182408646	-0.060727230175088194	-0.04356921829786316	2575743
2021-07-26	-0.03310806035190753	-0.0019933054402906224	0.001507112630588663	-0.050172623363579937	-0.03310806035190753	2196510
2021-07-27	-0.05365043107274671	0.003921957866000532	0.01065966887923192	-0.05445495639443496	-0.05365043107274671	2451867
2021-07-28	-0.006322740320603624	-0.011742239614283582	-0.0038255245375980133	-0.03751135825631205	-0.006322740320603624	2253704
2021-07-29	-0.0045450004374933475	0.010533637888276359	0.029301656950023378	-0.010801005009068443	-0.0045450004374933475	2397967
2021-07-30	-0.006821743640992036	-0.006284567935591816	0.003330262698933999	-0.03969489756346234	-0.006821743640992036	2033588
2021-08-02	0.017955690144587047	0.0005408653501633298	0.034234733398639305	-0.026500779659300543	0.017955690144587047	3162356
2021-08-03	0.009669493094944854	0.0004250451576610472	0.01567313242124569	-0.021517389111054164	0.009669493094944854	2900386
2021-08-04	-0.01873288324105553	0.004893748864745468	0.004893748864745468	-0.029151721764165764	-0.01873288324105553	2961082
2021-08-05	-0.0001608698018204787	-0.013298992134255515	0.009223514783859157	-0.022844246521755627	-0.0001608698018204787	1848512
2021-08-06	-0.043175130756371125	-0.003647052887858164	-0.0035934460218843157	-0.06360955318223997	-0.043175130756371125	3975364
2021-08-09	0.04467489500027672	-0.01283628406400048	0.05297092106404452	-0.014573941073114547	0.04467489500027672	2942581
2021-08-10	-0.005955894348765665	0.0	0.0010731985049418238	-0.02945747785205434	-0.005955894348765665	1959885
2021-08-11	-0.015707595155662158	-0.009392157222070546	0.0003239339394346869	-0.02029577405526759	-0.015707595155662158	1848761
2021-08-12	-0.013984112509434212	-0.0074033778754030175	0.004661315996885619	-0.020126201695874972	-0.013984112509434212	1442257
2021-08-13	-0.010011139988690677	0.00022243047459798827	0.0087875526898629	-0.010511673906924335	-0.010011139988690677	1558071
2021-08-16	0.013932561797752808	0.001292112359550561	0.01573035393258429	-0.007528067415730413	0.013932561797752808	1485670
2021-08-17	-0.02703895228366468	-0.0011635195293333213	0.0032136636350546433	-0.03174864875329452	-0.02703895228366468	1901102
2021-08-18	0.03929381414713615	0.007972630707085468	0.057175356816331666	0.007972630707085468	0.03929381414713615	3473290
2021-08-19	-0.02684928219178078	0.005479452054794521	0.010849293150684931	-0.029095879452054836	-0.02684928219178078	2703819
2021-08-20	-0.0014076576101016572	0.00011255067187318203	0.007882848832786596	-0.02094595086894308	-0.0014076576101016572	2250340
2021-08-23	0.043360511642723046	0.0	0.04730757663464634	-0.00242462918213837	0.043360511642723046	2712725
2021-08-24	-0.0029182502184812	0.005404237126187094	0.008754923591031354	-0.010484149769720333	-0.0029182502184812	1942511
2021-08-25	0.002167989159891558	-0.0012465907859078584	0.0027100271002710027	-0.01544718699186996	0.002167989159891558	1493835
2021-08-26	0.00924828045153976	-0.0021632991507830575	0.014818848506831192	-0.016495338555824857	0.00924828045153976	1952189
2021-08-27	-0.015326086408412863	0.0012324902136408133	0.011092610197242241	-0.01929160270461607	-0.015326086408412863	1593512
2021-08-30	-0.030040838095238095	-0.006693855782312925	-0.0013605442176870747	-0.036734693877551024	-0.030040838095238095	1650817
2021-08-31	-0.010660349226512872	-0.008247775531566507	0.009313825042110134	-0.03574030826999507	-0.010660349226512872	2010919
2021-09-01	-0.007542686921763929	-0.0103215957543062	0.007202427185363499	-0.030227425506409323	-0.007542686921763929	1727463
2021-09-02	-0.005314245714285692	-0.0017143028571428788	0.005599977142857142	-0.017142857142857144	-0.005314245714285692	1634911
2021-09-03	-0.011087539049734254	-0.0015511230490155615	-0.0005745159762072486	-0.014764214951746419	-0.011087539049734254	1122898
2021-09-06	0.022481677834795474	-0.0007552224977065636	0.02701286178118324	-0.006564447580832073	0.022481677834795474	1379874
2021-09-07	0.002783961217656966	0.005226964525508864	0.005226964525508864	-0.009204000034202686	0.002783961217656966	951102
2021-09-08	0.0056657223796034	0.0	0.011218107648725212	-0.011274815864022642	0.0056657223796034	1375627
2021-09-09	-0.02861972957746483	-0.0004507154929577885	-0.00033801690140849197	-0.03278877183098594	-0.02861972957746483	1753873
2021-09-10	0.010323622669337949	0.0002900069631134307	0.021401247203355254	-0.005045789410112328	0.010323622669337949	1225892
2021-09-13	-0.005740528227448822	-0.0034442652717151805	-0.0006888346846526568	-0.010849592609349982	-0.005740528227448822	714353
2021-09-14	-0.00756349897627312	-0.001154717110070136	0.0035797344730901337	-0.007736697593591674	-0.00756349897627312	849864
2021-09-15	-0.031066356571448846	0.0021525161565683335	0.003257885876187639	-0.051719117177957456	-0.031066356571448846	2748822
2021-09-16	-0.04785350259045024	-0.009306532405166056	-0.0033623415785829034	-0.0693485607442469	-0.04785350259045024	3620041
2021-09-17	0.007945478522569358	-0.013116420568591034	0.013936126700263266	-0.02579137941995997	0.007945478522569358	1446939
2021-09-22	-0.02909155478207107	-0.012887869441638436	-0.012887869441638436	-0.042167105659837514	-0.02909155478207107	1219513
2021-09-23	0.03743796588133305	0.0022552419324024307	0.04600811848691139	-0.0017398285747815129	0.03743796588133305	1672545
2021-09-24	0.0034161677018633776	0.0	0.011614875776397445	-0.011801204968944053	0.0034161677018633776	1302991
2021-09-27	0.01510369516984777	0.0	0.03992570027993126	0.0	0.01510369516984777	1769437
2021-09-28	-0.008476120236718017	6.0948836485513424e-05	0.03000182236716189	-0.027196816049856166	-0.008476120236718017	2460325
2021-09-29	0.0035669555879351473	-0.0221402574855994	0.030688744255027923	-0.022263283311318004	0.0035669555879351473	2166255
2021-09-30	0.00042901705480526603	0.0007354455518331081	0.016607464862435636	-0.008518201125305762	0.00042901705480526603	1254384
2021-10-08	0.027136251148545152	6.122511485453923e-05	0.028728955589586477	6.122511485453923e-05	0.027136251148545152	1768619
2021-10-11	-0.012464200186363215	-0.00017890625746867523	0.022960437504312203	-0.013000912995028549	-0.012464200186363215	1278486
2021-10-12	-0.005193550460620903	-0.009602005183936434	0.014493683543539568	-0.02089492773464408	-0.005193550460620903	1124026
2021-10-13	-0.001153420777112082	0.0015783949876378106	0.008255934153000365	-0.007466739694451276	-0.001153420777112082	929370
2021-10-14	-0.01525461350906953	0.00042547710573928	0.00042547710573928	-0.01543693392523731	-0.01525461350906953	931531
2021-10-15	0.0012960933240516333	-0.0051225205525058815	0.012096562439650406	-0.014688668855697588	0.0012960933240516333	1080062
2021-10-18	-0.009553765731207933	-0.007643028610606838	0.00468438718305022	-0.032297860197920955	-0.009553765731207933	1087915
2021-10-19	0.04518012887945576	-0.002987086900403439	0.05046985437214701	-0.005849785228081538	0.04518012887945576	2211562
2021-10-20	-0.02447157531059666	0.00011910687917428265	0.00011910687917428265	-0.028579952877284088	-0.02447157531059666	1410897
2021-10-21	-0.008239691363273818	-0.0020751709491009357	0.002929754710199031	-0.027099622243643248	-0.008239691363273818	1220795
2021-10-22	0.07341985742446125	0.0031386238187389036	0.0804972712013887	-0.008800584380559218	0.07341985742446125	3673381
2021-10-25	-0.05337688973027039	-0.005733287532774769	-0.0026372606654886115	-0.0569315050674407	-0.05337688973027039	3337834
2021-10-26	-0.005511501389912867	-0.012779365194238059	0.014475192208375	-0.012779365194238059	-0.005511501389912867	1419570
2021-10-27	-0.032277728969751465	0.003654116997334705	0.003654116997334705	-0.034713746066633584	-0.032277728969751465	2073583
2021-10-28	-0.016362436111860324	-0.005663902038913812	-0.00012579610292484441	-0.02441781086536726	-0.016362436111860324	1600805
2021-10-29	0.008317357485911269	0.0031989762661744797	0.022904682861714386	-0.007421650529335018	0.008317357485911269	1513493
2021-11-01	0.009517766135110425	-0.007614289050217518	0.013261395434210739	-0.014720856038546113	0.009517766135110425	1574624
2021-11-02	-0.01697053361519053	-0.0023256441611951145	0.010685084449336829	-0.025141419542121197	-0.01697053361519053	1454163
2021-11-03	0.0023017967634961106	-0.006521669048145751	0.006393862137871949	-0.007992327672339936	0.0023017967634961106	1118553
2021-11-04	0.014289391882157157	0.004720624034212278	0.0165221426550824	-0.0017223144208444703	0.014289391882157157	1198044
2021-11-05	-0.008804993710691777	-0.006226446540880481	0.008679276729559818	-0.009433962264150943	-0.008804993710691777	1383196
2021-11-08	-0.011484853623673071	0.002411103969120358	0.002411103969120358	-0.019099047496229118	-0.011484853623673071	1380516
2021-11-09	-0.003915527488341395	0.0	0.004493305292079875	-0.008601297003717135	-0.003915527488341395	1114858
2021-11-10	-0.02500315875127016	-0.0011598982350772247	-0.0006443549717133227	-0.04124239134357992	-0.02500315875127016	2706551
2021-11-11	0.03198939791164436	-0.008526159778066892	0.047984103476851905	-0.008526159778066892	0.03198939791164436	3165746
2021-11-12	-0.0007685090352792225	0.0	0.024080921122588222	-0.006148366889639809	-0.0007685090352792225	1444304
2021-11-15	0.017113177358975024	-0.0015382963328215045	0.02877830332577099	-0.00653764885174596	0.017113177358975024	1935926
2021-11-16	0.03629715122191506	0.002016466040500843	0.043417984202936834	0.002016466040500843	0.03629715122191506	3358926
2021-11-17	-0.01672240833181651	-0.007905156726758735	0.0066889998179811925	-0.018972301957536606	-0.01672240833181651	1348780
2021-11-18	-0.0006183735427032112	0.002102634547358795	0.008039598170184282	-0.009276438019971021	-0.0006183735427032112	1380113
2021-11-19	-0.003094059291062155	0.0018563613172142136	0.002165785810676199	-0.016831688731496684	-0.003094059291062155	1230283
2021-11-22	-0.003724431891082658	-0.0006207696851358751	0.012538727031456356	-0.01042835467057658	-0.003724431891082658	972921
2021-11-23	-0.0005607227414331059	-0.0030529906542055853	0.018629314641744527	-0.007476616822429883	-0.0005607227414331059	1063867
2021-11-24	0.014026556598053574	-0.00112217440004544	0.014026556598053574	-0.013153799310421955	0.014026556598053574	1417543
2021-11-25	0.020779472008374128	-0.004610844593364205	0.032767741724634473	-0.00663962851002991	0.020779472008374128	2652039
2021-11-26	-0.023849621578820483	-0.005058998045127679	-0.0005420139953873251	-0.02445192225465831	-0.023849621578820483	1207509
2021-11-29	-0.017152017310562494	-0.01591807729617382	-0.006910136884129709	-0.02517276622442297	-0.017152017310562494	955416
2021-11-30	-0.011236710397299869	0.009981142310461759	0.01098556162613506	-0.01807912709204413	-0.011236710397299869	1191703
2021-12-01	0.00444423860212799	-0.0032378580165658916	0.006920265599652924	-0.006983626658105202	0.00444423860212799	610301
2021-12-02	-0.020226356478196646	0.0	0.001264123577214659	-0.022248940296172276	-0.020226356478196646	1085034
2021-12-03	-0.0007096381107554459	0.00393523011209687	0.004128759568052298	-0.01219276215059561	-0.0007096381107554459	837494
2021-12-06	0.004067172526811146	0.002453227983985663	0.016655920593515373	6.462233949469411e-05	0.004067172526811146	954086
2021-12-07	0.02552562866023034	0.003021931479598327	0.04481451195791492	0.003021931479598327	0.02552562866023034	1912272
2021-12-08	0.010783705329153582	0.00012541692789968736	0.014733579937304123	-0.01987459561128522	0.010783705329153582	1489361
2021-12-09	0.059918148741358805	-0.0026051234176582877	0.07480460194265852	-0.007443226600649855	0.059918148741358805	5047483
2021-12-10	-0.012172295992149623	-0.010826345657000698	0.0027504739363742193	-0.01767324386489806	-0.012172295992149623	1738174
2021-12-13	-0.010604312607743261	-0.007227493947378641	0.007464425222788672	-0.013625609947412168	-0.010604312607743261	1717815
2021-12-14	-0.01269382709699509	0.00017961799232438865	0.005867972153403111	-0.01616667912600079	-0.01269382709699509	1225217
2021-12-15	-0.0047910304129480975	0.0021832797755066465	0.005276220542641975	-0.011462180917351992	-0.0047910304129480975	1316438
2021-12-16	0.005179713399888533	-0.000609421062422189	0.005179713399888533	-0.006093844993521816	0.005179713399888533	1000340
2021-12-17	-0.00030314035107259686	0.0001818672358023969	0.0018187511697863431	-0.017520455001887567	-0.00030314035107259686	1053982
2021-12-20	-0.013523323718253136	-0.0036385143834510307	-0.0019405215988060314	-0.02007275997839017	-0.013523323718253136	1205839
2021-12-21	0.014323489448865719	-0.0062703879789806115	0.01604475952596994	-0.0062703879789806115	0.014323489448865719	858894
2021-12-22	-0.008545478787878705	0.0031515393939393946	0.004060593939393895	-0.015151515151515152	-0.008545478787878705	699642
2021-12-23	-0.01803286919818755	0.0013448377368992283	0.0042178801691516036	-0.020905911630439925	-0.01803286919818755	1105208
2021-12-24	0.005478118809002304	0.00031127365731621924	0.010084636516961225	-0.01643425682541239	0.005478118809002304	1347934
2021-12-27	0.03021291406109668	-0.0007430039439573548	0.03145122507550215	-0.003962351313463247	0.03021291406109668	1590641
2021-12-28	0.026141863923384565	0.00018028245842366836	0.03245197833360506	-0.00252402653331822	0.026141863923384565	2764322
2021-12-29	-0.0032211010248902124	0.0015226647144948962	0.013177159590043924	-0.0055051361639823874	-0.0032211010248902124	2043634
2021-12-30	-0.0041715159372182585	0.007638090616417601	0.007638090616417601	-0.019917738306423054	-0.0041715159372182585	1068412
2021-12-31	-0.01292112770897607	0.0	0.007139016840550566	-0.01846718925992117	-0.01292112770897607	948025
