2019-11-14	-0.024742229289083303	-0.0044761417780772575	0.016326414992914002	-0.025589236991161134	-0.020931977974736213	4547603
2019-11-15	0.050211413674795875	-0.002460336071961751	0.08965290098011675	-0.012754107045896404	0.05431450655501353	5936830
2019-11-18	-0.054554647479820695	0.0024922659251773124	0.025329021784588547	-0.07036297354345991	-0.05086080548844764	6533167
2019-11-19	0.012456141860297334	0.003906986248889741	0.030305924435291568	-0.011376597167866556	0.016411714941503612	3630377
2019-11-20	0.0	-0.002426868467934617	0.04380982278488078	-0.006438241983943011	0.003906908079927558	3830634
2019-11-21	-0.021556193605910812	-0.006121562657246354	0.027869828677212678	-0.03008448325453147	-0.01773351447853881	3217664
2019-11-22	-0.06867278581975576	-0.005479475790367864	0.008761868231727032	-0.06568154255247247	-0.0650341439999044	4813103
2019-11-25	-0.009346945473676212	-0.003043786396693196	0.003906942441335284	-0.03710195919856394	-0.005476517162695401	2893487
2019-11-26	0.002096662922021592	0.0056610296481501505	0.017939484277378643	-0.015504603518606658	0.006011829941503854	1997666
2019-11-27	-0.04138087563607716	0.005890727355876095	0.009741608601369658	-0.05712324110606433	-0.03763558958209907	4293164
2019-11-28	0.010913078384061197	-0.0014491829534042774	0.02825295066109595	-0.001570937255413962	0.014862679845054365	1793435
2019-11-29	-0.03706375731380271	0.0039069644516881545	0.007880615200234602	-0.048714797435195405	-0.03330158087826185	3146309
2019-12-02	-0.015944076427884785	0.00040557692595546253	0.02529064064184918	-0.02360413191012813	-0.012099492785618981	3122553
2019-12-03	0.012784766762823873	0.006575475663149632	0.02652653634667713	-0.0016845303211519978	0.016741659357419728	2414935
2019-12-04	0.014873067319205029	-0.006507314354636643	0.04732047820549576	-0.008765822606924748	0.018838129501457905	2258882
2019-12-05	-0.012561460403775707	0.013055921686946541	0.017012205394870004	-0.021314268298866176	-0.008703663433406143	2399814
2019-12-06	-0.007233826387916179	-0.004607178803076012	0.017930054710545755	-0.004607178803076012	-0.0033551374026477175	1341669
2019-12-09	0.03266331160786979	0.003906951191896704	0.036950158351821756	0.0011323213084994104	0.03669786997046221	1800807
2019-12-10	0.018248195507733798	0.00512831592185736	0.06179653233430518	-0.01258056658849051	0.022226415074061485	4216044
2019-12-11	-0.020310609053681553	-0.005688302360944565	0.016980552511050736	-0.01900177584784564	-0.016483024856832392	1694616
2019-12-12	0.009512165136128892	0.0039069364558004995	0.030718621805216145	0.0039069364558004995	0.013456282876880886	1895569
2019-12-13	0.004952943225289333	0.006574996386031886	0.018823704331813632	0.00038999323775635485	0.008879228463903523	1296674
2019-12-16	0.004447661194366354	0.006079121549232918	0.009820053517808083	-0.017814852461826687	0.00837191267098378	1883093
2019-12-17	0.011010056970154702	0.003186046799410055	0.043073204588320646	-0.0013793147362263336	0.014960002912243094	2480140
2019-12-18	0.014441238707978511	0.00022302704309858044	0.0344471851451251	0.00022302704309858044	0.018404567586237278	2452884
2019-12-19	0.00011662657559800603	0.005078398572329563	0.03319240838306572	-0.002067275166254298	0.004024073711931696	1702909
2019-12-20	-0.022051096676162407	-0.0034720588119200434	0.015034242353106448	-0.018230253093025766	-0.018230253093025766	1285828
2019-12-23	-0.06012885509209729	-0.0022012655072911535	0.003906997155117632	-0.05645678558848509	-0.05645678558848509	2664586
2019-12-24	0.018024883946668076	0.00620076325477093	0.02506069444878426	0.005181284094672392	0.022002269711659174	1673403
2019-12-25	-0.009476206139810152	0.007286750062381125	0.020179807504713036	-0.007358750973458036	-0.005606307379950607	1402686
2019-12-26	0.049723013190659256	-0.003928228037097684	0.06153297189652121	-0.003928228037097684	0.053824207915689704	2226148
2019-12-27	-0.028660610206879242	0.008240873331382475	0.0160660504555275	-0.027514068782469172	-0.024865543404871876	1413729
2019-12-30	0.02716048201468934	-0.006999562160195253	0.03464398934019278	-0.008362905109181579	0.031173619018342282	1429474
2019-12-31	0.0024038988854193804	0.007406227780864147	0.012112030042690916	-0.020225360724197387	0.006320318893007114	1669398
2020-01-02	0.01954437211178132	0.009925655028856699	0.04182439080900756	0.005832940437354794	0.02352771621123481	2488447
2020-01-03	-0.019640095032436113	0.01866511396977255	0.021026461904586537	-0.02265764843422567	-0.015809852765698955	2184588
2020-01-06	0.0076775880528230705	-0.007654320919261829	0.01763601756129053	-0.01608450198994817	0.01161450266447816	1939507
2020-01-07	0.0032142111724895784	0.002711815515945527	0.009284955823793052	-0.009478542541320545	0.00713372671186928	2165291
2020-01-08	-0.024326571338110916	-0.020514607704489974	-0.020514607704489974	-0.020514607704489974	-0.020514607704489974	1832000
2020-01-09	0.03186570767134258	0.006104821687643792	0.04517680380945457	0.006104821687643792	0.03589717203599596	2437710
2020-01-10	-0.014144155248989414	0.00047549504277142826	0.011716756842184302	-0.017865604468990676	-0.01029253180627437	1955176
2020-01-13	-0.01769491526318848	-0.013857071864526211	-0.013857071864526211	-0.013857071864526211	-0.013857071864526211	3267289
2020-01-14	0.019839246348398523	0.023823789114247238	0.023823789114247238	0.023823789114247238	0.023823789114247238	2801470
2020-01-15	-0.008831434378729311	-0.0025628443816521273	0.005224977192236617	-0.017539378249795488	-0.004959053856873737	1666263
2020-01-16	0.08320272370262988	0.004994753876552184	0.10544585437180999	-0.0008074167114818385	0.08743478639854053	6103113
2020-01-17	0.019230845201089107	0.015512862898822343	0.058253701315615844	0.007478024692228814	0.02321292780460169	5315677
2020-01-20	0.0077434848203229555	-0.005837583560005241	0.01584124400458772	-0.02357487479247401	0.011680685378174991	4408943
2020-01-21	-0.03246755596088492	0.003906947171733911	0.02129059514677269	-0.03737931183592692	-0.028687433524439684	3499580
2020-01-22	-0.003131965095749942	-0.00732241194865766	0.0071634937030892465	-0.02865826443713076	0.0007627559235619685	2966669
2020-01-23	-0.046229880041458435	-0.012088934077717368	0.00232990440692839	-0.05376815990687269	-0.042503495143859274	3666904
2020-02-03	-0.09364699655767363	-0.14951358284406543	-0.05668169972132841	-0.14963171317191065	-0.0901059212832737	4232208
2020-02-04	0.059190008947203165	0.016416680070118587	0.07310143039667827	0.007295031008592447	0.06332819308831174	2431774
2020-02-05	0.0154411716489836	0.0005852310055728247	0.039215952111079144	-0.005935230801961768	0.01940847415332658	3294653
2020-02-06	0.002655119466927492	-0.006512540495366736	0.014084114391163681	-0.018870518888444186	0.006572440519754193	4321723
2020-02-07	-0.015768020938878635	-0.003101574548499251	0.01852811246309609	-0.034760688068235075	-0.01192265141243705	3360647
2020-02-10	0.019933969019972204	-0.005546435843436077	0.03607327511998603	-0.021752345777839258	0.02391887950079704	3192977
2020-02-11	-0.027577903183497378	0.011851567558656035	0.011851567558656035	-0.03461224585504375	-0.023778704999447235	2141305
2020-02-12	0.012330366645887846	0.003906943493456068	0.027302555947141118	0.0011836323106925355	0.01628557442133175	2063238
2020-02-13	0.0566383696529828	0.003662524402675528	0.06504631747143472	-0.003062833613385855	0.060766591988291	4614303
2020-02-14	-0.023631228724694885	0.01605800936513836	0.028556147363679115	-0.030231647794219066	-0.01981654436784947	3337582
2020-02-17	0.021723837355632488	0.00461822132063649	0.029982578834764	-0.004152690540224179	0.02571566571820169	2314736
2020-02-18	-0.010284257515285848	0.0044869211307435	0.01492739092810337	-0.02323825323022493	-0.0064174757113740445	2388827
2020-02-19	0.09865723432511253	0.013869821201302653	0.1532329560014607	0.012697740803840373	0.1029496895641958	6734832
2020-02-20	-0.018809729000580058	-0.005161212958657977	0.02247019164275679	-0.02703169551041257	-0.014976223086276929	4035258
2020-02-21	-0.023935825716965314	0.003906995439730969	0.003906995439730969	-0.026754952635825606	-0.0201223927109896	3326118
2020-02-24	-0.012206024290336554	0.002570155431458936	0.002570155431458936	-0.030848849749589694	-0.008346753013355425	3173917
2020-02-25	0.0025837579779847456	-0.018873192100467638	0.014507662730058848	-0.024173543604370906	0.006500777069347855	2921669
2020-02-26	-0.047507046582991125	-0.0137528387225831	-0.007003895856259131	-0.04389816710104437	-0.043785662035954305	2834286
2020-02-27	0.033996097339698626	0.00709546472714828	0.04039762510164698	0.0021355903608917836	0.03803581615552388	2250352
2020-02-28	-0.01706485222433671	-0.023389317074016498	0.02652044437509604	-0.028642970763970405	-0.013224617185410181	3261895
2020-03-02	0.037036936766845024	0.007392635499455603	0.06839392176676819	0.007392635499455603	0.0410885957235495	2535245
2020-03-03	0.020758914013316844	0.013318629980245699	0.02631559516720531	0.0011058774865759708	0.02474700171584064	2246003
2020-03-04	-0.005138849085502314	-0.001471460266582871	0.009395212773016233	-0.014313896032094308	-0.0012519640041935506	1860163
2020-03-05	0.02209031175476893	0.007989263678745707	0.06315505027274683	-0.0009475716831677608	0.02608363064842079	3314171
2020-03-06	-0.04516113473962798	-0.007643316199771085	-0.007643316199771085	-0.051253911162347086	-0.04143069184672712	2603182
2020-03-09	-0.0414415460201638	-0.01836448606266401	0.007298402786465616	-0.03894005434798945	-0.03769646473977296	2848935
2020-03-10	0.011395676694500407	-0.02050662768475823	0.021008286313131976	-0.03194683859768459	0.01534710967615101	2292559
2020-03-11	-0.001626238314684574	0.003906911086039932	0.028395360786074277	-0.0027399231804191744	0.002274364098290767	1399617
2020-03-12	-0.031064549864632505	-0.012795626810616821	-0.01186120490026678	-0.037907831667071575	-0.027278962018805347	1550992
2020-03-13	0.015609957744533522	-0.05974131265464996	0.025243643326898546	-0.07179591121035958	0.019577969951116343	1601053
2020-03-16	-0.06597292712788874	0.008298612410142058	0.020049297554711437	-0.0713445061290315	-0.06232379995962535	1855302
2020-03-17	-0.006329213494368863	0.016614557122415496	0.05283142530453761	-0.01693371055494229	-0.002446965823629794	1901909
2020-03-18	-0.019490374360875723	0.020532225183726525	0.030635148540378063	-0.017833646501155237	-0.015659606016259823	1423305
2020-03-19	0.0010393703671203141	-0.00091897197011587	0.014602039147908578	-0.019961495990059044	0.004950368366140959	1517508
2020-03-20	0.03841659191653634	0.019020863087620132	0.04885795329767776	0.019020863087620132	0.042473626597057196	1479049
2020-03-23	-0.013623346872337324	-0.022818800485187703	0.0018993301565658665	-0.033609451023897126	-0.009769629146922141	1527237
2020-03-24	0.010517032187429914	0.021461386305971112	0.030238512369642423	-0.019117240636780403	0.014465037540548937	1215912
2020-03-25	0.019184982166836815	0.024047970209732664	0.03197858308414207	0.01573982539396346	0.023166810583069776	874853
2020-03-26	-0.016978303507039112	-0.002392270094824206	0.00785925205676163	-0.015855059164550787	-0.013137766804188405	738425
2020-03-27	-0.013141517518651783	0.016722650492986265	0.01772783891976716	-0.016070802094428623	-0.009285949834963432	889487
2020-03-30	-0.020418550382065786	-0.019646999839082076	-0.009716163997880526	-0.0339067180369941	-0.01659137958800909	1105885
2020-03-31	-0.01165202743977732	0.013784874849556842	0.0187237878122262	-0.010909910916903522	-0.0077905988349273175	662664
2020-04-01	-0.000523927940675721	-0.0008271252148459178	0.017452030367069035	-0.00582437019103695	0.0033810257104871164	594984
2020-04-02	0.025950139717402707	-0.00017184834626186992	0.0341688747027933	-0.003987497397966535	0.0299585310112322	660628
2020-04-03	-0.004087907320555801	0.0015985693119501797	0.023656848268803505	-0.003402998555351102	-0.0001968570862055132	722629
2020-04-07	0.019625481123025746	0.023737932978852152	0.02721474015734894	0.013307421302915078	0.023609135157397376	766758
2020-04-08	0.018996057382258378	-0.0017761917335323233	0.02322987003856169	-0.003544288053944823	0.02297732093378741	725669
2020-04-09	0.0024691899378621214	0.007625256521488726	0.01902763273971899	-0.0010505453439961887	0.006385790744301785	834127
2020-04-10	-0.01366997400857603	-0.004129173305959818	0.0039069537954402695	-0.017110766312743764	-0.009816417679806084	994883
2020-04-13	0.002122757559213552	0.0027788883205778422	0.022458424003869097	-0.021538524790668465	0.006037944777091929	931479
2020-04-14	0.034637313627272716	0.008785085691381481	0.04568417922952214	0.006408493157178892	0.03867963356773887	1036339
2020-04-15	-0.0211945146300159	0.0010055511437837045	0.017205350490535717	-0.020271884945489888	-0.017370443863858456	1251217
2020-04-16	-0.010211677126747318	-0.008197267802191373	0.009588422384534766	-0.008197267802191373	-0.006344659415448591	847778
2020-04-17	0.035425786138070174	0.009522366279438078	0.045710447853685006	0.009522366279438078	0.03947112559582253	1656899
2020-04-20	0.05882341243934891	0.00029138608593725355	0.0641654505091858	-0.0032036199653436093	0.06296020785428318	1842456
2020-04-21	-0.007936397095895066	-0.006336906889434665	0.003906973879056748	-0.03080857436292618	-0.004060507911157081	1263464
2020-04-22	0.03199997402462618	-0.002977014192042419	0.05989618317695972	-0.0041243248855198115	0.03603195094894854	2319512
2020-04-23	0.005537096984457011	0.011689145324787707	0.02591948702068426	-0.0027635901036701382	0.00946568605008971	1221402
2020-04-24	0.008259876387658105	0.006118171431745586	0.01253081485665491	-0.015994315852468605	0.012199138603635456	1228013
2020-04-27	-0.0056800189399026455	0.0022621297017086464	0.03493976722736697	-0.011883593725926919	-0.0017952005681092717	1115365
2020-04-28	0.006261730812902826	0.004678980906555201	0.013501672685770927	-0.059505769835120625	0.010193135697791064	1471823
2020-04-29	-0.039738046040861084	0.014647473850607258	0.017935323951515907	-0.03598629447802407	-0.03598629447802407	1291541
2020-04-30	0.07844482202426828	-0.0007723669822057276	0.08265826406991203	-0.0007723669822057276	0.08265826406991203	2346921
2020-05-06	0.018659112409734484	0.0006262406693457915	0.025284654873754975	-0.03683772316147216	0.022638895463601	2729377
2020-05-07	-0.027217232781650988	-0.007001707898847354	-0.0025343584882091073	-0.025494446232769436	-0.023416640465142958	1563476
2020-05-08	0.03787231410308318	0.0044409531741710605	0.05282071253938906	0.003906928087733031	0.0419272116640997	1678853
2020-05-11	0.040385408893638036	0.00833169711386314	0.07737858779042302	-0.0007236032900118685	0.04445014129969784	2528030
2020-05-12	0.07428573158032512	-0.0009394788712106447	0.08036215779977136	-0.010632403220304048	0.07848290333608464	2913957
2020-05-13	-0.007245051969768647	-0.005668115254776445	0.026647689412996743	-0.015335258421240729	-0.0033664210771254645	2090938
2020-05-14	0.034642023015760554	-0.005737998188237863	0.04684537663064162	-0.01677403756624395	0.03868431341854003	2027029
2020-05-15	-0.05089286542604983	-0.00496685650517139	0.0128704007672717	-0.06331896566212485	-0.04718471999847621	3396507
2020-05-18	-0.019190951668566585	-0.006292655007790628	0.02166184717349718	-0.01970324642637691	-0.015358973658416495	2307262
2020-05-19	0.09178972630951023	0.02066118662762838	0.11502423088172575	0.0013071203404217187	0.09605532938816326	3340283
2020-05-20	-0.07932875832918448	-0.012232451584110581	0.018635284303885963	-0.10483565924810022	-0.07573176752421554	3827751
2020-05-21	-0.030057326819523045	-0.003756518054695495	0.025939181960145653	-0.03584703413190517	-0.026267769882431083	2247360
2020-05-22	-0.016232153541334365	0.01674588923057387	0.026720783951694242	-0.015647754257637037	-0.012388616941315786	2195540
2020-05-25	0.040000030117208527	0.013946024440616715	0.0541023026362847	-0.0048270657330666865	0.044063233087367704	2168104
2020-05-26	0.05769227223627539	0.010857060343715943	0.07253941857436899	0.007381997908186199	0.06182463307853442	2060450
2020-05-27	-0.009090915977212935	0.0008040108309879534	0.020973405163058824	-0.018270257904701822	-0.005219467431556119	1323757
2020-05-28	0.042385320529718745	0.011919829500124796	0.0663518125835004	-0.0030006502922502675	0.04645791320824546	2081867
2020-05-29	-0.007569071529546535	0.00417205428010636	0.014244690598293754	-0.01765202789118973	-0.00369167746280461	1455127
2020-06-01	0.007538160638947037	0.013077089913070446	0.05483237188944087	0.004263096732248171	0.011474542460905826	1904018
2020-06-02	-0.03177540811012232	0.003906930750357353	0.007088045897694849	-0.0416890883738707	-0.02799259386909686	2301654
2020-06-03	0.019181841929610716	0.0016253527466671184	0.04388068193428456	-0.005584533634154964	0.02316372936723645	1598115
2020-06-04	0.06547138790013021	0.0118765835084999	0.09067761864570834	-0.01301736242315541	0.0696341138447837	2373654
2020-06-05	0.042277064369304	-0.004497477962162179	0.07156247171390241	-0.004497477962162179	0.04634923708534001	2147309
2020-06-08	-0.01004006983902786	0.0073743056834070205	0.020034016400792293	-0.036491204903852666	-0.006172391135196442	2095506
2020-06-09	0.06174434725883476	0.0017077006249098352	0.06703289624950808	-0.013035313706205278	0.06589256389498882	1974851
2020-06-10	-0.033776521515726354	0.008970268619070201	0.03160149713937535	-0.040281518039604496	-0.030001529028726458	2755244
2020-06-11	0.006801691832503204	0.013911050494526149	0.031219854357430594	-0.008717340640035475	0.010735182473703095	1421859
2020-06-12	0.0009426315079389059	-0.014231251632630166	0.025199498302064628	-0.022117401619569124	0.004853215563462194	1503879
2020-06-15	0.020247893312128444	0.008476576532129165	0.04298542377895432	-0.014214122803674003	0.024234023040443683	1522968
2020-06-16	0.06615395127300965	0.003675357659637492	0.07626551129015442	-0.0038153409101440256	0.0703193777283876	2092754
2020-06-17	-0.014430024819244663	0.0051382940454673225	0.0284613913912359	-0.02216858265610421	-0.010579426102483877	1838997
2020-06-18	-0.04267936145933671	0.0009672121497138497	0.013166989041319717	-0.04768475617298027	-0.03893913935484938	2440030
2020-06-19	0.010935139044373564	0.010739401373601321	0.045592429382474466	0.00029882295308508115	0.01488486837180941	1781966
2020-06-22	0.011044086015209946	0.015145873956161722	0.05903843582597604	0.002388258370221123	0.01499408047967254	1876346
2020-06-23	0.0442166123264359	-0.0009753053118650469	0.05062464883259185	-0.008561276174517483	0.04829628503328534	1903894
2020-06-24	-0.01117726620269858	0.0009578294378264919	0.021385510884085458	-0.020476959700731146	-0.007314019364893782	1696399
2020-06-29	0.050648520544776386	0.003906915472067539	0.06384603801912951	0.003906915472067539	0.05475333683947883	2132850
2020-06-30	0.019999923980012674	0.016161551584279732	0.0565255477456443	-0.00460893674215541	0.023985032952275828	1830426
2020-07-01	-0.013387395253095865	0.011373526566223618	0.017482453449904387	-0.04157087975147523	-0.009532731719487987	2105399
2020-07-02	0.0035636909080481575	0.004457369012979974	0.05942736490818923	-0.01054064491336735	0.007484514569695329	2223264
2020-07-03	-0.03605578475567266	0.0008905046217078616	0.0008905046217078616	-0.07911216789304772	-0.03228967372628571	2975498
2020-07-06	-0.014947595609069102	-0.004342779434452524	-0.004342779434452524	-0.03591935122463442	-0.011099003524206843	3395451
2020-07-07	0.029845385330973404	0.0002971145887068475	0.033868933284768456	-0.008727579501237585	0.033868933284768456	2906172
2020-07-08	-0.015363120580302949	0.003906943713207935	0.008113299874441616	-0.021961902011108786	-0.011516186948227921	2238605
2020-07-09	0.049574598699051765	-0.002216170886266951	0.05865905954864913	-0.017452765803893208	0.05367514566244936	3467331
2020-07-10	-0.016825611458899985	-0.009592557367553385	0.024122004141287016	-0.01637616998832357	-0.012984363677938477	1815868
2020-07-13	0.05896912372636804	0.01977632593585203	0.06945417666911048	-0.0016817615408906965	0.06310646245216069	2428543
2020-07-14	0.008566991782310218	0.0033856969922965536	0.03856931220946676	-0.04157115553324018	0.012507346053822694	2845103
2020-07-15	-0.02889313247365182	0.007007825893753171	0.04751287970913974	-0.04338134405138993	-0.02509911368262036	3144172
2020-07-16	-0.04214433790003304	-0.01212530045693433	-0.00394293056508805	-0.05509955954226154	-0.03840208227222731	2835675
2020-07-17	-0.0241366301788356	0.001267756260185818	0.017797008526930214	-0.03672167083275878	-0.022831572058391238	1909394
2020-07-20	-0.028144888747469725	-0.003644419624119969	-0.0016517155801937572	-0.07474154269364097	-0.0268452354116019	2546892
2020-07-21	0.0495099979504587	0.006902680358824649	0.060945929926544934	-0.011258153238841995	0.050913444536592925	1858820
2020-07-22	-0.009128336007008252	-0.0015234476892922277	0.025549081142048388	-0.010803501888076491	-0.007803236967348716	1749641
2020-07-23	-0.01786215381913089	-0.009999923526558442	0.019645907404069896	-0.03049144692441074	-0.016548697815731303	1797778
2020-07-24	-0.06709148577923203	-0.017734410871514752	-0.004828710088828294	-0.07595332818826908	-0.06584396546210781	2223306
2020-07-27	0.021183536717625857	0.00571800560387681	0.03968767960176343	-0.023947839403636074	0.02254915665750162	1488619
2020-07-28	0.014656085540890167	0.007207581257296526	0.038440528701863444	0.003519785167585964	0.016013012311955458	936540
2020-07-29	0.061407426935270924	0.010238080781397882	0.06764812460422132	-0.004670682330984635	0.06282680405271926	1934151
2020-07-30	-0.009212086603231286	0.0062989211084916044	0.02649477441199583	-0.015434347300857987	-0.007887091416170344	1737398
2020-07-31	0.017398068206834396	0.0013373146453900457	0.027222402454003536	-0.014955466762838	0.01875863007181893	1801385
2020-08-03	0.011492716238366575	0.0013372955065489062	0.018945926684516272	-0.005179313794320113	0.01284535347438297	1676357
2020-08-04	-0.07624913632093964	-0.0007188861083560228	0.0006518492882336695	-0.07542514749950946	-0.07501383161299348	3640133
2020-08-05	0.032157630184411104	-0.011053416992772755	0.05505445661466837	-0.020624534379306426	0.03353791893249254	1877890
2020-08-06	-0.015793180451872477	-0.00800759273863858	0.012551097672665129	-0.023103172500981407	-0.014477065308064481	1323369
2020-08-07	-0.01816206552592815	-0.001292104768120762	0.007326209421778141	-0.033136234240040696	-0.0168490137478701	1376975
2020-08-10	-0.00460577979258247	-0.006845387787873942	0.011082150857416618	-0.00974652113570115	-0.0032746877409753137	1086742
2020-08-11	0.01776235756166835	0.0067926743816537965	0.0552191326239041	0.00178562959807818	0.0191234482804283	2007997
2020-08-12	-0.047077784448138815	0.0013373364701960663	0.004494798383873567	-0.06555550257318822	-0.04580341247141663	2195053
2020-08-13	0.0057715328197121335	0.0040343223153373325	0.013280969644082475	-0.009835706469470738	0.0071164995637921415	908252
2020-08-14	0.004208144783900132	-0.004025666963405738	0.020567291350961872	-0.014291833289342026	0.005551009315792284	876320
2020-08-17	-0.006171510323706856	-0.0005700717793626782	0.005304470529412923	-0.010945840495469594	-0.00484242873313144	977102
2020-08-18	0.03058872869257401	0.004100923102659818	0.03595881844437852	-0.007106984717008468	0.03196694929727249	1232293
2020-08-19	-0.007364317520615106	-0.0027594170293258713	0.013031925745832397	-0.023318080598280118	-0.006036895605972653	969624
2020-08-20	0.0017984899573053898	-0.006992199077012274	0.022048344763778618	-0.020724582015423147	0.003138168745213057	1251041
2020-08-21	0.023114922371825757	0.011973958488021174	0.03541931918125396	0.011224858094253902	0.02448316952926325	1111411
2020-08-24	0.035314861279860325	0.001337334768087995	0.047534866353390666	-0.007594686245484531	0.03669933804480459	1508514
2020-08-25	-0.0038136450920361244	-0.009411593889534718	0.016894729702032145	-0.01471528673630416	-0.0024814635227844994	1019542
2020-08-26	-0.09648379620669206	-0.059640205866032074	-0.04175154862463313	-0.14581795837036382	-0.09527551870936553	5635892
2020-08-27	-0.02706941247583036	-0.010133478776696582	-0.010133478776696582	-0.05640948403550496	-0.025768310340876236	2077292
2020-08-28	0.020000041022528163	0.0013373021175796898	0.032588740530538854	-0.010614167327145476	0.021364072385833724	1408200
2020-08-31	0.029490910334879564	-0.005629679908784542	0.04108040743754497	-0.008954787809643448	0.03086758281373059	1646164
2020-09-01	-0.006451269177383475	0.007335554265008195	0.012026566342129808	-0.014966011212361586	-0.005122599861063209	801508
2020-09-02	0.036407284924551815	0.006213601190490111	0.051725455083321645	-0.00694455345091778	0.03779324353883172	1406788
2020-09-03	0.0023865777193200544	0.008133363365485001	0.014630673989294024	-0.009267567501766641	0.003727038809436297	860681
2020-09-04	-0.025520802503313598	-0.03233857598732766	-0.009093282729043545	-0.035095308276481295	-0.024217640963279094	915443
2020-09-07	-0.03565698070164551	-0.011124989477815829	0.005160063730221133	-0.03872536040917126	-0.034367398653879014	1248456
2020-09-08	-0.01741888367594504	-0.00817666779258306	0.013071034562609735	-0.03584621622801861	-0.016104911981742975	1164379
2020-09-09	-0.041821097660118406	0.004564798927883291	0.004564798927883291	-0.040539724829126114	-0.040539724829126114	980237
2020-09-10	-0.006391413415467204	0.01708446764469695	0.022726499146560136	-0.005062652083728887	-0.005062652083728887	626179
2020-09-11	0.026407082298060207	0.001337308624018489	0.0344750555990094	0.0002354985977464407	0.02777968986257655	544508
2020-09-14	-0.028119033220255205	0.029493995609209796	0.03700791458601755	-0.035654437145543755	-0.026819350721884405	1072528
2020-09-15	0.02570848074476245	0.013231678936843133	0.02716510108668029	-0.005969273456739952	0.027080115707555415	722483
2020-09-16	0.004963175488708361	-0.00048502196091900374	0.031239055509602123	-0.010176167603233305	0.0063070746295859495	890699
2020-09-17	0.00419785247647093	-0.004761903152725598	0.020211765072608964	-0.014652443363925887	0.005540768657287595	662730
2020-09-18	0.023688513447225383	0.0035533521173814774	0.02678110266722027	-0.00440805095874477	0.02505749748555584	676800
2020-09-21	-0.03114740331482501	0.004704753981388102	0.005185859317952364	-0.033219190981989444	-0.029851750282942572	844854
2020-09-22	0.013305844610556797	-0.00453830066372442	0.017888336524013268	-0.009586373047203944	0.014660893976403253	827068
2020-09-23	0.04069809107030373	0.012689166763355362	0.061445258200987576	0.0005205793996532171	0.04208980365827266	1349366
2020-09-24	-0.009247624656841865	-0.013808331546987256	0.012323762672763288	-0.025893444778303704	-0.007922728275633981	866360
2020-09-25	-0.004350557805140893	0.009495595395169702	0.013852014532269669	-0.012444772094661022	-0.003019092884899815	510658
2020-09-28	-0.015651067624242232	0.0007804098178179132	0.010326780730385763	-0.023881157758756006	-0.014334723203556235	455983
2020-09-29	0.03631953682130878	0.015561290144259296	0.04619132403091831	0.007802688230896914	0.03770539081914357	1121390
2020-09-30	0.041978158742786834	-0.0013142006572079952	0.05280794172179288	-0.004589595343987371	0.043371608542985836	1768079
2020-10-09	0.027580553751462757	0.00635196212763806	0.03284667219758558	-0.0032281697583497254	0.02895475624882157	1224028
2020-10-12	0.008873998993141735	0.007309850039972237	0.011679892202844218	-0.006674480079362894	0.010223211481886891	1214398
2020-10-13	0.042610009309116424	-0.007398128813064078	0.048408171389394496	-0.011585415575402212	0.04400430842187175	1844806
2020-10-14	-0.01880922914338182	-0.011265145131590092	-0.000878546945380959	-0.03176130323278701	-0.017497062496922972	1387040
2020-10-15	-0.034745113813995115	0.0012667915780114115	0.009029579994424823	-0.03881780939375661	-0.03345431385210366	1105418
2020-10-16	0.0038696609300825757	0.012230826651537473	0.035261063438251125	-0.002903227221515728	0.005212166364106319	1044173
2020-10-19	-0.025310964972559975	0.012334597909182477	0.012334597909182477	-0.03063495643367063	-0.024007522272398864	956622
2020-10-20	0.01820756448818619	0.008435884044345178	0.021512074808603246	0.000515351358291773	0.019569251745394867	844344
2020-10-21	0.021033448990183255	0.0050065840591597376	0.03751616642472025	-0.0019649622040829396	0.022398885676267893	1149097
2020-10-22	-0.02741887382160138	-0.0009626838575449151	-0.0009626838575449151	-0.0358930605157439	-0.02611829973163551	761625
2020-10-23	-0.04619932067803663	0.004958348583096061	0.012126607809517105	-0.05630433575477609	-0.04492376483351789	1058646
2020-10-26	0.03009908822985657	-0.012144027262407485	0.04209120261338191	-0.023610927679815732	0.0314766320771417	901269
2020-10-27	0.03350106804167495	0.004195387231211728	0.042103805887121384	-0.01287834187095014	0.03488311352540222	921748
2020-10-28	0.02478374164202863	0.0005367004775983616	0.03976343870821006	-0.005649269956788638	0.026154196042756424	1143711
2020-10-29	-0.0024112912613200887	-0.017127107720054324	0.011989835417856063	-0.019967738332181496	-0.0010772329976493904	1206122
2020-10-30	-0.007535863709585063	-0.01048003443073868	0.017995360261901933	-0.037175716955089255	-0.0062086825137504945	1383518
2020-11-02	0.07234949733086962	0.005138889847268387	0.10154271634984403	-0.005405284280281235	0.07378351120960419	2159279
2020-11-03	0.04595863215480896	-0.0033449882660929685	0.08220676088485736	-0.005753020486758937	0.04735734047386036	2343288
2020-11-04	0.06367349243604446	0.009778667571097565	0.0780778737628893	-0.009342473866380338	0.06509592466040444	2858188
2020-11-05	-0.013509449569565067	-0.005035671294818828	0.008792390505348411	-0.037982763603793455	-0.012190239578793536	2293334
2020-11-06	-0.06214242950454664	-0.012984991728027856	-0.012984991728027856	-0.08752151427644252	-0.06088828963319974	3233597
2020-11-09	0.039003148964933496	0.006990911920427115	0.05995276994490456	-0.018742766964481978	0.04039264169887312	2129830
2020-11-10	-0.024609618398237533	0.0007118501201338203	0.020726068359189283	-0.041818422273319084	-0.023305209264953223	1326472
2020-11-11	-0.02792004873157737	0.00460753018854638	0.025832071952496843	-0.03251936482513042	-0.026620105679429816	1315824
2020-11-12	0.07160738212477757	0.006944181549437456	0.07587689818303141	0.006944181549437456	0.07304038281690747	3235630
2020-11-13	-0.005963087398226278	0.0026299707227503914	0.0026299707227503914	-0.024331744344212623	-0.00463372862753282	1685096
2020-11-16	0.045083551570071836	0.04468527072201854	0.07738199439017007	0.001399320957038947	0.04648116337986816	3353997
2020-11-17	-0.006154263194257072	0.0069664550466899105	0.02569081651758936	-0.01335778850354449	-0.004825167036350813	1763417
2020-11-18	-0.03840422945815475	-0.00635376119745721	0.01266540004696836	-0.08213229442432537	-0.037118302441594364	2770822
2020-11-19	-0.004334370588555041	-0.014659323634051752	0.004375428517330728	-0.03276398535388898	-0.003002858610239107	1183571
2020-11-20	-0.004913004121405976	-0.009871709824708618	0.019147169374851163	-0.012985320800102616	-0.0035822467905224746	941431
2020-11-23	-0.07505769767690781	0.005405062739408321	0.008471404171166836	-0.09710047407544702	-0.07382082920007618	4228169
2020-11-24	-0.027635108082481062	-0.01909548084122863	-0.004143039590174982	-0.033641893373646106	-0.02633482431771586	2018503
2020-11-25	0.005628487863429209	0.008851971236774787	0.015879596669916125	-0.019606650167715105	0.006973261958560649	1523734
2020-11-26	0.033029225119203386	-0.0019147530304999506	0.038908102904394753	-0.00779605943213298	0.034410706564577176	1723604
2020-11-27	-0.009565189265913238	0.00267687268948524	0.011384173749263836	-0.026526014786878646	-0.008240651081174064	1076290
2020-11-30	6.759212629298026e-05	0.013712788970625826	0.02784668466503987	-0.0050195218165776465	0.0014049221255863793	1115914
2020-12-01	0.023298191950666083	0.013441417255166318	0.030008733705481672	-0.002517225732192011	0.024666591489737155	1268897
2020-12-02	-0.010954978435300638	-0.02859779671310145	0.008341893292102377	-0.050140424779116934	-0.009632358166010489	2403971
2020-12-03	0.02068466750476905	0.001136835538669604	0.03481101330190454	-0.029864726392516035	0.022049565013917295	1620727
2020-12-04	-0.04033469760757899	-0.00893998356974296	-0.005012361510403509	-0.043568125955903994	-0.03905139266292313	1835576
2020-12-07	-0.01403271117687019	0.0014054190815230346	0.008090061251961586	-0.02540144925691566	-0.012714206529130743	2179262
2020-12-08	-0.019621526210209742	0.0010604876664537116	0.017179858687476054	-0.01976319668077949	-0.018310434425877344	2140772
2020-12-09	-0.006483373706729289	-0.0007795753708545917	0.020813732336521597	-0.012070243499280998	-0.0051547634303404375	2017282
2020-12-10	0.018087711664971542	-0.005552336537295464	0.043243218326237114	-0.012583936222725849	0.019449162485537682	2309163
2020-12-11	-0.03657776980472156	0.011313715848123762	0.011313715848123762	-0.054405026574959374	-0.035289370425010735	2881700
2020-12-14	0.04642751041197461	0.016399389691129442	0.05934068497990105	0.006551112571358426	0.04782692783756995	2655123
2020-12-15	-0.011817455384642891	-0.005236738293681281	0.03801383830224562	-0.013886853612866661	-0.01049597380728474	2509771
2020-12-16	0.025666138572554457	-0.009096993801961122	0.03628143387684642	-0.009096993801961122	0.02703773040718299	1808527
2020-12-17	0.029592212406501422	0.0005178810251044252	0.05807468561144465	-0.002964158968001915	0.030969068183255326	2487882
2020-12-18	0.03529797476550477	0.011947518785684322	0.05637769620010411	-0.013384371472524116	0.036682512552857094	2624716
2020-12-21	0.01784683767771833	0.0037072539839812175	0.02791920349890175	-0.025564821375718676	0.01920801718582556	2771669
2020-12-22	-0.05712663530527449	-0.00445220686456527	0.017510288974051144	-0.05605453980940838	-0.055865757010339974	2814729
2020-12-23	0.03372655860953966	0.0073440544165775225	0.0397808948825052	-0.013546271980531207	0.03510894199863117	2479728
2020-12-24	-0.035592179158555656	-0.00570026870756535	0.007212714815713023	-0.03733703960064674	-0.034302482016184584	1433428
2020-12-25	-0.012769985563725498	-0.015198802465725044	0.013454820707108154	-0.025307977147123253	-0.011449742788482216	1625797
2020-12-28	-0.023432235271758157	-0.010597961049145673	0.0012016590028241575	-0.04898044828241727	-0.022126271996234074	2324394
2020-12-29	-0.06081829841318726	-0.00630113382494134	0.008489701669252878	-0.06171502306520115	-0.05956237003794312	3132599
2020-12-30	0.014324742791321484	0.0016330678060553015	0.042520569263550835	-0.0018420081519194102	0.015681172958376743	1988887
2020-12-31	0.06595324195765283	0.0004625891174351264	0.06854504143442239	0.0004625891174351264	0.06737872438053114	2196039
2021-01-04	0.0394045284928648	-0.005774542734927355	0.049616008366182705	-0.011040087712308744	0.04079450205558976	2712149
2021-01-05	-0.009395504449487073	-0.013136696653385358	0.02344302329915183	-0.022347381343421575	-0.008070772046517979	2212905
2021-01-06	-0.009020370502228467	-0.005104953820765103	0.010834579514623943	-0.021443062825116935	-0.007695127821728725	2055006
2021-01-07	-0.047319482901681774	0.015143287805873954	0.02754192226089453	-0.08183383170767435	-0.046045483780547646	4919383
2021-01-08	-0.03084166741106865	-0.001265572451819214	-0.001195259353748956	-0.0439670229248558	-0.02954560601807521	3196050
2021-01-11	0.13519401867061873	0.059769843250313565	0.17227965537620302	0.059769843250313565	0.13671208090149434	6734062
2021-01-12	0.00338435359675631	0.023077632492725587	0.03266898529734489	-0.020978641662257134	0.004726209431063408	3649540
2021-01-13	0.0554317845386218	0.022430841275445805	0.09291253485984725	0.013445360500577134	0.05684320938488014	4652725
2021-01-14	-0.05348528816358493	0.0013372961350366615	0.01727754291239719	-0.05360819712699396	-0.05221948765812811	4377411
2021-01-15	-0.016945922955612362	-0.007529703251959095	0.007907860074397323	-0.036746285625101294	-0.015631266631237102	2947469
2021-01-18	0.0011666089307323772	0.003803212990465709	0.029175729166434135	-0.006514474467072586	0.002505406871176562	2425304
2021-01-19	0.008997308730447717	-0.001838762076284554	0.02408750384381195	-0.048700461800593065	0.010346615313993276	3243885
2021-01-20	0.0703746661831795	0.008531864811583845	0.07276956320722613	-0.012602292994193652	0.07180603627391058	3844362
2021-01-21	-0.004435224740222855	0.006318362870710922	0.013520141029571072	-0.02368874605345008	-0.0031038213201012646	2468878
2021-01-22	0.15586066595123296	0.024244353362593642	0.15987790882209654	0.01273054743095495	0.15740633992109138	5540806
2021-01-25	0.035937461920174336	0.022720003194265814	0.06705003767244558	-0.014360772037486315	0.03732277549761746	4724342
2021-01-26	-0.03157370011833138	-0.0047542980842353606	0.020971365735805828	-0.03027861709068084	-0.03027861709068084	3214036
2021-01-27	-0.0395597230684173	0.0013373067499393514	0.010850593644308806	-0.09426331908225459	-0.03827532677104061	4701982
2021-01-28	-0.02756755197333002	-0.019176545671021304	0.010863508362221977	-0.029514698359587522	-0.026267166642499257	2478777
2021-01-29	0.03429690960708487	0.01447319773538147	0.07024531327396312	0.01447319773538147	0.03568001855774666	3205404
2021-02-01	0.053366892632961946	-0.01744424453577002	0.08857144843688128	-0.031005666415877577	0.054775583094741495	3162852
2021-02-02	-0.0153060846798788	0.0005198830979548294	0.0038917536985045202	-0.03309644638412112	-0.013989269904267824	2246722
2021-02-03	-0.021761611798978182	-0.01111454811342364	0.04403677472913587	-0.021127962453110084	-0.02045346062139175	3504429
2021-02-04	-0.029396264663126555	0.004731610143327668	0.03135617545861706	-0.066550034214919	-0.02809826005615856	3826997
2021-02-05	0.002182778742364353	0.010462726361794607	0.04368582534325345	-0.01281525978400285	0.003523013414521133	3130802
2021-02-08	-0.026136616851810176	0.007716720535508217	0.017912722902382848	-0.035575523125565604	-0.024834245818008374	3076551
2021-02-09	0.16287390688862108	0.014550391018432791	0.18704800867829388	0.010575235940624012	0.16442899461844895	5563189
2021-02-10	0.004952402054017353	-0.022639332151641645	0.046401791333593824	-0.05080468077763628	0.006296297045231744	5353796
2021-02-18	-0.014401229065955298	0.03386723856100539	0.09926242580367788	-0.0197424755557832	-0.013083187290006173	5994801
2021-02-19	-0.06553394872736934	-0.00507906957915702	0.01883642816879656	-0.08188061002868273	-0.06428431866317155	4988731
2021-02-22	-0.04768831018588362	0.003938142429380505	0.06048116102273098	-0.04818343375142241	-0.04641478084082365	5580612
2021-02-23	0.01860132542270353	-0.01614192049408336	0.03782500719103492	-0.03318407224835168	0.01996347074464169	3177649
2021-02-24	-0.09237935238321639	-0.002577324107044954	0.008147650902556713	-0.1366395117270658	-0.09116563913630474	6208566
2021-02-25	-0.027377865537703983	-0.0013805196132181251	0.007245538947334614	-0.037657424511145766	-0.026077226027759318	3492034
2021-02-26	-0.026328615834427496	-0.05661440310560826	-0.010325971730579437	-0.06451140299246276	-0.025026494677209563	3268621
2021-03-01	0.028099721593908226	0.009135908583703873	0.04407357252734654	0.003084206324278232	0.029474567107990336	2068013
2021-03-02	-0.024301523541891367	0.009165479815061465	0.024336337626396885	-0.03149240091428806	-0.022996756949999017	2327829
2021-03-03	0.015093094387642631	-0.007867550420814152	0.018440850958050894	-0.023540680302815326	0.016450571865577385	2418908
2021-03-04	-0.08401145503444223	-0.01967830976561352	-0.013612538672235452	-0.0932024365331925	-0.08278653695548387	4091750
2021-03-05	0.002738828039124073	-0.03010082750727168	0.01658808521274593	-0.0341142435272074	0.004079763812294008	2197357
2021-03-08	-0.07427881286614119	0.015812657035128852	0.03035481446473209	-0.07357454810528342	-0.07304087956889144	2917234
2021-03-09	-0.03929191450681443	-0.012930573830716306	0.017478493822518256	-0.04081751977520287	-0.038007210968239676	2925599
2021-03-10	0.03737829177056199	0.02451423592537621	0.053841821237884384	0.024439274393977934	0.03876554514194812	1923376
2021-03-11	0.06773043883125188	0.012255126989068579	0.08962031857490893	0.0050970010105342274	0.06915828976141375	2954099
2021-03-12	-0.005545337901603845	0.0014050617245527908	0.012104425714531663	-0.03604265806644748	-0.004215496673734454	1901038
2021-03-15	-0.03889840047663237	0.005763392066693423	0.005763392066693423	-0.05729256034284268	-0.03761310020668059	1610449
2021-03-16	0.028797817584881685	0.008493229240259479	0.037683922753383975	-0.016587978237489243	0.030173623726772698	1484947
2021-03-17	0.014442934380911186	-0.013262637264565173	0.024545801407355444	-0.015122094528296857	0.01579956741538387	1284701
2021-03-18	0.03701698313576193	0.001880430018914308	0.0624358664662444	-0.0006313652425118667	0.03840381834969839	2564195
2021-03-19	-0.020658977344233304	-0.021444211431896423	0.025558990189578596	-0.02661582785095277	-0.019349317729649356	2204185
2021-03-22	0.013951903525098315	0.016043154293940477	0.0323533340871215	-0.010694823450636905	0.015307853221470089	1145331
2021-03-23	-0.0396997507020189	0.021840024167109864	0.03271763648217811	-0.043953261986616976	-0.03841556808480851	1882366
2021-03-24	0.014534404224613443	-0.007587323169080466	0.02756173613922772	-0.011363125306923882	0.0158911592388702	1186222
2021-03-25	-0.007973928472276945	-0.001572318872906901	0.011893360969648641	-0.0523226235574361	-0.006647349341359821	1231360
2021-03-26	0.040803673254169524	0.012933088750577896	0.05399612744425354	0.0081583404453514	0.04219555245568475	1500466
2021-03-29	0.009163013435746579	0.0015340142287555043	0.037251571635650994	-0.0058061772376429765	0.010512528356315469	1768644
2021-03-30	0.027433679266269727	-0.0031437339774431443	0.05855095349626559	-0.004962097219332744	0.02880760696795386	2296879
2021-03-31	-0.026638092968936832	-0.013642964106180587	0.01499014259258679	-0.03924212384756861	-0.025336436707688894	1498525
2021-04-01	0.045655064990037526	0.008545355358632515	0.0558848943683959	0.004064643686525346	0.047053378628932004	2150824
2021-04-02	0.023257280578361964	0.005498107734086064	0.061949059197903125	-0.00015322496571694357	0.024625617466709524	3589223
2021-04-06	6.056333098548316e-05	-0.003396632422682132	0.028101804343613746	-0.007098776170995317	0.0013978968422884114	2183017
2021-04-07	0.010302989602211047	-0.010618113469935346	0.026219002482636682	-0.029006300583916823	0.011654042372999773	2555661
2021-04-08	0.08038396401634676	-0.004669547550699902	0.10825873145245665	-0.004909778398651061	0.08182874896552758	5217632
2021-04-09	-0.003886823158981433	-0.00533465341571495	0.03341782670095744	-0.010338526383613258	-0.002554705456118358	4026326
2021-04-12	-0.038350009265440486	-0.0015650500891938096	0.0426411360992719	-0.046664313095974366	-0.03706397172589484	4400932
2021-04-13	0.027706954355462464	-0.008529766309686026	0.04939593654049825	-0.018919296676978024	0.0290813031503	3206879
2021-04-14	0.028144309611182465	-0.006004731067322745	0.04810024998020904	-0.011539454860350858	0.029519264862334454	2952973
2021-04-15	-0.013440057764569802	0.001392303316461337	0.021387184954941643	-0.02717180467792353	-0.012120763251642934	2193597
2021-04-16	-0.03903467098628482	-0.0066248339231381095	0.012528870922105648	-0.05957594401415415	-0.03774956949707007	3333434
2021-04-19	0.02997336977099314	-0.01187333833391645	0.03656538700164225	-0.024388536054598887	0.03135072707879648	2390094
2021-04-20	0.050449413951327404	-0.002600551659206541	0.07570626216586114	-0.004288215627833698	0.05185415513593513	4770950
2021-04-21	0.03674197232258295	-0.004981960987303382	0.06035289851159974	-0.014568022457803139	0.0381283623161162	4551063
2021-04-22	-0.015321120738360346	0.006606036304608404	0.011668308658261076	-0.023715575804417712	-0.014004360995371012	2873992
2021-04-23	-0.0004191211091979087	0.0007601937314737403	0.014924105584169378	-0.028984043716553262	0.0009175654588012407	2621834
2021-04-26	0.0073374560052541496	-0.00810934636153543	0.04426665763713791	-0.00810934636153543	0.00868455372296786	3578307
2021-04-27	0.04963583675542887	-0.008769875672772761	0.06276171203337674	-0.020492086533423007	0.0510395011727265	3137007
2021-04-28	0.0	-0.009483186033994723	0.01816356503185942	-0.030429182114683016	0.0013372870553244028	2579562
2021-04-29	-0.01739869405548594	-0.016928441775824345	0.032408796200374235	-0.029635001648205945	-0.016084656052091348	2820563
2021-04-30	0.051808515328568505	-0.0009862942818613112	0.0852914816527199	-0.002602774903087108	0.053215115686764694	4012598
2021-05-06	-0.027577881447059912	0.0047471793288323206	0.05656695213600906	-0.0773769171299288	-0.026277502065564375	5353301
2021-05-07	-0.0670777333495726	-0.0023668254413033735	0.016301750807205053	-0.07096644819866531	-0.06583015355456232	3969006
2021-05-10	0.027227094753058612	0.006895871004249116	0.07068713524011984	-0.003903606182796165	0.02860080884655968	4201211
2021-05-11	0.029181689646335298	-0.01051590711119133	0.04359650421866539	-0.03277933527613043	0.030557995023224788	2874829
2021-05-12	0.07656147098724259	-0.016889786230590433	0.09046968371652728	-0.03206231683857719	0.078001139312209	4216081
2021-05-13	0.01779080723530198	-0.023221708490072702	0.024826490104470817	-0.04019901755360355	0.019151868711992724	4345345
2021-05-14	-0.027429123398299678	-0.003278427838614627	0.0012915929992636872	-0.03170396202023856	-0.026128532028006198	2521960
2021-05-17	0.08423274265274792	-0.011396801361390181	0.09150925035909291	-0.0118196842640355	0.08568265172747308	4742382
2021-05-18	-0.00021644139864956938	-0.009584065177022419	0.01784924719200851	-0.017688352816035233	0.0011205616121663649	2296179
2021-05-19	0.0044156200329498844	-0.007722408564879184	0.01720265390968154	-0.02813931617020407	0.005758799138752848	2673801
2021-05-20	-0.015817607018534432	-0.0030647946082153995	0.020801225689972336	-0.03413808676412548	-0.014501471286470764	2041150
2021-05-21	-0.040026267792954096	-0.0008552608580258491	0.008046484886556102	-0.05566899318364482	-0.03874250825639517	2978203
2021-05-24	0.014552210805204182	-0.004372633911922119	0.018649731634672675	-0.01789375649571917	0.015908942617277152	1966523
2021-05-25	0.08160972372716728	0.0028681424907658344	0.12663951535779022	0.0028681424907658344	0.0830561608578493	4386030
2021-05-26	0.012180415794954089	0.001378906591715341	0.020901974074751115	-0.023389141045548036	0.013533979874057104	2636407
2021-05-27	0.03495156549038497	-0.016593690462189552	0.0487145122771589	-0.02486000370685619	0.03633558898938757	3060252
2021-05-28	-0.002539782155122433	-0.006570435846915536	0.02394769254783952	-0.026041631462006422	-0.0012058923581793107	2989341
2021-05-31	0.07061868994187456	-0.004040916740019741	0.07961964625381861	-0.005594608926068933	0.07205038112406077	3628157
2021-06-01	-0.00018589299211702097	-0.005174598998392618	0.031961508641393375	-0.032152283664169855	0.0011511359441586531	3388358
2021-06-02	-0.11540605238870333	-0.006292269005213041	-0.002607771939267322	-0.12278311155674873	-0.11422307124809253	6394199
2021-06-03	0.011596651534748844	-0.005394389239437362	0.038235350148978824	-0.023906482432268845	0.012949441418704175	5447538
2021-06-04	0.01761093039104097	-0.018459862792084624	0.04392616287791	-0.022618931170084264	0.01897175260991215	3191516
2021-06-07	-0.056530650978842335	-0.059969091947226896	-0.04055541015048484	-0.10030865873995003	-0.05526896192950849	6925755
2021-06-08	0.008003485754171345	-0.0023448577720451584	0.029625115641680227	-0.011528699936713712	0.009351476817451342	3590596
2021-06-09	-0.035064377908164954	0.007182007895970022	0.018355754492862843	-0.03785666495342006	-0.03377397216509249	3246737
2021-06-10	0.014544358420155595	-0.0048534194394623765	0.03131103715396917	-0.018570983151590423	0.015901087383351036	3487392
2021-06-11	0.05646643492067315	-0.010954467118692182	0.06894178450853572	-0.03422097498202112	0.05787920720780204	5535063
2021-06-15	-0.021910537814977964	-0.006931690618294557	0.003913571636729755	-0.041378922958914044	-0.020602566445977334	2754070
2021-06-16	-0.049681755086214495	0.0026117909704128014	0.008984323540140001	-0.0645122315091122	-0.04841093189609443	3023672
2021-06-17	0.04022495830764157	0.0013819428447665355	0.05507208626733768	-0.002552079997256322	0.04161603876263662	3054213
2021-06-18	0.052789745453529	-0.0070429896187366465	0.06575810764752314	-0.0070429896187366465	0.054197595597499	3440193
2021-06-21	0.05499388641362599	0.0033783028596706326	0.08159114259772243	-0.012133660177212083	0.05640470650221629	4196845
2021-06-22	0.021252714563589625	0.0025367506806503793	0.03233032364791412	-0.01332741990146523	0.022618451271744992	3567152
2021-06-23	-0.0018162285837848297	0.003421096156711363	0.02179671317222678	-0.01870537747407209	-0.00048134206186948225	2728691
2021-06-24	-0.05166598830342665	0.0020585014506618645	0.005854177592520432	-0.05487664067721665	-0.05039776939955655	3351015
2021-06-25	0.07446638171578991	0.012144022984474388	0.08262741712469601	0.004619363911761471	0.07590330360112303	3791965
2021-06-28	-0.001785689081592533	0.005770181759322955	0.0547177198143979	-0.005628539517133237	-0.0004507414945674715	3444288
2021-06-29	-0.005031036514355535	6.855576746730748e-05	0.018242103466934757	-0.01862737561025067	-0.003700421722645133	2624279
2021-06-30	0.040752035293640625	0.005200465417437246	0.042218946807993284	-0.00758912258293385	0.042143859637489296	3600247
2021-07-01	0.07608154995984487	-0.0017618434975048341	0.10361170781567701	-0.012573087069734024	0.07752060936550922	5472730
2021-07-02	-0.06585281787556033	-0.07233967858686408	-0.03248714335634285	-0.08761090317286864	-0.06460360101594817	4672392
2021-07-05	0.09519882915775865	-0.001781689176595807	0.12925144909344227	-0.00335911357698391	0.09666345747106221	4823604
2021-07-06	-0.061784890186208294	0.011550352529500494	0.01472556736488752	-0.0955557562158326	-0.06053018733371765	5868876
2021-07-07	0.017421689027267838	-0.030063492567123533	0.04142567771321655	-0.03250582060468151	0.018782230828776718	3869420
2021-07-08	-0.04390413559346305	-3.4429540880781595e-05	0.015054193297579292	-0.05661684234294179	-0.04262559939378764	3815963
2021-07-09	0.018339414304637685	-0.013655169449935153	0.025260639021109192	-0.049522254197210236	0.019701176324528925	3280479
2021-07-12	0.004607725873962504	-0.003241469308154751	0.03824904127414695	-0.03846261880256625	0.0059511978781623875	3007545
2021-07-13	-0.026294489472312436	-0.012721517712325985	0.0258440471803268	-0.032354917238893735	-0.024992379269079143	2534710
2021-07-14	0.06454500742157973	0.002777506459750432	0.1039554380510755	-0.01702599905381735	0.06596864902721372	5106678
2021-07-15	0.0369870582971679	-0.005968407012991483	0.039692982692013004	-0.022305095051420858	0.03837382514343541	3873138
2021-07-16	-0.024756176323509217	0.00019569457837106767	0.00019569457837106767	-0.04758797152663776	-0.024756176323509217	2965869
2021-07-19	-0.019966558528428175	-0.016722408026755852	0.020234073578595267	-0.046822742474916385	-0.019966558528428175	2575239
2021-07-20	-0.0069276149436152965	-0.020612254788288754	0.01313860701340687	-0.021943121939538922	-0.0069276149436152965	1697568
2021-07-21	0.046666621993127204	0.010309278350515464	0.046666621993127204	-0.0033677353951889707	0.046666621993127204	2578574
2021-07-22	-0.016678663132256345	0.001707331480055486	0.007945410412011026	-0.05368040152946761	-0.016678663132256345	2999540
2021-07-23	-0.07512520868113523	-0.021702838063439065	-0.015091782971619398	-0.08213691485809685	-0.07512520868113523	3776868
2021-07-26	-0.1839350072202166	-0.02527075812274368	-0.02527075812274368	-0.1939350216606498	-0.1839350072202166	7796702
2021-07-27	-0.035611603154900216	-0.0002212032706763724	0.030701180747164124	-0.039548780718220086	-0.035611603154900216	4937098
2021-07-28	0.05963302752293578	0.003165146788990792	0.09068809174311927	-0.013761467889908258	0.05963302752293578	4374749
2021-07-29	0.017186151515151498	0.045454545454545456	0.05411255411255411	-0.016450229437229454	0.017186151515151498	3492126
2021-07-30	-0.025364965632357437	-0.019619525813424944	-0.006894475861197229	-0.07137083001501966	-0.025364965632357437	3437268
2021-08-02	-0.017073442580530146	-0.026680062588534666	0.004191982974367528	-0.12230905031022773	-0.017073442580530146	4463422
2021-08-03	0.020879595178686917	-0.016748129273706017	0.059928874457693286	-0.028920523440590196	0.020879595178686917	3926638
2021-08-04	-0.007397724011343882	-0.01218452116382263	0.004786731878328081	-0.051349011514155656	-0.007397724011343882	3293669
2021-08-05	-0.03901801300259506	-0.02367386610239726	-0.00938184543493619	-0.04405963496555105	-0.03901801300259506	3128201
2021-08-06	-0.007892317626263471	0.0	0.026003636304794277	-0.016879548588679936	-0.007892317626263471	2214878
2021-08-09	-0.010070363682023402	-0.03894790527912857	-0.00013794546310782267	-0.04819053640414523	-0.010070363682023402	3596275
2021-08-10	0.022064288471127316	-0.010497932973327464	0.048866611152297526	-0.05704198744445369	0.022064288471127316	5962601
2021-08-11	-0.03640410415127077	-0.013770844947374669	0.023724042283888736	-0.04513017790814968	-0.03640410415127077	3500269
2021-08-12	-0.0033959106990677935	-0.01962080427090261	0.01933775550725859	-0.025280633425514006	-0.0033959106990677935	1887520
2021-08-13	-0.00615240407734402	0.006057732994920987	0.03549455699723771	-0.006247075159767053	-0.00615240407734402	2452811
2021-08-16	0.04142855714285713	0.0	0.06738092380952378	-0.00942855238095238	0.04142855714285713	3389631
2021-08-17	-0.056652945450200394	-0.005532656683118289	0.01303157768218903	-0.06863280844032203	-0.056652945450200394	3670767
2021-08-18	-0.016043808017486418	-0.011196733180134135	0.020260806749656354	-0.025350182011053095	-0.016043808017486418	2441437
2021-08-19	0.01748769950738918	0.0024138177339901304	0.03940886699507389	0.0001970098522167966	0.01748769950738918	2059469
2021-08-20	-0.0692326448429052	-0.0026628079981194856	-0.0026628079981194856	-0.09097074668161588	-0.0692326448429052	4873144
2021-08-23	0.02938878543563065	0.001768509752925948	0.03901170351105332	-0.02049415864759424	0.02938878543563065	2928449
2021-08-24	-0.0025770339336139824	0.00874184463087967	0.035118808543268654	-0.009600778461872983	-0.0025770339336139824	2824634
2021-08-25	0.009068311510554329	0.013121216946761376	0.04407516613848316	-0.001975778924848107	0.009068311510554329	3212355
2021-08-26	-0.04197201673764489	0.007681564684059379	0.011647791352216805	-0.044181083990699734	-0.04197201673764489	2766921
2021-08-27	-0.008280064678962135	0.0009956398335107472	0.036998206377804016	-0.02263917221216748	-0.008280064678962135	3211385
2021-08-30	-0.017226849048117478	-0.055855034457434116	-0.017121142012229373	-0.11815683475594912	-0.017226849048117478	5904502
2021-08-31	-0.027959980169049988	-0.003710092562858159	0.010807662346653651	-0.03747715426340797	-0.027959980169049988	3565033
2021-09-01	0.039827398162558876	0.0020466589337683797	0.050779998068259675	-0.031751333287705095	0.039827398162558876	3744619
2021-09-02	-0.06729436253419216	-0.0025534419098508752	0.009681918495199903	-0.0796893090688224	-0.06729436253419216	4040928
2021-09-03	-0.010494478862779063	-0.007585706866073083	0.023783710445631503	-0.02110304544455544	-0.010494478862779063	3553767
2021-09-06	0.059484654461794566	-0.005014755749185711	0.08058098793645202	-0.008530808446284805	0.059484654461794566	3414537
2021-09-07	-0.005603607046445883	0.001033686970607511	0.006202051098439101	-0.026113938589999896	-0.005603607046445883	1914998
2021-09-08	-0.019203386690028395	0.0031732246590066315	0.008589599565541107	-0.020516467997135725	-0.019203386690028395	1694424
2021-09-09	-0.029397020596931542	0.008478769264712069	0.023651424696794248	-0.03151675614398944	-0.029397020596931542	2578730
2021-09-10	0.006781568965517219	-0.004540189655172469	0.02086209770114949	-0.00793106321839087	0.006781568965517219	1980235
2021-09-13	-0.005765470032870726	0.0031396450620933855	0.014271036076591236	-0.027057833025487126	-0.005765470032870726	2080951
2021-09-14	0.00453585008366365	-0.008325182388760182	0.046908182200243356	-0.008325182388760182	0.00453585008366365	2641324
2021-09-15	-0.0426383556328961	-0.006172850690386512	-0.00011434041609290521	-0.04612487241155633	-0.0426383556328961	2824082
2021-09-16	0.0016119641791044784	-0.005970149253731343	0.02011937313432829	-0.021671671641791113	0.0016119641791044784	2482232
2021-09-17	0.019252523830183613	-0.01323240714710835	0.06556595182533345	-0.031412075307574054	0.019252523830183613	3942657
2021-09-22	0.009064345029239789	-0.03508771929824561	0.035029269005847935	-0.03988308187134505	0.009064345029239789	2675802
2021-09-23	0.029382740723568605	0.00840334381217018	0.06531442366883065	-0.014778342252477409	0.029382740723568605	3050890
2021-09-24	0.06513910216020445	0.0007319277314471902	0.10319785224630824	-0.01199183684246806	0.06513910216020445	5981643
2021-09-27	0.010412822977823076	-0.0011100269452927688	0.05121836723697492	-0.022147058278481294	0.010412822977823076	5937070
2021-09-28	-0.03792634362991539	-0.011927175937912073	-0.011927175937912073	-0.050952112346681025	-0.03792634362991539	4328319
2021-09-29	-0.0011419009049664873	-0.011962356327282753	0.038388324976601114	-0.023381017380653072	-0.0011419009049664873	4089352
2021-09-30	0.011540609878180933	-0.002395220507270845	0.02313554746546893	-0.00979860113987919	0.011540609878180933	2418457
2021-10-08	0.051286183623919485	0.0009148530491659735	0.06554726370234178	-0.004412910177104901	0.051286183623919485	4099838
2021-10-11	-0.059380627815286614	-5.124136008469884e-05	0.02789862724652282	-0.06066038206315697	-0.059380627815286614	4234802
2021-10-12	0.024435401360544198	-0.009523809523809525	0.058938786394557866	-0.012462546938775564	0.024435401360544198	4095223
2021-10-13	0.043348856689628734	0.00037182850691069017	0.0677857769925155	-0.006587361703480599	0.043348856689628734	4950575
2021-10-14	-0.053971442585685564	-0.003258650812382351	0.016446085023811247	-0.057993886700424185	-0.053971442585685564	5391828
2021-10-15	-0.011517755465267766	-0.009472604798612377	0.017169009410618753	-0.03659850855868933	-0.011517755465267766	4281259
2021-10-18	-0.06348689832327341	-0.03626268025127554	-0.03626268025127554	-0.09517592627298424	-0.06348689832327341	4298344
2021-10-19	0.0011627732558139314	-0.006976726744186024	0.016744215116279135	-0.020348837209302327	0.0011627732558139314	2896365
2021-10-20	0.010743356749303589	0.011033734222422846	0.027235784446616413	-0.02711961719720583	0.010743356749303589	3833775
2021-10-21	-0.02286696886756158	-0.002183309356219955	0.014076397344273508	-0.03476014303774533	-0.02286696886756158	3235201
2021-10-22	0.02287293373251867	-0.0057035394841842765	0.03410353243532226	-0.0057035394841842765	0.02287293373251867	2874220
2021-10-25	-0.009197550791084868	0.005863353408579765	0.01126690573195943	-0.013106541206335974	-0.009197550791084868	2546593
2021-10-26	-0.00829663490196902	-0.0018566256564363874	0.02552792976602496	-0.023381289026564833	-0.00829663490196902	2930197
2021-10-27	-0.02000817960602147	-0.03001222845659388	0.0004095653359092101	-0.03469252467587708	-0.02000817960602147	3683188
2021-10-28	-0.052832614555328575	-0.00650705648937552	0.002865560350592769	-0.0665034943138767	-0.052832614555328575	4728665
2021-10-29	0.046262421624545115	0.0028362346442397965	0.08212528470628305	-0.010399653084592026	0.046262421624545115	5893159
2021-11-01	0.015060240963855422	0.015060240963855422	0.029457825301204752	-0.010240945783132508	0.015060240963855422	2605460
2021-11-02	-0.006528225519287879	-0.008902077151335312	0.03186940652818984	-0.008902077151335312	-0.006528225519287879	2917734
2021-11-03	0.008482754186956612	0.00507769432775492	0.02084829823829024	-0.011947431730493372	0.008482754186956612	2106252
2021-11-04	0.00758203380479663	0.002369351874271587	0.018599691208400354	-0.004264903270617661	0.00758203380479663	1840760
2021-11-05	-0.011052351168053523	-0.0009994885008999441	0.008641980882704944	-0.02398590156428335	-0.011052351168053523	2167013
2021-11-08	-0.010878623166813603	-0.005647348676451358	0.011473029298103477	-0.018666026520829642	-0.010878623166813603	1606440
2021-11-09	0.0076327003283412345	-0.0005408738538425323	0.01562597521260883	-0.002343884862935716	0.0076327003283412345	1403464
2021-11-10	-0.011869294718613952	-0.004652266380716389	0.006083675150097274	-0.024991070619323083	-0.011869294718613952	1334072
2021-11-11	-0.0038630953565894828	0.0	0.01171004420486574	-0.011649622884645633	-0.0038630953565894828	1464335
2021-11-12	-0.0015148760923157977	-6.056474617080697e-05	0.008907477482321237	-0.008059152930128826	-0.0015148760923157977	1131322
2021-11-15	0.04326984490393147	-0.004672921499410861	0.05461827924880616	-0.006918315371515537	0.04326984490393147	3245297
2021-11-16	0.014193484632808347	0.006340503604432547	0.026699993561747657	0.0018613925458346996	0.014193484632808347	3105876
2021-11-17	-0.020476093359010288	0.00946368765826135	0.00946368765826135	-0.024376253821293242	-0.020476093359010288	2443951
2021-11-18	-0.02857480400851865	-0.0038060311734747837	0.0012882129130355384	-0.033844706838299043	-0.02857480400851865	2403103
2021-11-19	-0.007534659705894866	-0.0017479988576731432	0.006027727764715893	-0.01084983764375534	-0.007534659705894866	1557637
2021-11-22	0.013726146871283786	0.0	0.017248776820483844	-0.0057697967483679126	0.013726146871283786	1663519
2021-11-23	0.0039542447078248074	0.0005391887714532289	0.019531447617723418	-0.0021568569371071536	0.0039542447078248074	1637560
2021-11-24	0.013188469939014801	-0.0053709432619407325	0.020469015078575462	-0.0053709432619407325	0.013188469939014801	2056742
2021-11-25	-0.002355954778866458	0.0013546707583618248	0.015490664480449095	-0.009423995814724959	-0.002355954778866458	1567876
2021-11-26	-0.026272357236026854	-0.00047232257432043085	0.0025977210238008475	-0.03152681451390913	-0.026272357236026854	2164946
2021-11-29	-0.02407073405987476	-0.010004208270353789	0.012429534269124742	-0.026859838646812993	-0.02407073405987476	2810427
2021-11-30	0.0018016462934175304	0.0034169233106458134	0.01640158353124337	-0.005715792494964172	0.0018016462934175304	1512687
2021-12-01	-0.007007782945736504	0.00651164651162793	0.00651164651162793	-0.011224793798449657	-0.007007782945736504	1657049
2021-12-02	-0.0107419501230936	0.0033100113449291806	0.011741225697640145	-0.012865332652552117	-0.0107419501230936	2002006
2021-12-03	0.024621269872017872	0.001893958405074206	0.04166670612373892	0.0	0.024621269872017872	2235595
2021-12-06	-0.020332735298840405	0.0	0.002341281534048969	-0.02569314801553018	-0.020332735298840405	1772917
2021-12-07	-0.008427647798742223	0.0	0.005471666666666596	-0.01534592452830184	-0.008427647798742223	2016766
2021-12-08	0.025434440557289384	0.000443942650160109	0.028796098470224636	-0.004186248783806872	0.025434440557289384	2161558
2021-12-09	0.08183334053112316	0.006185439551994056	0.08455494630487978	0.0014845426051158482	0.08183334053112316	7224138
2021-12-10	-0.0049742425948853305	-0.012121183949268682	0.026415152421331748	-0.013264677413310746	-0.0049742425948853305	5923618
2021-12-13	0.013388507805484774	0.017008596316776356	0.03947592391815154	0.0017238579654304531	0.013388507805484774	3709652
2021-12-14	-0.014969380727095905	-0.003969136970009569	0.007314544072836455	-0.02472216474981768	-0.014969380727095905	2850570
2021-12-15	-0.032869018922006527	0.010131216842440633	0.010131216842440633	-0.035804748815307666	-0.032869018922006527	2864556
2021-12-16	0.006904368993047045	0.008868549755030921	0.03029588209915728	0.0010118326591224084	0.006904368993047045	2124245
2021-12-17	-0.01986167783722493	-0.0021871194914832876	0.004788071227618075	-0.036294845850858196	-0.01986167783722493	2624217
2021-12-20	-0.01935945985597322	-0.01284605889688275	-0.0015680296914303293	-0.024727043299282936	-0.01935945985597322	2870408
2021-12-21	-0.008671610996127607	-0.0006150430277352363	0.00602703544795687	-0.012300122547350951	-0.008671610996127607	2638343
2021-12-22	0.0085613560573069	0.005025113158072964	0.01718471968255201	0.0002481171257756247	0.0085613560573069	1551837
2021-12-23	-0.024235725105184947	-0.001906944618634361	0.010210917933958112	-0.035000318355156324	-0.024235725105184947	2796419
2021-12-24	-0.0021434280355724727	6.300195224716555e-05	0.013490505784198826	-0.0048540879766094695	-0.0021434280355724727	1515837
2021-12-27	-0.02299576196203393	0.0012635795618487818	0.013835385032836472	-0.0295659372478461	-0.02299576196203393	2778043
2021-12-28	0.032331071412780014	0.002198583984426175	0.033042361450075525	-0.0016165535706390006	0.032331071412780014	1751183
2021-12-29	-0.021609753395919303	-0.005136185598603812	0.005324184352928993	-0.022737175924979945	-0.021609753395919303	1782411
2021-12-30	-0.0008962804269451356	-0.005121658228969132	0.014724731396761831	-0.006978207560400818	-0.0008962804269451356	2061437
2021-12-31	-0.004869889848390255	0.0032038959785197483	0.012174862388502548	-0.01525057689671386	-0.004869889848390255	2509838
