2020-07-24	0.005496190839694629	-0.01465647328244269	0.03809164122137402	-0.03435114503816794	0.005496190839694629	15478629
2020-07-27	-0.1117522083832963	0.006149392604392763	0.03203766298179725	-0.14060130473275656	-0.1117522083832963	15238053
2020-07-28	0.01897436752136749	-0.008547008547008548	0.021367521367521368	-0.05282051282051288	0.01897436752136749	11735657
2020-07-29	0.006542517979009274	-0.0010065676815419334	0.04177148094471162	-0.02424089058680685	0.006542517979009274	10076705
2020-07-30	-0.004166666666666667	0.0	0.029916633333333328	-0.029083316666666668	-0.004166666666666667	9499687
2020-07-31	0.05439330543933055	-0.012468602510460251	0.06987446025104602	-0.012468602510460251	0.05439330543933055	9097075
2020-08-03	0.0336508333333333	-0.00015870634920637773	0.07444448412698422	-0.01603172222222225	0.0336508333333333	10175581
2020-08-04	-0.06004304898483373	0.001228416721882005	0.0046836684319845594	-0.06672298576769858	-0.06004304898483373	7325662
2020-08-05	0.01609215023839484	0.023280501932372164	0.06093781344449952	-0.003430795677680102	0.01609215023839484	6651134
2020-08-06	-0.027494155699768166	-0.011254932158975281	0.0033764691966915285	-0.05932950445638321	-0.027494155699768166	6374849
2020-08-07	-0.04108457434831299	-0.008018525187909988	0.005869215459459329	-0.06464411784207554	-0.04108457434831299	5802399
2020-08-10	0.0035345172413793163	-0.00870691379310345	0.033706931034482766	-0.00870691379310345	0.0035345172413793163	3652043
2020-08-11	-0.049909851390435495	-0.00352206842978891	0.006528596975222216	-0.05497810995694151	-0.049909851390435495	5553942
2020-08-12	-0.005424936806960877	-0.015551546393337154	0.01717904190197183	-0.03254971125768012	-0.005424936806960877	3341282
2020-08-13	-0.03072724545454548	0.008181836363636369	0.012090927272727212	-0.035272700000000025	-0.03072724545454548	3100174
2020-08-14	0.001313065054031213	0.010879722072414562	0.02016501537708648	-0.02457327824310788	0.001313065054031213	3185104
2020-08-17	0.024634666080279796	0.011146449772453134	0.029880057514423766	-0.011802191611049239	0.024634666080279796	3939501
2020-08-18	0.017369064972749478	-0.006490529358172827	0.04671360313295182	-0.017277621512730823	0.017369064972749478	3536786
2020-08-19	-0.030640704190486985	0.0019768262918786056	0.023901482398225447	-0.038278389448482435	-0.030640704190486985	3229916
2020-08-20	-0.04523542024199354	-0.00852797576551663	0.008249907533831324	-0.04708930423867178	-0.04523542024199354	3705115
2020-08-21	0.02553395145631071	0.019320368932038836	0.035631048543689384	-0.013009669902912614	0.02553395145631071	2926627
2020-08-24	0.015809959740886868	-0.005964186480096208	0.03786803099123443	-0.01164437219476587	0.015809959740886868	2299693
2020-08-25	-0.039142636370662585	0.0	0.012581537392874041	-0.04268408081964366	-0.039142636370662585	2763827
2020-08-26	-0.05169739188549738	0.0022308826814913603	0.010669243659927101	-0.06032978778525288	-0.05169739188549738	3272838
2020-08-27	0.0023524906112045436	0.0057277796582114	0.03436637110666987	-0.020149269310093153	0.0023524906112045436	2190992
2020-08-28	0.01020408163265306	0.003061255102040855	0.018367377551020445	-0.008979561224489827	0.01020408163265306	1628521
2020-08-31	0.036666636363636394	0.010101010101010102	0.06464648484848486	0.0006060404040403345	0.036666636363636394	3022470
2020-09-01	0.012374598432464122	-0.006138526926001985	0.019195177409972994	-0.015882266858100007	0.012374598432464122	1537609
2020-09-02	0.004042329084844412	0.00808465816968896	0.028488921492032273	-0.008469730347069647	0.004042329084844412	1387088
2020-09-03	0.001725460122699452	0.0	0.015337404141104426	-0.01236580713190174	0.001725460122699452	1355420
2020-09-04	0.02191388516746415	-0.017416267942583667	0.035215311004784755	-0.021052602870813363	0.02191388516746415	2373654
2020-09-07	-0.03240002778911867	-0.02593879552449859	0.02341043146914101	-0.0376440112590691	-0.03240002778911867	2609659
2020-09-08	0.03667861150336573	0.011613248589698184	0.05690503131897746	0.011613248589698184	0.03667861150336573	2776115
2020-09-09	0.012696041466690395	-0.009335324607860589	0.03528751768238845	-0.013536267358020802	0.012696041466690395	2693932
2020-09-10	-0.05383484364394785	-0.00018440264976762706	0.010969717616987994	-0.06710919799661141	-0.05383484364394785	2321590
2020-09-11	0.017634431192852924	-0.006235376132456929	0.02162901424034497	-0.011106771347493905	0.017634431192852924	2109460
2020-09-14	0.06213504247396016	0.02307327974360785	0.07994261598686316	0.0196266448911435	0.06213504247396016	3809965
2020-09-15	-0.003875968922373075	-0.008112502107220108	0.01063638884736986	-0.016134847374529578	-0.003875968922373075	1415953
2020-09-16	-0.010949226116202552	-9.050764472884605e-05	0.017916894074438618	-0.022712894349599236	-0.010949226116202552	1394394
2020-09-17	0.03531565319353191	-0.0052150044314272104	0.042085991525544576	-0.0109790024433943	0.03531565319353191	3074046
2020-09-18	-0.008483624655934127	0.004418522289907307	0.015906636058443367	-0.012460268205716931	-0.008483624655934127	1833705
2020-09-21	-0.023172897232786885	0.00650626577111237	0.015151560119916977	-0.02335111470635782	-0.023172897232786885	1263863
2020-09-22	-0.034854006110474525	-0.01003647828533719	-0.0005474178932010166	-0.04151455367727284	-0.034854006110474525	2068869
2020-09-23	0.007846492794918567	0.002836103259936593	0.022688608647084624	0.0009453393925632327	0.007846492794918567	1090704
2020-09-24	-0.03658195256934667	-0.0024388237272411012	-0.001031807513068093	-0.04558672689628806	-0.03658195256934667	1785133
2020-09-25	0.0028234933582270186	0.010612442903441247	0.01450684465492011	-0.014117388901931508	0.0028234933582270186	775639
2020-09-28	-0.04854368932038835	-0.0048543689320388345	0.004466009708737828	-0.04951454368932038	-0.04854368932038835	1718737
2020-09-29	-0.0020407857142856756	0.026326551020408095	0.02989795918367354	-0.0044898163265306825	-0.0020407857142856756	1326385
2020-09-30	0.011860899431669673	-0.02862988664734503	0.030674845684820682	-0.02862988664734503	0.011860899431669673	1531597
2020-10-09	0.05749800987770831	0.03496361191353701	0.06790623552855948	0.02465645740356166	0.05749800987770831	2049976
2020-10-12	0.018824662803159777	0.003344462430110602	0.040515976292097945	0.003344462430110602	0.018824662803159777	2410199
2020-10-13	0.004501922589516363	-0.0006565372165670749	0.011630069078125986	-0.005815072055475341	0.004501922589516363	1102079
2020-10-14	-0.015219393374778616	-0.010270756494318509	0.008029888105133269	-0.020541512988637017	-0.015219393374778616	1126130
2020-10-15	-0.017919777966058835	9.483265293607106e-05	0.007869555249174667	-0.020005688631784497	-0.017919777966058835	699654
2020-10-16	-0.034659238566147096	0.0016412241428611554	0.04045177562363834	-0.04064490170602619	-0.034659238566147096	2019229
2020-10-19	0.005100530155026106	0.005600610173029545	0.013001330393065953	-0.01390139041706952	0.005100530155026106	1128735
2020-10-20	0.002388039800995024	-0.0037810646766169454	0.01373131343283585	-0.014726398009950212	0.002388039800995024	995308
2020-10-21	-0.042088525751211546	-0.0022830653619826343	-0.0022830653619826343	-0.04695251234767743	-0.042088525751211546	1764272
2020-10-22	-0.04051817616580312	-0.003108839378238381	-0.003108839378238381	-0.04777203108808287	-0.04051817616580312	2837674
2020-10-23	-0.04622527470462366	0.00010802462935628668	0.00010802462935628668	-0.04957334699528445	-0.04622527470462366	2125784
2020-10-26	0.004416249675376543	-0.003510338659502553	0.015513554875179749	-0.024119556655408218	0.004416249675376543	1502114
2020-10-27	0.00496056386563358	-0.0002254453289326423	0.010823078156361207	-0.005749661975749439	0.00496056386563358	925822
2020-10-28	-0.022324400070949095	0.003926396723428243	0.004936089353108363	-0.025241193911164393	-0.022324400070949095	1477729
2020-10-29	0.011589236681830484	-0.013195662347775972	0.015490510258393332	-0.030177910954035284	0.011589236681830484	1428195
2020-10-30	0.018035344009285654	0.07758615800425779	0.08881571738585674	0.01712788034809987	0.018035344009285654	4813800
2020-11-02	0.13649025069637882	0.036211699164345405	0.16100275208913645	0.03509751532033427	0.13649025069637882	6347187
2020-11-03	0.0649019901960784	0.0001960490196078784	0.07205880392156862	-0.00950981372549016	0.0649019901960784	4403721
2020-11-04	-0.006812796718482819	-0.0057080002106057485	0.017860384334550203	-0.02126684713864355	-0.006812796718482819	2350147
2020-11-05	0.010381933918667026	0.0194661295735853	0.05098257464727219	0.0011123748918902636	0.010381933918667026	3278206
2020-11-06	-0.008348660550458723	0.0045871559633027525	0.018165165137614646	-0.019633018348623882	-0.008348660550458723	1875636
2020-11-09	0.01526507596503196	0.011934508721787756	0.03617359741599029	-0.010084152468652133	0.01526507596503196	2880556
2020-11-10	-0.027701850331726847	-0.01403317867747732	0.05704394126196358	-0.04337520582057969	-0.027701850331726847	3954791
2020-11-11	-0.02708527723763669	-0.001968125641090658	0.007310271995602777	-0.029803187342170148	-0.02708527723763669	2215051
2020-11-12	0.007899036853849182	0.011463269655394917	0.02099990407475017	-0.012426558374463985	0.007899036853849182	1603631
2020-11-13	-0.007932658164942881	-0.006499092224957311	0.017681411192241488	-0.018732668032094047	-0.007932658164942881	1626000
2020-11-16	-0.02119465256662858	0.006647350482253802	0.030057754429930052	-0.02601160811141792	-0.02119465256662858	2559551
2020-11-17	0.014566968790688303	0.0010826870291867222	0.014665334934356986	-0.016929144034038234	0.014566968790688303	1874337
2020-11-18	0.01086529858623793	-0.0007761156232805783	0.03657349560392913	-0.019111379140252602	0.01086529858623793	1841056
2020-11-19	-0.013531631867513322	-0.011132399552756153	-0.0033589156437307463	-0.029558484536232756	-0.013531631867513322	1299411
2020-11-20	0.012647095897975481	0.0015565327215046186	0.030645013808298368	0.0015565327215046186	0.012647095897975481	1353898
2020-11-23	-0.014218417301120872	0.0	0.008454270667855507	-0.021135527760035615	-0.014218417301120872	1172784
2020-11-24	0.007796540222234321	-0.0059448493719437435	0.05243150713934798	-0.0059448493719437435	0.007796540222234321	2011494
2020-11-25	0.023015152383129227	0.001837288392329998	0.058698373128387035	0.001837288392329998	0.023015152383129227	2693073
2020-11-26	0.019377965598090838	-0.0017960393062100865	0.028452613399635	-0.007467633921281499	0.019377965598090838	1533503
2020-11-27	0.007974787016868925	-0.003152782016052739	0.017896894209825494	-0.013538566896831082	0.007974787016868925	1400808
2020-11-30	-0.03394659707304312	0.004599816134309553	0.020975216770245175	-0.04507814291843994	-0.03394659707304312	2458035
2020-12-01	0.03656790712183778	0.013808179910328887	0.04218645762905525	-0.004094848031714225	0.03656790712183778	1538752
2020-12-02	-0.00018370234604879018	-0.00523655498826923	0.009462554147221976	-0.021589325155522737	-0.00018370234604879018	1414800
2020-12-03	0.03023064356830577	-0.0076265917922154714	0.06588254955650931	-0.009372452276533084	0.03023064356830577	3278412
2020-12-04	0.006778397963474957	0.0077594985437166196	0.02996789074292122	-0.008473108942032317	0.006778397963474957	1213566
2020-12-07	-0.005403968960062955	0.013199911761159897	0.03641035709807821	-0.014883062053943949	-0.005403968960062955	2079548
2020-12-08	-0.014696660230604678	0.00026726641847153694	0.023247528901243306	-0.020219088453347012	-0.014696660230604678	1577519
2020-12-09	-0.020520746143895853	-0.0037968359122174384	0.01862228298800543	-0.021243951692895845	-0.020520746143895853	2175489
2020-12-10	0.0026765205847073827	0.0020304753489704154	0.02030461504946225	-0.01458238144129911	0.0026765205847073827	1613161
2020-12-11	-0.06470911326131369	-0.0014727172447783867	0.011321833683006512	-0.07722753200688084	-0.06470911326131369	3165898
2020-12-14	0.013679745953353578	-9.844503396863014e-05	0.027949965279500385	-0.017714821201507556	0.013679745953353578	3423472
2020-12-15	0.037864097087378645	0.0028155436893204247	0.043689320388349516	0.0	0.037864097087378645	2749656
2020-12-16	0.06061735153194854	-0.004677268387703117	0.0637979314537337	-0.016838203613878337	0.06061735153194854	3246629
2020-12-17	0.02002121238369761	0.00987831213295937	0.020814967917136183	-0.007673267093136393	0.02002121238369761	2474047
2020-12-18	0.021184573779773896	-0.00043237353337876526	0.021876333387352696	-0.010203207778587018	0.021184573779773896	2109118
2020-12-21	0.01659610527681799	0.007620677521095306	0.049957680778284184	-0.010330237262154707	0.01659610527681799	2630340
2020-12-22	0.001999042178894678	0.013659828646673833	0.04572717883936672	0.001999042178894678	0.001999042178894678	2275438
2020-12-23	-0.01995013250332174	0.008561919985986944	0.030423906140717157	-0.03167086371560609	-0.01995013250332174	2927409
2020-12-24	-0.0007633926927330122	0.012722646094611602	0.03689565671084551	-0.011704876815862963	-0.0007633926927330122	1650982
2020-12-25	0.047788847258956865	-0.010440506076572549	0.056786368844518674	-0.023682209043072812	0.047788847258956865	2235591
2020-12-28	0.0029164046837912147	0.004536600704202784	0.045042108797114185	-0.019766704151544058	0.0029164046837912147	2364455
2020-12-29	-0.043699546598557036	0.008966082173681344	0.01663972496026509	-0.043699546598557036	-0.043699546598557036	2185628
2020-12-30	0.04738576777925302	-0.0032941887261947107	0.059886849057241676	-0.0180758427069503	0.04738576777925302	2504564
2020-12-31	0.016935467741935478	-0.006048387096774193	0.03225806451612903	-0.006048387096774193	0.016935467741935478	2112424
2021-01-04	0.05614587717915742	0.0007930134939415054	0.06938943805534405	0.0	0.05614587717915742	2789733
2021-01-05	0.04370031015093989	-0.006532475189422699	0.05571417172247495	-0.006532475189422699	0.04370031015093989	3078026
2021-01-06	-0.020143906474820172	-0.0009352877697842536	0.013165482014388543	-0.03410075539568343	-0.020143906474820172	2464805
2021-01-07	-0.023641711240272614	-0.0008810205774085939	0.007342144067741793	-0.04552127119356689	-0.023641711240272614	2038478
2021-01-08	-0.03586997400721842	0.00375996401744515	0.023462250668138143	-0.03955478386388283	-0.03586997400721842	2278402
2021-01-11	-0.06075975801171264	-0.00397792662159354	-0.0016379922668594059	-0.07167935027099707	-0.06075975801171264	3526317
2021-01-12	-0.0487460147607709	0.013203820182757295	0.020262440130583544	-0.061534596604128876	-0.0487460147607709	6012297
2021-01-13	-0.007594962699389863	-0.0013968048521133666	0.02034040976847464	-0.015277171140711362	-0.007594962699389863	3249889
2021-01-14	0.015130207600281437	0.002199155524278677	0.03694578641801544	-0.005805796973962027	0.015130207600281437	3113387
2021-01-15	0.005112616895795195	-0.0033795493348431705	0.02686306712542344	-0.03717505134878597	0.005112616895795195	2583734
2021-01-18	0.011552754747008388	0.0018104923150356143	0.02767479140744529	-0.016811768545767162	0.011552754747008388	2144919
2021-01-19	-0.008608215995768926	-0.002812596900833542	0.013210559733903438	-0.02667693639006328	-0.008608215995768926	2082078
2021-01-20	-0.029229728335625746	-0.004728361416781204	0.010058442228335684	-0.03370012035763405	-0.029229728335625746	2432148
2021-01-21	0.045076196335037066	-0.0037194297506098675	0.05410911360448303	-0.0037194297506098675	0.045076196335037066	3085944
2021-01-22	-0.03584444477850273	-0.010253359710984466	0.01465974045149156	-0.04787730619646971	-0.03584444477850273	4560307
2021-01-25	-0.036737572831232	-0.007031077579812663	-0.0033397521826310003	-0.064334681528693	-0.036737572831232	4415845
2021-01-26	0.0880474651103552	0.01304745461765432	0.09197082284618296	0.012865000234762785	0.0880474651103552	5207449
2021-01-27	-0.0020964360587002098	-0.002180310272536688	0.014591178197064989	-0.023899354297693916	-0.0020964360587002098	3306863
2021-01-28	-0.00941178991596636	-0.01680672268907563	0.028151243697478987	-0.023949563025210077	-0.00941178991596636	2274824
2021-01-29	-0.02451644955505049	0.0138276640777315	0.026043434663473846	-0.04496093599323734	-0.02451644955505049	2256993
2021-02-01	-0.005043864771612564	-0.0001739020814662819	0.020523524141638817	-0.01643621213038025	-0.005043864771612564	1439906
2021-02-02	-0.016694379278231655	-0.005244349086815936	0.003408784078007751	-0.037671583334618196	-0.016694379278231655	1825695
2021-02-03	-0.0668444177777778	-0.0017777511111110773	0.0160000266666667	-0.0668444177777778	-0.0668444177777778	2389663
2021-02-04	-0.00361978461745707	-0.002667231777465278	-9.527528780886077e-05	-0.0463898062567211	-0.00361978461745707	2422382
2021-02-05	-0.020936845524605063	0.003919732388522615	0.008413049874054463	-0.02485657791312768	-0.020936845524605063	1702279
2021-02-08	0.03310222505215411	0.005761116853388652	0.03759396396469235	0.0011717117011342266	0.03310222505215411	1159435
2021-02-09	0.019848761251925452	0.0024574195900541637	0.03525515968085558	-0.0037807276810758045	0.019848761251925452	1294032
2021-02-10	-0.003429128759422979	-0.0018536144234733603	0.012974985857738939	-0.010565338080345916	-0.003429128759422979	1334795
2021-02-18	0.0027899470174829032	0.013205598560453743	0.017297498533409263	-0.003068929629581857	0.0027899470174829032	1372553
2021-02-19	-0.007697319712560084	-0.003987758434799924	-0.0002782064308965649	-0.0383937672559812	-0.007697319712560084	1392068
2021-02-22	-0.01710282242990648	0.0017757196261682887	0.005607457943925228	-0.026168252336448632	-0.01710282242990648	1317092
2021-02-23	-0.0453551021271295	-0.007606684560363021	-0.007606684560363021	-0.048968347417863434	-0.0453551021271295	1993575
2021-02-24	0.002987997948446212	-0.0028884561177598754	0.02041827648569166	-0.015139491730288985	0.002987997948446212	1126980
2021-02-25	0.010724945701835596	0.013008987477924195	0.016484647958827654	-0.0057596228130969975	0.010724945701835596	712310
2021-02-26	0.022990803920129664	-0.01758696224785779	0.023580281229910436	-0.04106898252180179	0.022990803920129664	1883399
2021-03-01	0.061371483056910814	0.00854781957699332	0.10420666238359597	0.008451757343879476	0.061371483056910814	2810354
2021-03-02	0.018007401719167464	-0.004614984985702924	0.022441371415412695	-0.020903130560073684	0.018007401719167464	2073196
2021-03-03	0.01511108444444441	0.0039999733333333	0.057511119999999964	-0.009244453333333366	0.01511108444444441	2933991
2021-03-04	-0.010157583454227171	-0.006479842552009874	0.004728555290592553	-0.022066524222412977	-0.010157583454227171	1919082
2021-03-05	-0.0003538658850507594	-0.010261889505821931	0.013800397967087735	-0.014508129737189254	-0.0003538658850507594	1604236
2021-03-08	-0.01079646902654864	0.008849557522123894	0.015486725663716814	-0.035398230088495575	-0.01079646902654864	1798843
2021-03-09	-0.040347128648659226	0.0019681606903574613	0.006441232836296557	-0.051708705060911686	-0.040347128648659226	1653174
2021-03-10	0.05416244208527376	0.007737494389973701	0.06162021240664339	0.007737494389973701	0.05416244208527376	2452097
2021-03-11	0.007074593083222706	-0.009373938638593142	0.016006340360694458	-0.01503364847835774	0.007074593083222706	1553717
2021-03-12	-0.07060064288551046	0.00878117339606182	0.00878117339606182	-0.07314712170215458	-0.07060064288551046	2801093
2021-03-15	-0.03571426816758389	0.006802740241978031	0.010959977738472333	-0.04043838021309077	-0.03571426816758389	1585409
2021-03-16	-0.003037409426560964	0.014403302261479671	0.01675484061835873	-0.015872976991435826	-0.003037409426560964	864698
2021-03-17	-0.000589660933660866	-0.007371007371007371	0.006977877149877113	-0.014840314496314497	-0.000589660933660866	613493
2021-03-18	-0.008260438425402012	-0.0038351754580553854	0.022716077830345533	-0.010030523944723691	-0.008260438425402012	895152
2021-03-19	-0.002181467569290347	-0.008428339284647278	0.0072385127860884425	-0.01031234527143973	-0.002181467569290347	1048213
2021-03-22	0.01709232884107108	0.0036768658554168195	0.023352937196251665	0.0014906290815053947	0.01709232884107108	595715
2021-03-23	-0.020810913938659803	0.003028881348878984	0.011235974816531024	-0.026282306326962494	-0.020810913938659803	795298
2021-03-24	-0.08191976569627052	-0.006186419814543776	0.0017960586530028503	-0.08850531741663022	-0.08191976569627052	2275489
2021-03-25	-0.033365937759679574	-0.007716541512519435	-0.002391055268100052	-0.043582240113417235	-0.033365937759679574	2517299
2021-03-26	0.02091298581261553	-0.0007870361864845686	0.04261300781171547	-0.0007870361864845686	0.02091298581261553	1203783
2021-03-29	-0.007929526169729428	0.005176145203431323	0.012114526031458355	-0.013105748465669179	-0.007929526169729428	730583
2021-03-30	-0.00999114098598695	0.0	0.009991129884744043	-0.017539986289076607	-0.00999114098598695	794057
2021-03-31	-0.006727943485086494	0.0	0.009082731554160048	-0.009307041937654265	-0.006727943485086494	873925
2021-04-01	0.023142864684062774	0.0	0.03409342889831958	0.0	0.023142864684062774	737137
2021-04-02	0.013792342947997669	-0.001655014950513643	0.0306742479534673	-0.0048548495483233456	0.013792342947997669	965932
2021-04-06	-0.005768382861396955	0.005768469931491157	0.006747964956942663	-0.01393120419888568	-0.005768382861396955	541252
2021-04-07	0.0012041707981208375	0.001970454339802003	0.004926163216774284	-0.010399518563755181	0.0012041707981208375	461669
2021-04-08	0.0013120817987325472	-0.009621659847164475	0.01224582344462957	-0.010277739014626412	0.0013120817987325472	529399
2021-04-09	-0.02555147356297277	0.0021838501379374334	0.004258560728138039	-0.03188466844541009	-0.02555147356297277	823011
2021-04-12	-0.0164724454610588	-0.002689354609801761	0.00963693432624236	-0.01781707794300936	-0.0164724454610588	673640
2021-04-13	0.014013934625063236	0.012646690645323816	0.04796634549275412	0.005696707497893614	0.014013934625063236	1129289
2021-04-14	0.004606786516853941	0.009887606741573067	0.012247146067415723	-0.006629168539325835	0.004606786516853941	618567
2021-04-15	0.025500479789711296	0.006598769417346177	0.026730778358985456	0.006598769417346177	0.025500479789711296	852403
2021-04-16	0.0033809356880589126	0.0046897261492042505	0.00850691441799717	-0.012978536089463788	0.0033809356880589126	701350
2021-04-19	0.046086934782608696	-0.005434782608695652	0.04858696739130431	-0.005434782608695652	0.046086934782608696	1341724
2021-04-20	-0.01537817987070199	0.0027016002223940205	0.0027016002223940205	-0.020054032004447952	-0.01537817987070199	1024325
2021-04-21	-0.007492602205728069	-0.005698617439877257	0.0035879695317017754	-0.0127690900639702	-0.007492602205728069	616911
2021-04-22	0.03168523024927495	0.0013822115454903603	0.035300371016468685	0.0005315789304121083	0.03168523024927495	1128030
2021-04-23	-0.0008245078926570684	-0.00030917242408714916	0.007935731298935704	-0.012676450712938787	-0.0008245078926570684	735062
2021-04-26	-0.00979883475396081	0.0	0.01578139295868158	-0.011449211287752767	-0.00979883475396081	813977
2021-04-27	-0.008333364583333372	-0.005104145833333333	-0.0010416458333333267	-0.022395854166666673	-0.008333364583333372	613154
2021-04-28	0.02468493775267669	-0.0031512080824960065	0.02731098825559845	-0.006092374141566404	0.02468493775267669	853341
2021-04-29	-0.047565339388047	0.01435155260835812	0.01435155260835812	-0.04777041370260133	-0.047565339388047	1559774
2021-04-30	0.0	0.0	0.018942997785254708	-0.009686814780462185	0.0	746874
2021-05-06	-0.017328607584604097	-0.0011839521608458536	-0.00043053490773720907	-0.031320674574505464	-0.017328607584604097	705629
2021-05-07	-0.007776637203396417	-0.0005476779666699879	0.010186199008120433	-0.01095290215926937	-0.007776637203396417	529239
2021-05-10	0.030466962378494864	-0.006512816271677496	0.04040185629327107	-0.022187814204120353	0.030466962378494864	904574
2021-05-11	0.011783599609718223	-0.0037493091322829955	0.021424746040165955	-0.014247466829083337	0.011783599609718223	1009850
2021-05-12	-0.00021172049375490595	0.002646903207418842	0.014293340845738805	-0.009528788021030772	-0.00021172049375490595	753216
2021-05-13	-0.01990889547813198	-0.009848565074658549	0.004447717886264879	-0.020438419993646158	-0.01990889547813198	600029
2021-05-14	0.006807098644826657	0.0	0.020421382374239395	-0.009076217966195068	0.006807098644826657	666755
2021-05-17	0.00965874651212692	0.00021460613865625008	0.018458918222794524	0.00021460613865625008	0.00965874651212692	813196
2021-05-18	-0.03167521191166635	0.00031886691499011303	0.0015943983504592525	-0.03773387462300426	-0.03167521191166635	886820
2021-05-19	-0.0007683754285043531	-0.0015367618339574836	0.009879275738293657	-0.01712400696210768	-0.0007683754285043531	588480
2021-05-20	0.0008788531349977632	-0.008239042164550611	0.008678468732049414	-0.008239042164550611	0.0008788531349977632	394119
2021-05-21	-0.024695422843865406	0.0	0.009219580625402466	-0.03545169536327844	-0.024695422843865406	1172204
2021-05-24	0.0015755007700259096	0.0036011590861900838	0.006076986202149646	-0.025770886498189483	0.0015755007700259096	1267839
2021-05-25	0.023146044943820148	0.0	0.025393280898876405	-0.00426962921348318	0.023146044943820148	1428250
2021-05-26	0.03261586937438776	0.008895289015929958	0.046782364304466605	-0.004941763780842563	0.03261586937438776	2284056
2021-05-27	-0.014676135432055072	-0.004147612508216666	0.00436034249027274	-0.02318410106544832	-0.014676135432055072	1334702
2021-05-28	-0.03281166685781619	0.0033458930740227683	0.01651373952479792	-0.034322729966050125	-0.03281166685781619	1797393
2021-05-31	0.030018993080917464	0.007476821699845833	0.030018993080917464	-0.006695670051381841	0.030018993080917464	1735709
2021-06-01	0.01722639163944555	0.005417117917103426	0.040303292297834484	0.00032501624079025706	0.01722639163944555	2160342
2021-06-02	-0.021194983717062372	0.00639044633497117	0.00639044633497117	-0.023218660381496083	-0.021194983717062372	1370761
2021-06-03	-0.019804134498277892	0.0008705222879102415	0.01490745342965284	-0.02067466766758069	-0.019804134498277892	1029640
2021-06-04	-0.021425399169062994	-0.004107493248057399	0.00765980222780202	-0.02297957320205203	-0.021425399169062994	1558643
2021-06-07	0.005104889277257177	0.0014747248672779727	0.011344299232120266	-0.009302325370338703	0.005104889277257177	1002812
2021-06-08	-0.027878115753456296	0.0039503274029418925	0.0056433409851769974	-0.027878115753456296	-0.027878115753456296	1702075
2021-06-09	0.008243341747707205	0.0	0.01706723616860217	-0.0056890516320347705	0.008243341747707205	1237798
2021-06-10	0.06206825481659393	-0.001727245588541856	0.0622985288944509	-0.008406207204339374	0.06206825481659393	3264557
2021-06-11	-0.010950904989128105	0.0018432071394381742	0.019082673129697324	-0.018757486107855777	-0.010950904989128105	2849613
2021-06-15	-0.0067967879105811126	-0.0012058758911874978	0.007783369789702266	-0.024336778948292233	-0.0067967879105811126	1255211
2021-06-16	-0.01766002246490115	0.0008830243020535989	0.029580585641955582	-0.022075055674946043	-0.01766002246490115	1316369
2021-06-17	0.027303370786516932	-0.00449440449438203	0.032584292134831466	-0.016853932584269662	0.027303370786516932	1692688
2021-06-18	-0.018702821830909006	0.0002187137700972261	0.00984361806846753	-0.019905928032374603	-0.018702821830909006	1276316
2021-06-21	0.053276849606811796	-0.0024520842348184587	0.06888097337404181	-0.01114578676832605	0.053276849606811796	2825129
2021-06-22	-0.005291005291005291	0.004973555555555517	0.018201068783068743	-0.010582010582010581	-0.005291005291005291	1658764
2021-06-23	0.0021276276595744276	0.00010640425531914965	0.02531911702127663	-0.005531882978723443	0.0021276276595744276	1648229
2021-06-24	-0.007006327187037941	0.0021231953967047836	0.005520212490028	-0.014755828495408584	-0.007006327187037941	1132496
2021-06-25	0.025336786130673625	0.006735054450127737	0.037844782575959024	-0.00224501815004268	0.025336786130673625	2024833
2021-06-28	-0.005526086726052036	-0.0011469189387167257	0.010530642872249344	-0.012511781357031373	-0.005526086726052036	1424453
2021-06-29	-0.03606620998321059	-0.0037743762982085168	0.00807302394861679	-0.03669532512147175	-0.03606620998321059	1834659
2021-06-30	0.0040243201212893836	0.005003262888769501	0.020230595600813635	-0.0003262780002985663	0.0040243201212893836	1503990
2021-07-01	0.021882830070042904	0.003141588195029603	0.028490998342346557	-0.012999642790589122	0.021882830070042904	1892364
2021-07-02	-0.029047025780832635	-0.0049825187112791155	-0.0049825187112791155	-0.03742180563083196	-0.029047025780832635	1703207
2021-07-05	0.053390186849664206	0.059285961755037135	0.11365874500092783	0.04378209602716873	0.053390186849664206	4261869
2021-07-06	-0.032234659030846005	0.010883042779341615	0.014303461412620401	-0.042703170313956144	-0.032234659030846005	2857583
2021-07-07	0.0013922779888954596	-0.0034272249086250237	0.010388700533724973	-0.014458669343729092	0.0013922779888954596	1701992
2021-07-08	0.12802140106951868	0.0039572513368983635	0.15561500534759362	-0.015828909090909053	0.12802140106951868	5603647
2021-07-09	-0.03005592083003766	0.0048355171628376116	0.0048355171628376116	-0.04133876892634143	-0.03005592083003766	3433198
2021-07-12	0.1999999843597267	0.03910068311532698	0.1999999843597267	0.03822087864454894	0.1999999843597267	9543526
2021-07-13	-0.031199103434357986	0.010100993644493423	0.041788831186236074	-0.04048550764930744	-0.031199103434357986	8455977
2021-07-14	0.03455815185403176	-0.024636340704616216	0.09551831329353402	-0.027999680484318567	0.03455815185403176	6885180
2021-07-15	-0.008452543819468953	0.002925885866987248	0.02373210318813304	-0.02706438534570564	-0.008452543819468953	3546667
2021-07-16	-0.06311472950819669	0.015409811475409861	0.020491803278688523	-0.06950822131147538	-0.06311472950819669	3804310
2021-07-19	-0.09370084618457974	-0.022922160378245984	-0.0028871565296460003	-0.10761157197869893	-0.09370084618457974	6048719
2021-07-20	-0.038420650194831575	-0.005792045787896346	0.009556965327037892	-0.04430925936129971	-0.038420650194831575	3750743
2021-07-21	0.008934835770155278	0.005923059874279083	0.041662493307273465	0.0039152594727913225	0.008934835770155278	3482656
2021-07-22	-0.0625870746268657	0.0845771144278607	0.10000002985074631	-0.08487561194029854	-0.0625870746268657	12216819
2021-07-23	0.028128670291143944	-0.0013798641479658973	0.0720730397205503	-0.011782199466958883	0.028128670291143944	7830843
2021-07-26	-0.0006194300989114497	-0.016931653758706863	0.0	-0.03468925217128582	-0.0006194300989114497	4554747
2021-07-27	0.0	0.0020660846467122134	0.043285070972570075	-0.009504193920324576	0.0	7049610
2021-07-28	-0.018698398180834807	0.010433832321265416	0.022727241031180505	-0.042355432571629235	-0.018698398180834807	4189743
2021-07-29	0.015896431537981506	0.010632719457473828	0.03168756777950453	0.0011580166577116829	0.015896431537981506	3591295
2021-07-30	-0.0418652953367876	-0.001761637305699552	-0.001761637305699552	-0.07772020725388601	-0.0418652953367876	6295974
2021-08-02	0.05126539099356901	0.005840374279043673	0.07051702434043938	0.0012978909939204842	0.05126539099356901	4448796
2021-08-03	-0.004526697670577049	-0.00925919781664183	0.016460967586243935	-0.019135813347813137	-0.004526697670577049	4193584
2021-08-04	0.0112649439589718	-0.008887970051922895	0.022633267411466117	-0.010438218056258412	0.0112649439589718	3716456
2021-08-05	-0.018191088772429063	-0.006642830999342516	0.002146142098030434	-0.029126193748108195	-0.018191088772429063	2924239
2021-08-06	-0.026855438742583466	0.005308649942750079	0.005308649942750079	-0.04455083793067544	-0.026855438742583466	3078726
2021-08-09	0.02149964748100647	-0.007380415175535635	0.02567120602569703	-0.007380415175535635	0.02149964748100647	1796474
2021-08-10	0.0203141570680629	-0.005863853403141289	0.031099486910994727	-0.015706806282722512	0.0203141570680629	2683124
2021-08-11	0.005747105793368037	-0.004515619775952045	0.009852216546547214	-0.02996720997604252	0.005747105793368037	3228579
2021-08-12	-0.013469387755101972	-0.04081632653061224	-0.007449010204081596	-0.04459186734693874	-0.013469387755101972	4026467
2021-08-13	-0.018514697972693457	-0.01003310922631372	0.00972282788580875	-0.020893628465039366	-0.018514697972693457	2460506
2021-08-16	-0.00042155127433401833	0.0	0.006744651773049345	-0.010538518395389591	-0.00042155127433401833	1858232
2021-08-17	-0.012651513181897998	-0.0035845651783777506	0.006852946902539741	-0.028360506660210987	-0.012651513181897998	2775627
2021-08-18	0.00373729837186762	0.003523769278723515	0.021889962159317364	-0.010891670883253133	0.00373729837186762	2242101
2021-08-19	-0.008723404255319077	0.0030851170212766355	0.007446776595744641	-0.012340468085106391	-0.008723404255319077	2348361
2021-08-20	0.022215067611075265	-0.006761075338055408	0.03638119768190584	-0.006761075338055408	0.022215067611075265	3618924
2021-08-23	0.033385826771653616	0.0	0.04073487664041998	-0.0077690078740157474	0.033385826771653616	4848600
2021-08-24	-0.007111622472823431	0.010667509905516504	0.010667509905516504	-0.012902529716549893	-0.007111622472823431	1931570
2021-08-25	-0.03100384638277357	-0.007367246269295585	0.012074091515171696	-0.03202706337786562	-0.03100384638277357	3077013
2021-08-26	-0.01700106706444771	-0.0003167793130974381	-0.00010554382594108549	-0.020274530737313463	-0.01700106706444771	2224378
2021-08-27	-0.011386798211915227	0.0022559566980753175	0.01009778752165812	-0.026211130141202268	-0.011386798211915227	2438902
2021-08-30	-0.000651939592002031	0.021406074338868528	0.03151147486158294	-0.0030424753128597084	-0.000651939592002031	1846974
2021-08-31	-0.021528791763305476	-0.005110372892134647	0.01119929312602708	-0.0289225070248722	-0.021528791763305476	2887083
2021-09-01	-0.029892155348197655	0.00011114568532382973	0.0012223580669487228	-0.03822641489557535	-0.029892155348197655	4811281
2021-09-02	0.0	0.004352771900821161	0.008018292966152547	-0.026345967021329925	0.0	2239024
2021-09-03	0.038946092590626744	0.007903722523354278	0.05246270151903659	-0.0027491980727653662	0.038946092590626744	2911320
2021-09-06	-0.0027563396722052815	-0.000220474097700239	0.00760751954600403	-0.013120121712903653	-0.0027563396722052815	1806737
2021-09-07	-0.0019900498172486687	0.004754007896760979	0.009065782500799945	-0.010503007534649186	-0.0019900498172486687	1711811
2021-09-08	0.006314379294817033	0.0	0.0103024263975548	-0.006535914695998016	0.006314379294817033	1407654
2021-09-09	-0.01970489959070447	-0.004843615360793264	-0.0004402576151588063	-0.02289733698359035	-0.01970489959070447	1515836
2021-09-10	-0.010892767740838936	0.0	0.008422234415870823	-0.01740598481507074	-0.010892767740838936	1407477
2021-09-13	-0.024863793713356074	-0.0020435966838419535	-0.0019300408281097967	-0.04632154754038259	-0.024863793713356074	2242529
2021-09-14	0.000698544658266827	-0.008848550574555252	0.008848562217354286	-0.012690604409018555	0.000698544658266827	1634781
2021-09-15	-0.029668354729552763	-0.005351937359578922	-0.0033739733580211238	-0.03397321817242172	-0.029668354729552763	1630257
2021-09-16	-0.03141490332338358	-0.004676258880665261	0.008992805539740875	-0.03717025090718819	-0.03141490332338358	2054671
2021-09-17	-0.0324337092403282	-0.0004951844577270139	-0.0004951844577270139	-0.05112647995947614	-0.0324337092403282	3366790
2021-09-22	-0.034672554520340154	-0.0012795035169139396	-0.0012795035169139396	-0.03646373917790495	-0.034672554520340154	1772192
2021-09-23	0.020543446807559235	0.007157071192461463	0.02637515015408166	0.004638913371991355	0.020543446807559235	1464300
2021-09-24	0.040389623376623336	0.05181815584415584	0.10233762337662342	0.03896103896103896	0.040389623376623336	4307177
2021-09-27	0.029833965424616624	-0.006615890567770729	0.051928547597946066	-0.007614542409005798	0.029833965424616624	2930801
2021-09-28	-0.009697006060606106	-0.0035151636363636813	0.023878799999999957	-0.012121212121212121	-0.009697006060606106	1827032
2021-09-29	0.0014688250233350312	-0.007221493533224968	0.01591191000900531	-0.014443084985670105	0.0014688250233350312	1586544
2021-09-30	0.0013444145685653098	0.0	0.023466120752872244	-0.006355377658274131	0.0013444145685653098	1038543
2021-10-08	0.03747101183937499	0.0008543878921029314	0.04113271085072619	0.0007323080678627256	0.03747101183937499	2218980
2021-10-11	0.0024705764705881916	0.00023525882352945407	0.02070590588235294	-0.0058823529411764705	0.0024705764705881916	1326537
2021-10-12	-0.017368806681948207	0.002347201060288763	0.012791972923271687	-0.024762363862954592	-0.017368806681948207	1731582
2021-10-13	-0.0015526692385284765	0.000716565124212492	0.013734551042593498	-0.011107129662947614	-0.0015526692385284765	961166
2021-10-14	0.029545479175729094	0.00011965311291033215	0.03205742899658926	-0.004665059920216781	0.029545479175729094	1352619
2021-10-15	-0.03276402927849417	0.0024398629022889568	0.003834111769490037	-0.033577320785407073	-0.03276402927849417	1607996
2021-10-18	0.03495500300300301	0.007447483483483447	0.03771770570570574	-0.021261225225225267	0.03495500300300301	2333408
2021-10-19	0.044568196631002935	-0.007660213200547213	0.053853282086662894	-0.009981441040787287	0.044568196631002935	3233782
2021-10-20	0.00177782222222223	-0.000444455555555597	0.028222233333333374	-0.013888888888888888	0.00177782222222223	2376150
2021-10-21	-0.0018856032881276355	0.0	0.017968000533806577	-0.013975176842272546	-0.0018856032881276355	1804143
2021-10-22	-0.01533500423013681	0.0	0.011112346063170265	-0.01689073267898065	-0.01533500423013681	1547692
2021-10-25	-0.012526813987960534	-0.006771233418674681	0.012075375103539497	-0.018056641258812275	-0.012526813987960534	1547295
2021-10-26	-0.002628605714285673	0.0	0.011428571428571429	-0.010857108571428528	-0.002628605714285673	1039857
2021-10-27	0.00022921967099414627	-0.000916638051448503	0.012375398614944329	-0.014208754928684137	0.00022921967099414627	938873
2021-10-28	0.005842616498538017	0.0024057623736308156	0.026119818694926918	-0.002749432893235961	0.005842616498538017	1581933
2021-10-29	0.0422551124514198	0.004441901898340517	0.05011382516695349	-0.006264270856573931	0.0422551124514198	3286483
2021-11-01	-0.007758703797208924	-0.0055731831368553576	-0.0055731831368553576	-0.06895426578615968	-0.007758703797208924	3083071
2021-11-02	-0.025330428678510108	0.0	0.008259911621368559	-0.030837036426089145	-0.025330428678510108	1686156
2021-11-03	0.002146915254237366	0.004519796610169499	0.011864440677966145	-0.0044067683615819555	0.002146915254237366	1071302
2021-11-04	0.018040353635351104	0.004622798407423561	0.021310181050621536	-0.016574596536822837	0.018040353635351104	1761141
2021-11-05	-0.003211883893987372	0.007420511602386542	0.007642064374326373	-0.010632395496374071	-0.003211883893987372	1033263
2021-11-08	0.03222224444444445	-0.00566668888888889	0.03311114444444441	-0.01000002222222223	0.03222224444444445	3696969
2021-11-09	-0.013132421676374063	0.000861151757563964	0.000861151757563964	-0.02185144194076555	-0.013132421676374063	1357983
2021-11-10	-0.018324607329843003	-0.0008726221640489469	0.0090532504363001	-0.023451145287958147	-0.018324607329843003	1263899
2021-11-11	0.018777800000000077	0.006555511111111103	0.03255555555555563	0.0	0.018777800000000077	1905756
2021-11-12	-0.01897704179349904	0.012106020021681282	0.012106020021681282	-0.019522302987843822	-0.01897704179349904	1545553
2021-11-15	0.03168433679881065	-0.0017787215712746771	0.03368544859428956	-0.008337965814495803	0.03168433679881065	3036239
2021-11-16	-0.015409482260469396	-0.003232790843767578	0.009159471686654977	-0.019396583424679457	-0.015409482260469396	1308170
2021-11-17	0.012257797561854113	-0.0005472583819440587	0.0352412487060989	-0.004049501891775105	0.012257797561854113	3092270
2021-11-18	0.014488096323669434	0.00010814142303257554	0.019461596269036614	-0.0033516921472956794	0.014488096323669434	2969165
2021-11-19	0.005115591919096409	-0.005968293595474822	0.016519183277860422	-0.005968293595474822	0.005115591919096409	2258747
2021-11-22	-0.006255932695492124	0.007316318679171289	0.01357224077133377	-0.012830028901071483	-0.006255932695492124	2058950
2021-11-23	-0.023580868292991122	0.0040545987616880524	0.005121596189483608	-0.03062316441930039	-0.023580868292991122	2259657
2021-11-24	0.0067751610364952565	0.0020762211326363664	0.013878231583909304	-0.010818544184929604	0.0067751610364952565	1105427
2021-11-25	0.011614024040400144	0.0053186368821871765	0.02572455310076692	-0.012265245162224448	0.011614024040400144	1997528
2021-11-26	-0.013090064799036419	0.0003219528000628605	0.009549345800944641	-0.01824031174593274	-0.013090064799036419	1625432
2021-11-29	0.028484397853302996	-0.01087192832555137	0.044031266230769826	-0.014677168471064232	0.028484397853302996	3177619
2021-11-30	-0.010782198959454588	-0.002114122666260508	0.00739963017758208	-0.015327653601007463	-0.010782198959454588	1588021
2021-12-01	0.013464351069366361	0.014960472003409482	0.01773878996070129	0.002992081577429371	0.013464351069366361	2294591
2021-12-02	-0.024251319032109572	-0.005377414819798243	-0.0013706980755250457	-0.02994512990068029	-0.024251319032109572	1892916
2021-12-03	0.004970812567853725	-0.001512848481598818	0.012318986251145633	-0.0020531985946272507	0.004970812567853725	1213176
2021-12-06	0.010752688172043012	0.010000000000000073	0.021290354838709637	-0.0127957204301076	0.010752688172043012	2524596
2021-12-07	0.01382981914893621	0.0009574042553191415	0.019999968085106415	-0.008723404255319077	0.01382981914893621	3175708
2021-12-08	-0.003147985210451712	-0.0030430324330630266	0.007345193892596164	-0.008499527539364336	-0.003147985210451712	2155176
2021-12-09	0.001894736842105335	0.0	0.006631547368421084	-0.01926317894736835	0.001894736842105335	3012815
2021-12-10	-0.006093738180290055	-0.0024165055683968333	0.04013448203404069	-0.006093738180290055	-0.006093738180290055	9496869
2021-12-13	0.053699810860461196	0.00010573995995219304	0.07346728485131686	0.00010573995995219304	0.053699810860461196	7345013
2021-12-14	0.008226324237560124	-0.0025080256821829855	0.027086647271268017	-0.002708627608346771	0.008226324237560124	3305790
2021-12-15	-0.011741293532338376	-0.0020895422885571766	0.0004975422885572517	-0.014925373134328358	-0.011741293532338376	2598389
2021-12-16	-0.01429720096657262	0.008256131695529701	0.008256131695529701	-0.019834897301651166	-0.01429720096657262	1568255
2021-12-17	-0.05005109192949762	-0.0020429519500929573	-0.0020429519500929573	-0.05107252193927432	-0.05005109192949762	3128998
2021-12-20	-0.03430109677419362	-0.02064513978494631	-0.0031182903225806854	-0.03430109677419362	-0.03430109677419362	2329846
2021-12-21	-0.006680759529690635	0.004453858244156772	0.024050807795363758	-0.012470727368237847	-0.006680759529690635	2084055
2021-12-22	-0.013227216828014903	0.005492635416350582	0.017598924084731887	-0.016253749761839995	-0.013227216828014903	1902917
2021-12-23	-0.02646827248061206	0.00011362035798728188	0.010110178463139628	-0.03180729332962968	-0.02646827248061206	3000056
2021-12-24	0.00046675614236023523	-0.0009334189358256248	0.010735192907883075	-0.016335986569521028	0.00046675614236023523	2197202
2021-12-27	0.008980686003748217	-0.003032365361146889	0.013062783136523948	-0.005131735599060734	0.008980686003748217	1347628
2021-12-28	-0.009131903615029436	0.0005779216141966226	0.0005779216141966226	-0.0176858047003629	-0.009131903615029436	1188808
2021-12-29	-0.01073259436849508	0.0044330027480984635	0.0044330027480984635	-0.019715375411626428	-0.01073259436849508	1232596
2021-12-30	-0.0020047876649249737	0.0064857898648894565	0.01214621419294041	-0.0020047876649249737	-0.0020047876649249737	1363344
2021-12-31	0.038875116585434875	0.0	0.046673817086393024	-0.00011809051582509277	0.038875116585434875	2114831
