2020-08-26	-0.16753567204864547	-0.06926951753686995	-0.044676012380046794	-0.16665722889520707	-0.1635753398804285	15044856
2020-08-27	-0.05777450460352144	-0.007829851408452151	0.006756538031066462	-0.05825281206194571	-0.053291968723242884	10461720
2020-08-28	0.0009385122350115134	-0.0020007213727383727	0.06699481144890007	-0.010801998428331804	0.005700398997754137	9594747
2020-08-31	0.126582183773394	0.012843779749735653	0.19459204364820631	0.007269707904588507	0.13194182415409303	14368702
2020-09-01	-0.028297867652073216	-0.003465667657026589	0.006569377319494664	-0.05782210669113983	-0.023675063353450515	8622920
2020-09-02	-0.02069955842167924	0.03989879389382332	0.05065636762375943	-0.016757718053545183	-0.016040611016991904	7344692
2020-09-03	-0.03972302703920193	-0.004030520049345229	0.004757423980304345	-0.05895530754662399	-0.03515456629780319	5437804
2020-09-04	0.015483819306099721	0.0032322150783397332	0.05623457711627759	0.0032322150783397332	0.020314921868193142	5429567
2020-09-07	-0.087749326621352	-0.01619529541736484	0.017975043187712317	-0.08769008806020893	-0.08340941110133787	6836605
2020-09-08	-0.0007374943623892576	-0.0038866121660926234	0.017105884753879533	-0.0615130065035914	0.004016427967850843	5707547
2020-09-09	0.010987281283393902	-0.029184875286418922	0.03812304785540388	-0.050110398918196866	0.015796943761182115	4681006
2020-09-10	-0.04841849968065337	0.004757391677254937	0.05430262121721286	-0.04666210557345025	-0.04389145250055594	4515673
2020-09-11	0.10858270721183383	-0.01990557695578304	0.13603611611648628	-0.01990557695578304	0.11385663440447508	6660271
2020-09-14	0.028676763827426788	-0.0035081688035842225	0.04523494330390204	-0.02675966031431968	0.033570620182604094	5734772
2020-09-15	0.022346690822096053	-0.008759509610200432	0.04928810422124797	-0.02753300374637088	0.027210452588918636	6435765
2020-09-16	7.318812580977517e-05	-0.0172783179670465	0.029731383345263335	-0.03556793071144092	0.004830974542864942	5597347
2020-09-17	0.07456139529428472	-0.008389665667483828	0.10538005217349782	-0.016689123509048758	0.07967353933225368	8284574
2020-09-18	-0.010204022488248208	-0.017114826070680027	0.04002648731951699	-0.01909705526104308	-0.005495202898458549	5736904
2020-09-21	0.045773182233202224	0.007312382399797065	0.057861048630663776	-0.020171674569572563	0.05074834708263786	3371429
2020-09-22	-0.04968451932419636	-0.017825859157197105	-0.006798363003534005	-0.07778378494203758	-0.0451634941190559	2821077
2020-09-23	-0.02053938042909461	0.007536764113213636	0.017751109291028702	-0.01990990620152359	-0.01587974524801187	1833320
2020-09-24	-0.019346249826865045	0.003835061400511616	0.027955437271545987	-0.028089021824239637	-0.014680913964084906	2046531
2020-09-25	-0.007128004513211862	0.012787337172009633	0.04591996595645596	-0.006527949718523109	-0.0024045162907421597	2032362
2020-09-28	-0.01667863110068176	0.019985492584886487	0.03390192233997301	-0.03014311673208564	-0.012000614512274828	1978501
2020-09-29	0.032448252293554795	0.009054901110613888	0.0498083321679086	-0.007098225149547005	0.03736006327659268	2072297
2020-09-30	-0.02142856240625971	-0.0024193985016711882	0.0013125864127283592	-0.03744240802120258	-0.016773076221071603	1668845
2020-10-09	0.03569347235792759	0.02653940609506983	0.05932237486695949	0.012458148736046774	0.04062066345409288	2009692
2020-10-12	0.015082110184546482	-0.0026779415141831462	0.025930338850871846	-0.03532246594046635	0.019911240883520993	3661643
2020-10-13	-6.940450765015688e-05	-0.0066135819731276	0.01005911919073498	-0.016379980031536966	0.004687653974029262	2282105
2020-10-14	0.02242743727384287	0.04647690677667681	0.10228900847143291	0.014733753008246118	0.0272914968191044	3581080
2020-10-15	-0.04040747909311455	-0.014962485021182926	0.0022327107442748394	-0.04471286269224686	-0.035842318803950474	2406130
2020-10-16	0.04281675772603319	0.009521622712881	0.08710058210081562	0.009237133448973076	0.04777781303159083	2481697
2020-10-19	0.03970125179328878	0.036464964947573064	0.0675589002583034	0.023986458639783617	0.04464756263535063	2547491
2020-10-20	-0.00783281234713634	-0.0002926126539533587	0.010004229622258047	-0.022788115495347733	-0.0031127084247842655	2286757
2020-10-21	-0.02684211951345635	0.004757367489161041	0.027033862914500672	-0.034375274655714556	-0.022212448753408165	1851269
2020-10-22	0.03420767558019788	-0.0027823872932152974	0.04605622538626311	-0.015076930642804213	0.03912777386601058	1898739
2020-10-23	-0.03660610031439161	-0.0016791559559811932	0.017893160635912227	-0.03977299734030912	-0.032022822455186034	1959145
2020-10-26	-0.02327316185487433	-0.011468162372149178	-0.007718538397729629	-0.06859851921339462	-0.018626516821147524	1800544
2020-10-27	0.04084750932928925	-0.015763571953196047	0.06087585933192796	-0.025465640483764197	0.0457992426900341	2256238
2020-10-28	0.01601808469421465	0.005830382561226002	0.022260020121301103	-0.019183000065550973	0.0208517235130028	1474481
2020-10-29	0.012152714078401137	-0.009895148216113864	0.03214856898360926	-0.012601181891256774	0.016967952989205042	2183816
2020-10-30	-0.006295442930199663	0.0029967241895718856	0.0630552767406635	-0.006784792654894609	-0.0015679641081454314	2070358
2020-11-02	0.06818635215110354	0.003444983838308425	0.08278345433383746	9.813299258240054e-05	0.07326810427060294	2509276
2020-11-03	0.030388187125320015	0.013665314252834647	0.05660789373740363	-0.019816339817965368	0.035290198863933045	2485701
2020-11-04	0.06859720124141565	-0.007763307198749404	0.11195857127358723	-0.022191926601242327	0.07368097447112461	2476641
2020-11-05	0.0162150092936992	0.0047574270490349565	0.0347193456382305	-0.006847956305952202	0.02104957301129633	1802641
2020-11-06	-0.017213031973895725	-0.004576373571752354	0.03457067764036006	-0.02884427409663869	-0.012537549788887199	2157997
2020-11-09	0.08918532833726753	0.01609824608307771	0.09492574695230306	0.01565130365043842	0.09436704935826136	1913242
2020-11-10	-0.07963654893821903	-0.004936739648247917	-0.004936739648247917	-0.1023913888579556	-0.07525799874549191	3229473
2020-11-11	0.0014421493438842338	-0.0061099329154840525	0.038808493307431434	-0.0061099329154840525	0.006206451825756157	2273965
2020-11-12	-0.03932425229992615	0.002642720714153658	0.02022808477697406	-0.04555003649125366	-0.03475396108989359	2602225
2020-11-13	0.02623235303961963	-0.003584240997000134	0.04849286449629263	-0.00931903933631258	0.03111452972563584	1360977
2020-11-16	0.0674718570280374	0.016611292493024152	0.0913471220215069	0.009273159866449934	0.07255025079534452	1971800
2020-11-17	0.011630983377157861	0.004863182480664314	0.028923228362559908	-0.03490198718450695	0.016443734977320445	2004067
2020-11-18	0.01446264191505872	-0.0005219438245367802	0.04490167940115584	-0.02393950839752842	0.019288812400991846	1518421
2020-11-19	-0.029025683278033343	-0.017965628497425074	-0.00039523547972831677	-0.04264655542948054	-0.024406380846138165	1045082
2020-11-20	-0.011355218057750189	-0.004847596306281687	0.029486308036408344	-0.01668136099172477	-0.006651834740680996	920962
2020-11-23	-0.04412634790681551	0.005240470826985218	0.012325714661138165	-0.04859635622871225	-0.039578858560389236	1619312
2020-11-24	0.010395143260876538	-0.0002963790227014836	0.017897435214665042	-0.008382523051260193	0.015201997718151186	946485
2020-11-25	-0.0266606959580591	0.00036694015124156637	0.014038660569800597	-0.0337566821385455	-0.02203015856232825	933010
2020-11-26	-0.010911007229148497	-0.0007240910691475622	0.01686216621166057	-0.02190748478289626	-0.006205474451658639	909960
2020-11-27	0.0864694354494618	0.013358869084991572	0.10647430873944821	0.004468783479947637	0.09163823553374027	2059611
2020-11-30	-0.05991537849258933	-0.005763093954816314	-0.0010873058408613994	-0.0728177386661187	-0.055443012572761456	1721686
2020-12-01	0.0005624764890616219	-0.010898675759495813	0.01719180750094205	-0.012650786801278185	0.005322557698010557	830325
2020-12-02	0.025974050109936968	0.004305487564038112	0.03667334693564117	-0.0076135442273638585	0.030855057444592732	870300
2020-12-03	-0.0027398070157724995	-0.008952086252485655	0.029533635260484848	-0.011264520372919662	0.0020045265452761146	676506
2020-12-04	0.005989256974852471	0.004812549706820837	0.01988471586863085	-0.013903458747539392	0.010775184670054208	469500
2020-12-07	0.017533274974935283	0.004757434199241527	0.034612592555415975	-0.0008404278868259786	0.022374116992169724	673280
2020-12-08	-0.00214716276857372	0.0031933478054940656	0.02794954916922439	-0.00015060305296107424	0.002600056023494263	834143
2020-12-09	0.01829035816567729	0.0030818633217791513	0.05280893538698354	-0.004863665971645875	0.023134803536679207	1112769
2020-12-10	-0.0034338299052563775	-0.007344873162254938	0.024397214125865554	-0.024383614946661417	0.001307241006113535	749534
2020-12-11	-0.05115556396854064	0.006728124932039434	0.012001210502584738	-0.06256729974497413	-0.046641569853348996	1065595
2020-12-14	-0.004469561862090496	0.008237696562915484	0.014019572879392912	-0.017640465919766913	0.00026655624271882647	676876
2020-12-15	0.014703379937482632	0.014963391003515675	0.054434189542541284	0.009324705497940587	0.019530714985660527	853800
2020-12-16	-0.03063986591942938	0.0018677284705290913	0.004757385403087268	-0.03191862684289442	-0.026028245635904272	1003110
2020-12-17	0.010041628897021301	0.0032668515916278364	0.022471183163850727	-0.0008032670235703568	0.014846779088240215	1072149
2020-12-18	0.02242557411359033	0.00475737836317321	0.04993545442651387	-0.012326249847694391	0.027289648709393866	1091749
2020-12-21	0.03950270282512805	-0.0007382746339449233	0.0649873525469962	-0.005179124649812947	0.044448046521266216	1708695
2020-12-22	-0.030082347121935995	0.014636803413451752	0.021312045541171828	-0.028191571438775074	-0.02546802458892198	964700
2020-12-23	0.011452703854275057	-0.0030608184466787646	0.029588665948806568	-0.0030608184466787646	0.01626458834228907	1208257
2020-12-24	-0.039765900129173255	0.0051383993968755065	0.04939391241242755	-0.04200207049263093	-0.03519772150767459	1934064
2020-12-25	-0.01743412698637199	-0.0021587146629938876	0.019779932634433603	-0.024097446994048	-0.012759630124813003	1692535
2020-12-28	-0.011656605985565578	0.026046885024226342	0.07779926254205463	-0.009608545046041236	-0.006954629485397717	2151575
2020-12-29	0.004764203557533639	-0.0013719154049557651	0.044919739452123325	-0.054318448093609056	0.009544256037372512	1704749
2020-12-30	-0.0013878421859298692	0.00295634781209796	0.010915828446538212	-0.017378165978493326	0.0033629916090210338	946395
2020-12-31	-0.048870884757531666	0.011913473709022999	0.012320769916721642	-0.0563308859567245	-0.044345950546454876	2249470
2021-01-04	-0.014063038370792102	-1.3720144853123095e-05	0.018765121023330316	-0.02130041172240119	-0.009372528840885257	1831954
2021-01-05	-0.025378150184428044	-0.001136483333602311	-0.001136483333602311	-0.029489360744844907	-0.020741531210123242	2106700
2021-01-06	0.03212110794412667	0.012141554603977055	0.05651028194819888	-0.0005897857055069329	0.03703135037169879	2052596
2021-01-07	0.013872683193391152	0.010801607742598397	0.02560371774671531	-0.02583371844099773	0.018696079980095464	3329491
2021-01-08	0.009929153014078568	-0.0023598994084352426	0.026109299904295336	-0.026631783491123308	0.014733799904870264	1595181
2021-01-11	0.015466674736368776	0.006082556040238299	0.029995318882093423	-0.013011497181197904	0.02029769611369868	1667869
2021-01-12	0.07615566739905595	-0.0009962396363887784	0.08441917011958246	-0.00935984440928494	0.08127532743265076	1892368
2021-01-13	0.004992011106623103	0.0024975626544423844	0.029505655391306913	-0.025061749394577032	0.009773176940484149	1391977
2021-01-14	0.01965069706555167	-0.012792914968316211	0.029931175486946186	-0.032701618605540925	0.02450159136410995	1321423
2021-01-15	-0.03672374282111471	0.00013164580922816286	0.0034127111932937505	-0.034507752545057724	-0.03214107555416824	906127
2021-01-18	0.001945004549243683	0.001853753327421211	0.020001254913694325	-0.013892649532048704	0.006711671986667362	795599
2021-01-19	0.017860139144612503	-0.002097356644701926	0.050957693408146904	-0.002097356644701926	0.022702508310189575	1325398
2021-01-20	-0.019290504922391507	0.002512621775850297	0.007659256406791916	-0.029900745559468787	-0.014624840899719094	1456203
2021-01-21	0.005445336413941852	-0.0012163220419021282	0.01536494470939371	-0.02522279478563889	0.010228672954381316	1203900
2021-01-22	0.019618745661135764	0.003369260727733263	0.02713472560787624	-0.017175638642601687	0.02446946141491519	1074575
2021-01-25	0.04634149076337433	-0.006134297047964534	0.11639709098721793	-0.008857216782079699	0.05131932567938389	2488114
2021-01-26	-0.02108265626367115	0.0030398268900663087	0.019902918631969996	-0.034017243031068276	-0.01642558380058629	1429714
2021-01-27	0.02074287554940863	-0.0004530127715255539	0.028735912534959857	-0.00470642015675824	0.0255989778675042	888603
2021-01-28	-0.055469158626267494	-0.010451962038419685	-0.006545440067173906	-0.05201733497769093	-0.050975611411446624	1055001
2021-01-29	-0.015148113822101008	0.014683708529545906	0.02295558658821068	-0.014819356300537406	-0.01046278973962431	981027
2021-02-01	0.00022291234525533623	-0.0003380865233399266	0.012932477246898519	-0.031190784533755716	0.004981332196967593	1042475
2021-02-02	-0.002395804453836243	0.013266581794114196	0.03565921343597307	-0.009965739945366885	0.002350190663181745	849086
2021-02-03	-0.050544582145368874	0.004757392900116736	0.005037989845525268	-0.046027623953629075	-0.046027623953629075	973900
2021-02-04	0.006470655515797973	-0.0067677209125267665	0.016578095526992596	-0.01297359329646649	0.011258827000796593	656541
2021-02-05	-0.013500932184040443	0.010042458720284043	0.013448427593206658	-0.019319240661119563	-0.008807793388956148	455900
2021-02-08	-0.004739569099853006	0.010829158565999782	0.017912891764982855	-0.026672913199252097	-4.7264493337714525e-06	384602
2021-02-09	0.03369244083518372	0.0018266439773367523	0.05272538864070343	-0.0011041026774818228	0.03861009382510242	674262
2021-02-10	0.024704846510534322	0.006782537731822771	0.038490378419410345	-0.000970821885593926	0.029579809066469034	620263
2021-02-18	0.022985268683082715	0.01079926194090864	0.04179916785148025	-0.0003245670253013616	0.0278520405539609	575416
2021-02-19	-0.008679839044075419	0.0017767972912406664	0.019605520410971244	-0.02786423676582459	-0.003963771636493227	421598
2021-02-22	-0.06095873865414833	-0.002369757441045536	0.0022517478657995576	-0.06011056640832104	-0.056491357393863954	802545
2021-02-23	-0.028503974335845447	-0.05115795993036959	-0.0038996683470435985	-0.05115795993036959	-0.02388221480076736	743115
2021-02-24	-0.09051149646437337	0.0009732267371717064	0.0009732267371717064	-0.09363095018006098	-0.08618467982888676	2076652
2021-02-25	0.03907301049056805	0.0063680762344317686	0.053747079084910894	-0.007053743307553606	0.04401628004970084	1372431
2021-02-26	-0.01047760978969627	-0.005382591695894042	0.0010759629034832693	-0.03631902301702923	-0.0057700920547475295	738715
2021-03-01	0.007210547072493534	0.011284304877581317	0.018463881613398146	-0.014431857071263068	0.012002274952351615	444057
2021-03-02	0.011802643198229492	0.02050430241916102	0.05919119510835495	0.005859047913656743	0.01661623147386608	1070001
2021-03-03	0.0049719480032662895	0.018911599229990087	0.018911599229990087	-0.0008786631695028745	0.009753038212701992	426030
2021-03-04	-0.01883797785197559	-0.004674581915190037	0.006159489223801557	-0.021754011245100176	-0.014170202234609615	505015
2021-03-05	-0.010149394087909736	-0.006284588873563906	0.017423203595094538	-0.02486113624880971	-0.005440265309470175	441281
2021-03-08	-0.07183912064195237	0.004757413644355321	0.004757413644355321	-0.06807956789182884	-0.06742343739399476	963224
2021-03-09	-0.029904282143934435	0.004616136720600955	0.004616136720600955	-0.052649144008054996	-0.025289121053319652	1045598
2021-03-10	-0.03118864243791488	0.00614211656303073	0.027568017459969292	-0.04458033152900648	-0.02657966464465089	817523
2021-03-11	0.014000029607881543	0.004757353180563461	0.02062935915124546	-0.017508781715712914	0.018824068222817493	906656
2021-03-12	0.026875421192841403	0.0022351846611939853	0.04585570724988999	-0.009486010941381066	0.031760660966582255	848024
2021-03-15	-0.03372165264699743	-0.0030448887419046887	0.01942273004771704	-0.035771016691499354	-0.02912466373173691	685381
2021-03-16	0.004836592268039002	0.023747504152726848	0.04572822323232264	0.004832143792203799	0.009617051499825304	598012
2021-03-17	-0.005479745330580343	-0.0028317212211026576	0.020754470056675096	-0.006626414412514167	-0.0007484044582571936	538078
2021-03-18	0.023380532341561674	0.004832187261519813	0.04351121693790828	0.000642595841809689	0.028249124289970153	719041
2021-03-19	-0.02139120644030742	-0.011983778315438622	0.022960481849574672	-0.016735569987716664	-0.016735569987716664	802779
2021-03-22	0.07026024240172013	0.023358525402795854	0.07834005321807781	0.01603754174066673	0.07535185987953565	904279
2021-03-23	-0.01583887117284186	0.0012674112257413772	0.024301120043784673	-0.018066954700839636	-0.011156813437814469	472046
2021-03-24	-0.054492802927608046	-0.0063064610001671954	0.01135324824911955	-0.06127130913580245	-0.04999467833886481	777064
2021-03-25	0.023516243559041958	-0.005894021611022487	0.05013836885682651	-0.012869888268652934	0.028385547650722393	580380
2021-03-26	0.0079504011301475	-0.001985022431263577	0.039055439822797466	-0.0033041274326680464	0.012745622231406916	958376
2021-03-29	-0.03032060987224476	0.01719047615931548	0.01762682108185884	-0.02956097431873859	-0.025707436375241862	740788
2021-03-30	0.04388070338178249	0.0061070430765900385	0.054845276204965855	0.00108327096589078	0.048846814413596264	729482
2021-03-31	0.023877517525663437	0.014813504636555057	0.04153425264605558	-0.019521203543540783	0.028748529003464335	980453
2021-04-01	0.03204860438550454	-0.0019072711758305726	0.0742808762085135	-0.0019072711758305726	0.03695845999494758	1071550
2021-04-02	0.06271563010837491	0.006660710222432169	0.08150266299118013	0.005437191555078142	0.06777142714664573	1653005
2021-04-06	0.04087089389758456	0.01780618458382675	0.05221922212880608	-0.0003597630269264716	0.045822752693372604	958234
2021-04-07	0.02746183312183753	-0.01122041185283137	0.04224381812243787	-0.035187065705512194	0.0323498704216285	1046940
2021-04-08	0.006666991836667978	0.0008696513185729539	0.03819146785217557	-0.01031489086115491	0.011456147849755662	827286
2021-04-09	-0.022411414272582055	-0.001837569503000673	0.02662190106213994	-0.025603341657691132	-0.017760595256541986	901548
2021-04-12	-0.034660118961160793	-0.00028702318443656614	0.01831057920258797	-0.036692187921893445	-0.03006757175827262	734071
2021-04-13	-0.026442724596771792	0.01993050609058743	0.03195563785821109	-0.027288498821013838	-0.02181112573060477	716890
2021-04-14	0.04138516116646737	0.004046041830631368	0.07020217592291811	0.004046041830631368	0.04633941654019943	810841
2021-04-15	-0.020519225438891307	0.0053783021656215076	0.011464045413293598	-0.04367965243095859	-0.015859448977530565	627028
2021-04-16	-0.026564846598813138	0.0007632808890282938	0.004630664980895676	-0.026815598496297582	-0.02193380122010568	420222
2021-04-19	0.007065534534486275	0.004106088599933471	0.02787852362548602	-0.0020812227072358213	0.011856554146104169	516287
2021-04-20	0.03630278509101954	-0.0020979031833205713	0.05740109952899406	-0.005913575471502361	0.04123288699796969	893316
2021-04-21	-0.021366515489995283	-0.006475936004218136	-0.005102969347672706	-0.02501090785846718	-0.01671072559048306	379096
2021-04-22	0.021515602899269945	0.012473627587951138	0.04263673200279072	0.0034183243820154127	0.026375406042440163	479419
2021-04-23	0.018204482245826322	-0.00048637252978239883	0.030040269205831138	-0.001173072285254654	0.023048511925169483	610200
2021-04-26	0.006712199972962024	-0.003029041890743913	0.023825006184702315	-0.0067077120402589474	0.011501529238544346	457532
2021-04-27	-0.00024244995109184956	-0.004195169786738465	0.011456628039332641	-0.016010040314719122	0.004513826124115576	292291
2021-04-28	0.024372567705338417	0.003112658556388639	0.03558118677201949	-0.025335353626334593	0.029245909212168887	650894
2021-04-29	-0.043708407618734235	0.010287791144438856	0.010347228583557872	-0.054352995852687935	-0.043708407618734235	717018
2021-04-30	-0.030595106406257268	-0.005347932409028517	0.0039798458302324514	-0.04390273047575069	-0.030595106406257268	539883
2021-05-06	-0.03476809310903898	-0.005709147512407059	-0.005709147512407059	-0.07607928716453444	-0.03476809310903898	801841
2021-05-07	-0.08539912218117157	-0.004452701505597734	0.002193141475422782	-0.09084866025886444	-0.08539912218117157	1250748
2021-05-10	0.04461560981745433	0.00704840165122826	0.07179192965382691	0.00704840165122826	0.04461560981745433	1228523
2021-05-11	-0.005217028562083631	-0.002434550724629735	0.015512034484976109	-0.022607123769029066	-0.005217028562083631	653100
2021-05-12	0.05188447143152471	0.00013987833507721003	0.060205582134311555	0.00013987833507721003	0.05188447143152471	675804
2021-05-13	-0.006248674092539508	0.00398860618174733	0.0040550424010191485	-0.03942028369302654	-0.006248674092539508	694750
2021-05-14	-0.03023616194273323	-0.006756364748265254	-0.0032778445622501417	-0.04455149359316691	-0.03023616194273323	900061
2021-05-17	0.017796799215032133	-0.006691046377243223	0.031247837268070403	-0.013657970520397526	0.017796799215032133	529808
2021-05-18	-0.012199274574057473	0.000745516758816892	0.005964012077993602	-0.017282297174877073	-0.012199274574057473	306100
2021-05-19	0.0334820240137222	0.0017152658662092624	0.04631217838765009	-0.009125228130360256	0.0334820240137222	699511
2021-05-20	-0.0005311159619227752	0.0024563167212268812	0.014538949261802072	-0.012148987182201894	-0.0005311159619227752	312900
2021-05-21	0.0015940883109780205	6.63899023635591e-05	0.029026867571699675	-0.008302889240061988	0.0015940883109780205	388339
2021-05-24	-0.0017242125609754889	0.0	0.005968625517477031	-0.028251171813503603	-0.0017242125609754889	380151
2021-05-25	0.006776084546443132	0.0	0.013087099004099484	-0.008038211705561758	0.006776084546443132	576844
2021-05-26	-0.0019136126312052945	0.0029033453730779053	0.05569120312059639	-0.004420969889390187	-0.0019136126312052945	780617
2021-05-27	0.03893956891906541	0.010313447385741355	0.0577152604031224	0.0015867050636884951	0.03893956891906541	1033585
2021-05-28	0.043907154078542385	-0.005981463798210531	0.05466122384961723	-0.01164484295175976	0.043907154078542385	999222
2021-05-31	-0.027552599313271576	0.0118866014284681	0.011947527974138469	-0.041755598139184474	-0.027552599313271576	712744
2021-06-01	-0.012787525937363086	-0.007334031262671747	0.00018804613670187297	-0.029649570799533446	-0.012787525937363086	630960
2021-06-02	-0.029208240865825155	-6.355323945793642e-05	0.0005714457879407076	-0.03905015432566646	-0.029208240865825155	601480
2021-06-03	-0.003989796611876394	-0.005559591899794435	0.013800778427632871	-0.015305095266564723	-0.003989796611876394	442956
2021-06-04	-0.010835264058545157	0.00045972550866646596	0.009259279020615104	-0.01595740094534671	-0.010835264058545157	590074
2021-06-07	0.0049126334424537624	0.0	0.020513814628101385	-0.0041824668332183295	0.0049126334424537624	364802
2021-06-08	-0.007861544819367886	-0.0021139724553732395	0.014732186520849254	-0.015656966890961375	-0.007861544819367886	384650
2021-06-09	-0.019842829530562038	0.00046615397032282406	0.014649168348276693	-0.032494275053002515	-0.019842829530562038	603880
2021-06-10	0.0030570448992604	-0.001358675299429498	0.009375034158458653	-0.01304346493974448	0.0030570448992604	815556
2021-06-11	0.04917040497814036	-6.76938733909026e-05	0.051066768075859185	-0.004402262285225643	0.04917040497814036	863334
2021-06-15	0.021431746912872158	-0.002453069460897973	0.032857761723381104	-0.018785126362787948	0.021431746912872158	890207
2021-06-16	0.004550344550346802	0.0034759717746564553	0.021045326955579317	-0.013966959842430886	0.004550344550346802	676802
2021-06-17	0.0629128668684404	-0.0021390123083801322	0.08084307167366608	-0.014595734783184582	0.0629128668684404	1308260
2021-06-18	0.0	-0.004675898277760903	0.02083459048537302	-0.027167777931360278	0.0	902155
2021-06-21	-0.023498082690110948	-0.006806712165848647	-0.00112460493266533	-0.03326425036870518	-0.023498082690110948	734597
2021-06-22	-0.005030925082577935	0.00606134091553742	0.012001521687514106	-0.01133467720535033	-0.005030925082577935	518520
2021-06-23	-0.015656363654816735	0.0022540969450172976	0.02071281830202206	-0.025525355791362395	-0.015656363654816735	692540
2021-06-24	0.011140011002104107	-0.003589565495858871	0.04220814404990529	-0.006869668190745604	0.011140011002104107	774646
2021-06-25	0.040886233293970065	0.01707671021310093	0.05875866511327373	0.01218013183436968	0.040886233293970065	1123189
2021-06-28	-0.0003528048965401453	0.016347160018195497	0.05127602671146683	-0.0032341703308734824	-0.0003528048965401453	1077544
2021-06-29	-0.0547646941176471	-0.0058823529411764705	0.009294129411764749	-0.061058852941176536	-0.0547646941176471	1227399
2021-06-30	0.042193035755889806	0.0	0.0569418998451442	0.0	0.042193035755889806	796418
2021-07-01	-0.021615781802019507	-0.00280647875555931	0.03899205207504599	-0.03266257220599167	-0.021615781802019507	1068629
2021-07-02	-0.05102228070714877	-0.009887152521678929	-0.008361366797874928	-0.06133660440634957	-0.05102228070714877	1229604
2021-07-05	-0.04148184315769999	-0.007138722517887791	-0.007138722517887791	-0.058717626255140876	-0.04148184315769999	1813606
2021-07-06	-0.0010064010134516097	0.0	0.026234595971834127	-0.013486272775120205	-0.0010064010134516097	761906
2021-07-07	0.0007388071780429733	-0.03217135490745743	0.0070522063741836945	-0.03217135490745743	0.0007388071780429733	977349
2021-07-08	-0.03993286577181206	0.0	0.014295335570469874	-0.05221475838926177	-0.03993286577181206	1586899
2021-07-09	0.008947913129369201	0.012932477883275463	0.03068856279576582	-0.008039209897814622	0.008947913129369201	889516
2021-07-12	-0.030069957319061154	-0.00831425887460319	0.0	-0.03789926504677798	-0.030069957319061154	1541057
2021-07-13	-0.04214593034695572	-0.007071969173799204	0.020787119766157564	-0.044146058856130405	-0.04214593034695572	1750550
2021-07-14	0.02326803708756898	-0.002162674387729937	0.02610187265573488	-0.03050187278699011	0.02326803708756898	1706496
2021-07-15	-0.027184686318104997	-0.006486407365316922	0.00867274206902418	-0.0358575449966997	-0.027184686318104997	1168875
2021-07-16	-0.0418039718850456	-0.003521134357840379	-0.0011237189428743497	-0.05970927658703256	-0.0418039718850456	2169051
2021-07-19	-0.06927287616461489	-0.0007818529979381614	-0.0007818529979381614	-0.08788114014259359	-0.06927287616461489	2910947
2021-07-20	0.038306426089495714	-0.008652545290217225	0.054939524068048265	-0.01234879861938182	0.038306426089495714	1687972
2021-07-21	-0.0016180906410694176	0.012783187909113133	0.02839808298378773	-0.009627783327310398	-0.0016180906410694176	992453
2021-07-22	-0.016207455166815963	0.004943273825878863	0.0057536384804920526	-0.025445704611901064	-0.016207455166815963	814081
2021-07-23	0.01235584823136988	0.001317924195750775	0.023311375233749963	-0.0070016390938774185	0.01235584823136988	1265713
2021-07-26	-0.04979660618719922	-0.009764076326052496	-0.007160333488033605	-0.06110661413984352	-0.04979660618719922	1248729
2021-07-27	-0.03322484186697076	0.0009419421214415273	0.032454196201868346	-0.03879088061989111	-0.03322484186697076	1158212
2021-07-28	-0.030292284671527323	-0.015677634797561808	0.01798049569565115	-0.07883084005614101	-0.030292284671527323	1272990
2021-07-29	0.056265946576563454	0.013883786612610922	0.0668615253874263	0.004749698444929743	0.056265946576563454	1235432
2021-07-30	-0.028277378314401455	8.650121140175331e-05	0.010895909814042782	-0.04877204296758947	-0.028277378314401455	1023167
2021-08-02	0.026252531113663817	-0.004004671958583023	0.03853336196849616	-0.01824332958325189	0.026252531113663817	988551
2021-08-03	0.014394753728754798	-0.011533142559833448	0.019337521678806893	-0.021852211238293354	0.014394753728754798	914638
2021-08-04	-0.014617934314807573	-0.0059839629171491195	0.012566199028050973	-0.030774541867638637	-0.014617934314807573	962742
2021-08-05	-0.02680660258887659	0.0	0.0	-0.03574212810988451	-0.02680660258887659	916221
2021-08-06	-0.031289017650205024	-8.916027812444345e-05	-8.916027812444345e-05	-0.04145124799429491	-0.031289017650205024	948485
2021-08-09	0.041685829422762936	0.01325115511642864	0.05226833628910155	-0.022729373750425674	0.041685829422762936	1225351
2021-08-10	0.06431100877149316	-0.001678401104551232	0.08356896864582077	-0.009098931336544025	0.06431100877149316	1889054
2021-08-11	0.06623509131220717	0.0	0.07652717272923706	-0.008134154843937019	0.06623509131220717	2121230
2021-08-12	-0.04421615826317048	0.0024909853850468293	0.010041981392699207	-0.0471742540073191	-0.04421615826317048	1228649
2021-08-13	-0.08600747748825122	-0.007167266714182031	0.006922935387872086	-0.09447792062614364	-0.08600747748825122	2331488
2021-08-16	0.07823916344466976	-0.0036535643944612265	0.12475494453078824	-0.0036535643944612265	0.07823916344466976	2056017
2021-08-17	-0.033140512396694216	-0.008099198347107409	-0.0006611735537189525	-0.04132231404958678	-0.033140512396694216	991496
2021-08-18	-0.0178647408815239	-0.008376750292789985	0.004872211383403846	-0.04094367964687036	-0.0178647408815239	793458
2021-08-19	0.08633592539014918	0.008442132141999409	0.08790250499734542	0.00835508253515954	0.08633592539014918	1761802
2021-08-20	-0.05640122576510167	-0.01257811248197399	-0.01257811248197399	-0.06072746354750836	-0.05640122576510167	2395087
2021-08-23	0.0007641704938373561	-0.010443165311964384	0.02283920888808967	-0.039650178635168835	0.0007641704938373561	1169107
2021-08-24	0.05200642100602987	0.0036480867825209678	0.08170015063120006	-0.006702307456461198	0.05200642100602987	1855398
2021-08-25	-0.010080645161290322	-0.00951612903225812	0.04419351612903226	-0.0312902983870968	-0.010080645161290322	2406401
2021-08-26	0.018248456211812626	0.010427690427698604	0.047331959266802504	-0.018329938900203666	0.018248456211812626	1655463
2021-08-27	-0.01760138439237351	-0.003200272072970196	0.02088167086777615	-0.027922218224213428	-0.01760138439237351	1599835
2021-08-30	-0.06743219262617323	0.0057822216321994835	0.009691359152281403	-0.07248148813029165	-0.06743219262617323	2093890
2021-08-31	-0.08374817773560071	-8.734608178593924e-05	0.013011946327622979	-0.08916250826718172	-0.08374817773560071	2786260
2021-09-01	0.07272212300270914	0.004289029818700437	0.0955966373541104	0.004289029818700437	0.07272212300270914	2525215
2021-09-02	-0.03003114091431874	0.0033762504653154298	0.012794268872653837	-0.0432696834312834	-0.03003114091431874	1541671
2021-09-03	0.02647247460790451	-0.001465567490438231	0.043876532818109874	-0.018686461824429124	0.02647247460790451	1711045
2021-09-06	0.009905407994028463	0.00017851151487616602	0.02043548135704952	-0.02552205114263876	0.009905407994028463	1255089
2021-09-07	-0.01042679173679942	0.0001767606287313015	0.013342776589958055	-0.014844923828663554	-0.01042679173679942	1145500
2021-09-08	-0.0019644700770509553	0.0	0.0191981519635352	-0.021341191558910472	-0.0019644700770509553	1413705
2021-09-09	-0.02451461101855447	0.0	0.0	-0.026572372548242976	-0.02451461101855447	1081776
2021-09-10	-0.009722076581877317	0.005961671154376541	0.013482537040103947	-0.011281262141440538	-0.009722076581877317	1074383
2021-09-13	-0.030934555608645345	0.00037048253801538566	0.002130184290727198	-0.03565803430899292	-0.030934555608645345	1760685
2021-09-14	-0.01720343163156174	0.0061167926823127074	0.02647429111557747	-0.017490146731056477	-0.01720343163156174	1685000
2021-09-15	-0.029466098814235068	0.00651558870921744	0.010599980344258027	-0.038412962395935675	-0.029466098814235068	1711621
2021-09-16	-0.028256512176658023	0.000701402784526902	0.005911783389425342	-0.028256512176658023	-0.028256512176658023	1845717
2021-09-17	0.022994389884685815	-0.0009280676141038407	0.029696823168792855	-0.004433903760551468	0.022994389884685815	1024515
2021-09-22	-0.035681897345851095	-0.00020156234453736247	-0.00020156234453736247	-0.03860499988514256	-0.035681897345851095	1117866
2021-09-23	0.04766389772475996	0.0010452493163007784	0.06564230303422802	0.0010452493163007784	0.04766389772475996	1438941
2021-09-24	0.05158135134446723	0.0	0.07353082689222311	-0.02524200263667557	0.05158135134446723	2583303
2021-09-27	0.015654658146970462	0.015180246391266666	0.040417475513899896	-9.490512153877892e-05	0.015654658146970462	1982492
2021-09-28	-0.01933675798215538	-0.0004670994731312973	0.01728163426581125	-0.023820671915347855	-0.01933675798215538	983529
2021-09-29	-0.041626994428643704	-0.017908220101689243	0.0006667936559309051	-0.0417222792420762	-0.041626994428643704	1186398
2021-09-30	0.06420831861436913	0.015207215831356629	0.07225917828984026	0.0038763442612430063	0.06420831861436913	1598784
2021-10-08	0.005697207434388845	0.00756511627906986	0.03558416923507995	0.0028019333146540003	0.005697207434388845	1205489
2021-10-11	0.001578733283803794	-0.005943527117384872	0.015323198365527362	-0.012815722511144158	0.001578733283803794	780968
2021-10-12	0.008530357135472587	-0.0012053500455327132	0.01984237403509271	-0.0228094487308196	0.008530357135472587	1146448
2021-10-13	-0.0025742300976619834	-0.005148460195323967	0.007446952490032611	-0.016272842225048545	-0.0025742300976619834	672300
2021-10-14	-0.010046972256373342	-0.003133892582429574	0.0035947922130112222	-0.023873131604260876	-0.010046972256373342	803899
2021-10-15	-0.02793296037368789	0.009310986791229296	0.009310986791229296	-0.03463688948534651	-0.02793296037368789	902539
2021-10-18	-0.005747116748139496	0.0064176052410419735	0.0064176052410419735	-0.018869750596364872	-0.005747116748139496	557643
2021-10-19	0.006551059540913429	0.003082851548665111	0.016377619950550447	-0.00568404607849585	0.006551059540913429	384663
2021-10-20	-0.023449501623769985	-0.006029909857487246	0.008996889098481462	-0.02852223310139067	-0.023449501623769985	508878
2021-10-21	0.02724687863615474	0.007840860608064786	0.0386161132864462	-0.0022541997672664866	0.02724687863615474	744897
2021-10-22	-0.002194408972319605	-0.00896856233123863	0.0037210095166684684	-0.026714970455394848	-0.002194408972319605	547299
2021-10-25	0.04341175093876938	0.006406559449100095	0.05182633291592409	-0.02467012765977948	0.04341175093876938	1492659
2021-10-26	-0.02080283117294267	-0.006964827521128277	0.007881231454878162	-0.02914223710202785	-0.02080283117294267	1296089
2021-10-27	-0.055404755365554545	-0.018530603996829296	-0.013008881853231322	-0.05868035673711483	-0.055404755365554545	1814231
2021-10-28	-0.0793619538293867	-0.009214306945407775	-0.009214306945407775	-0.0993757851976618	-0.0793619538293867	3530475
2021-10-29	0.0024752906258133354	-0.0027980413860965218	0.025828691903329423	-0.020124785194248526	0.0024752906258133354	2459560
2021-11-01	0.024584003766312385	0.012882404446969295	0.04616204946511966	-0.002898604339267729	0.024584003766312385	2289862
2021-11-02	-0.038139133735558835	0.00020952430407523862	0.019279096410748153	-0.043482825995749694	-0.038139133735558835	1862468
2021-11-03	-0.006753845095190214	0.015032646567560603	0.017429182436954786	-0.01361655728921926	-0.006753845095190214	998159
2021-11-04	-0.00756747093660898	0.0	0.016670289537179087	-0.01294143452511523	-0.00756747093660898	1132511
2021-11-05	0.021107349344841413	0.00430985753806739	0.03878883940300231	0.0001105315528905202	0.021107349344841413	2120024
2021-11-08	-0.026190464801072236	0.0010822294138045513	0.0024891233227462744	-0.030844144354022815	-0.026190464801072236	1276139
2021-11-09	0.0068903642957202724	0.00022223826776271164	0.01033564090901402	-0.006445887760194849	0.0068903642957202724	825845
2021-11-10	-0.009161159142630397	-0.0011037307086916202	0.008609260675701159	-0.024503322836717904	-0.009161159142630397	1132730
2021-11-11	0.032193462143036464	-0.0007797705507331964	0.037428986435189465	-0.007352077777166536	0.032193462143036464	1588462
2021-11-12	-0.029246782678748907	-0.0008633930125883381	-0.0008633930125883381	-0.03895964649429539	-0.029246782678748907	2373774
2021-11-15	0.02056704904614958	-0.00044461368909212424	0.027904414493754793	-0.004669238621542062	0.02056704904614958	1907661
2021-11-16	0.028322428268330195	0.0120915137660725	0.043137242599000744	-0.0030501741922601047	0.028322428268330195	2884621
2021-11-17	0.0027542584162233395	-0.0043432626198461385	0.014724565366005004	-0.014724575959225092	0.0027542584162233395	1961656
2021-11-18	-0.030002153813557916	0.0035917598313222054	0.0035917598313222054	-0.03338267342562124	-0.030002153813557916	1409438
2021-11-19	0.09812679154868222	-0.0034850795033760967	0.1330864844260511	-0.008385939882378452	0.09812679154868222	4844860
2021-11-22	-0.0022811067682017294	0.009620162459185616	0.04086080450538921	-0.023108221301036902	-0.0022811067682017294	3373065
2021-11-23	0.06749504110328117	-0.008846908724590662	0.08230615471781623	-0.009343876925325572	0.06749504110328117	5009561
2021-11-24	0.20001858832310804	0.018251224678752405	0.20001858832310804	0.017785678534180827	0.20001858832310804	11923433
2021-11-25	-0.0967641303935799	-0.011794809179592112	-0.0067509508322708385	-0.09909208889159955	-0.0967641303935799	7271052
2021-11-26	-0.009707946568591959	-8.59364246402465e-05	0.03865979315017538	-0.012886597716725125	-0.009707946568591959	4049053
2021-11-29	-0.01717702829470881	-0.02073392957579413	-0.0058124318334111195	-0.058297858722074915	-0.01717702829470881	5203306
2021-11-30	-0.013152069792990821	-0.003972151081541649	0.010327460408443217	-0.026568999677208934	-0.013152069792990821	3079582
2021-12-01	-0.0249552855557616	0.006440017716278592	0.022540223008759575	-0.02906976666181306	-0.0249552855557616	2544797
2021-12-02	-0.022933675388795975	-9.175304849549554e-05	0.01394364711597752	-0.03660219178786912	-0.022933675388795975	2691553
2021-12-03	0.004600488130682787	0.004318833831211423	0.01342596914043816	-0.016899849462025208	0.004600488130682787	2133943
2021-12-06	0.015327093457943954	0.0045794205607476626	0.04570092523364489	-0.017757028037383184	0.015327093457943954	3008343
2021-12-07	-0.009664976156710052	-0.0033136966431673055	0.007916062296723666	-0.040132548233915204	-0.009664976156710052	2311887
2021-12-08	0.013198308883662389	0.0039037644354964077	0.03169443374642379	-0.0036248630402403127	0.013198308883662389	2684244
2021-12-09	0.01642052075184811	0.0005503898623907292	0.03522608870330999	-0.009265223204013885	0.01642052075184811	2535684
2021-12-10	0.06191336474963811	0.0018050270269396671	0.0722021641100497	-0.007220243486816546	0.06191336474963811	4687030
2021-12-13	-0.028981845011665994	0.00016994730001884174	0.0016997874655859794	-0.05660380565684836	-0.028981845011665994	3591907
2021-12-14	-0.0337855667396061	-0.01724289715536102	-0.006564551422319475	-0.0437636761487965	-0.0337855667396061	1691399
2021-12-15	0.005525871958745075	0.005525871958745075	0.005525871958745075	-0.03070929459832682	0.005525871958745075	1840942
2021-12-16	-0.03288290090090091	-0.007297279279279217	0.008738747747747714	-0.03351352252252249	-0.03288290090090091	1315900
2021-12-17	-0.012855119009876488	0.0	0.0	-0.021890992489818205	-0.012855119009876488	940170
2021-12-20	0.012456355454785807	-0.00632252518332988	0.0251014058214457	-0.00632252518332988	0.012456355454785807	1404812
2021-12-21	0.051169707790383934	-9.322397154232542e-05	0.05955819685377767	-0.005499151780229804	0.051169707790383934	2099189
2021-12-22	0.0019507093629252145	0.0028373736729683397	0.012590867286671926	-0.018531628112534358	0.0019507093629252145	1640155
2021-12-23	0.02194692920353979	0.02185841592920351	0.02221240707964602	0.001327451327433634	0.02194692920353979	1642270
2021-12-24	-0.031174280450962523	0.011343938049603335	0.017059178635456043	-0.041305887392469154	-0.031174280450962523	1845793
2021-12-27	-0.03691452548036807	-0.0005362620808794788	0.009742617350981813	-0.041294200249218836	-0.03691452548036807	2026188
2021-12-28	-0.000464064965197251	0.010208798143851502	0.030162412993039442	-0.021438496519721514	-0.000464064965197251	1936916
2021-12-29	0.007428068916287935	-0.002971216424453505	0.021355645905914034	-0.010399211060330885	0.007428068916287935	2459528
2021-12-30	-0.022119834101382494	0.0009216405529953859	0.005069152073732754	-0.0295852442396313	-0.022119834101382494	2152206
2021-12-31	-0.033930236266356946	9.42789838695147e-05	0.00801130081076907	-0.04995282846282425	-0.033930236266356946	2639918
