2019-01-30	0.09975266556629692	0.10622991537589928	0.10622991537589928	0.10622991537589928	0.10622991537589928	52131
2019-01-31	0.09970026144838612	0.10617709043152289	0.10617709043152289	0.10617709043152289	0.10617709043152289	144864
2019-02-01	0.10020436632895888	0.10668422916593102	0.10668422916593102	0.10668422916593102	0.10668422916593102	216435
2019-02-11	0.09975222953531644	0.10622943659703633	0.10622943659703633	0.10622943659703633	0.10622943659703633	129382
2019-02-12	0.10028176245475602	0.10676207223478071	0.10676207223478071	0.10676207223478071	0.10676207223478071	175669
2019-02-13	0.09984636619666952	0.10632407909722731	0.10632407909722731	0.10632407909722731	0.10632407909722731	968004
2019-02-14	0.1000930916219835	0.10657222917556727	0.10657222917556727	0.10657222917556727	0.10657222917556727	497534
2019-02-15	0.09987296758566304	0.10635093110988154	0.10635093110988154	0.10635093110988154	0.10635093110988154	416289
2019-02-18	0.10003854040019318	0.1065174146644404	0.1065174146644404	0.1065174146644404	0.1065174146644404	386812
2019-02-19	0.10003504253657301	0.10651386572656975	0.10651386572656975	0.10651386572656975	0.10651386572656975	607835
2019-02-20	0.10015894015503682	0.10663843651042211	0.10663843651042211	0.10663843651042211	0.10663843651042211	420632
2019-02-21	0.08063580715420703	0.10647865329166785	0.10647865329166785	0.03234507969218977	0.0870003849999061	49403889
2019-02-22	-0.002674418285573249	-0.009444817225351008	0.0169197424857835	-0.02451034909564341	0.0031994501961390555	28937978
2019-02-25	0.059265104994075835	-0.011104519373733095	0.10650552687641776	-0.011104519373733095	0.06550385937636514	41628062
2019-02-26	-0.041012593255206516	-0.006079138970639728	0.09476456311192631	-0.04427748203347302	-0.03536448438768775	33723125
2019-02-27	0.10005274547457889	-0.004201129384625172	0.1065316519185314	-0.01482303711379562	0.1065316519185314	27249306
2019-02-28	-0.06887457238825834	-0.0585625737489492	-0.028871085690262286	-0.08752990331147965	-0.06339048212555527	26774046
2019-03-01	0.06030944332167629	0.04218478739495683	0.09870127445974584	0.022222516038821673	0.06655422996740074	28050195
2019-03-04	0.03208548252382926	-0.002423548477326744	0.09757860315820974	-0.012203636655263066	0.038164121868636776	29386256
2019-03-05	-0.011304721844256772	-0.013536370801168547	0.0025730497182419308	-0.024670830535115307	-0.005481648696318695	19892206
2019-03-06	0.009051976556397435	0.0006181501023142114	0.05908346152555935	0.0003785863871836217	0.014994920233285785	24569929
2019-03-07	0.0434372150231749	-0.01263239196772934	0.08900137839645936	-0.032104382085884973	0.04958266385831273	28662989
2019-03-08	-0.10000005916997633	-0.030977803885391914	-0.025971181854734782	-0.09469938511470925	-0.09469938511470925	23042921
2019-03-11	0.022121657980269206	-0.011052143140476074	0.03142886828992507	-0.013833663222830495	0.028141621881018174	14420455
2019-03-12	0.013280885562905374	0.014300950711702787	0.044977419186932294	-0.010438096866631427	0.019248784966417215	15087786
2019-03-13	-0.03907771442436241	-0.0041203877060069964	0.03738479236936002	-0.035615500827942445	-0.03341816905767691	13216954
2019-03-14	-0.058600633890906396	-0.010625310227664986	0.031297372602887875	-0.07262000246352786	-0.05305609566618302	13579599
2019-03-15	0.10008049006664375	0.02181336673811881	0.10655961251197206	0.012367045175728055	0.10655961251197206	18371417
2019-03-18	0.043902423107278064	0.05299470899574744	0.0763019334401817	0.015457874726352063	0.05005066617252129	19507666
2019-03-19	0.04906548969424882	0.014115476184069109	0.1017782696191911	-0.014557127566343638	0.05524414364791119	20815017
2019-03-20	-0.05345221320809708	-0.021889950566685603	-0.004415721055738753	-0.061767067146650034	-0.0478772995667461	15179993
2019-03-21	-0.018352848698657862	-0.0064176238318898555	0.012043363930053445	-0.017304900940925693	-0.012571278529872847	10954112
2019-03-22	-0.005273253464442406	0.00034427368511441797	0.028312441955502463	-0.0037545578168704094	0.00058533036301737	8430781
2019-03-25	-0.03469878125683896	-0.03580026677162827	-0.0038057289220491323	-0.04525320557032102	-0.029013493003649703	9032025
2019-03-26	0.012231527468508096	0.016686794921527855	0.054351159383211306	-0.008171735842335763	0.018193294171266337	7762844
2019-03-27	-0.0078914097486568	0.014571956453581442	0.03193616859297645	-0.018916432738384985	-0.002048219750024032	7513216
2019-03-28	-0.0479741862157562	-0.006612068085653858	0.012140535713383636	-0.04936800474745919	-0.04236705766595701	7797010
2019-03-29	0.10000001313171943	0.010617126467256233	0.10647870448759447	0.00011180345913133466	0.10647870448759447	12268293
2019-04-01	0.01946361940743957	0.009948566637028823	0.026184170691339638	-0.009629609114081712	0.025467918971084497	13659165
2019-04-02	0.0011640918429002025	-0.006991319441720215	0.013149799731939277	-0.023151200014632736	0.007060642685960961	10214284
2019-04-03	-0.012558135160977276	0.005889694697506219	0.049868151253808696	-0.010485277213608883	-0.006742431837990169	12100743
2019-04-04	0.04215739127081062	-0.009508974213309445	0.08927950912204066	-0.010456609481782413	0.04829530836560031	14195305
2019-04-08	-0.07887008929799356	0.002479785028316074	0.01111797869150689	-0.08231043640606661	-0.07344499124932848	13660551
2019-04-09	-0.005152198435278866	-0.023230745338327047	0.01847562160020218	-0.023477578223406893	0.0007071828789089743	6399845
2019-04-10	-0.012083725053593172	0.001176605738026606	0.024246333693096887	-0.01246678176228371	-0.006265241989415352	5460380
2019-04-11	-0.0264603459652665	0.006391868635334462	0.014929024141677462	-0.025748464367364356	-0.020726523996230248	5278940
2019-04-12	0.014102573096712276	0.014658959041410992	0.023944120198347033	0.0007312302020280562	0.020075262212222722	3189536
2019-04-15	-0.00859670686732439	0.01479138484376851	0.022421369440304255	-0.002757714525107512	-0.002757714525107512	3312905
2019-04-16	-0.005355791583461397	0.0005023291309414168	0.006915805599729503	-0.03336082662425968	0.0005023291309414168	4399831
2019-04-17	-0.003589813876366453	-0.00210589449280048	0.020075262212222722	-0.002363789127560409	0.0022788043469289185	3451319
2019-04-18	-0.02727742068749699	0.0043366117072777075	0.0043366117072777075	-0.021548353179120298	-0.021548353179120298	4584481
2019-04-19	0.03703704689290377	0.013340839009447684	0.053523154131768086	-0.003424016778028143	0.04314495315707148	5283871
2019-04-22	-0.01530607505569476	-0.006683906385126328	0.004606769730334757	-0.01951413267388022	-0.009506581829104865	3195587
2019-04-23	-0.0018134940310740857	0.0032837607786878322	0.021525309761255173	-0.001146271241178532	0.004065514273222804	3449911
2019-04-24	-0.03711393662941788	0.006411822475319952	0.014243795190306876	-0.09122704395458713	-0.031442864602649535	5886082
2019-04-25	-0.038005414506410005	-0.010378043450151786	0.01483698174413201	-0.034779734960803214	-0.0323395441193938	3539390
2019-04-26	0.019893675002521153	0.009553669614852748	0.02984623387159088	-0.01355727424567711	0.02590049115265158	3383051
2019-05-06	-0.1173077287637502	-0.06015650868323138	-0.04827371936022998	-0.11210896525629716	-0.11210896525629716	4174815
2019-05-07	0.012138173233042138	0.022482275147663475	0.03250047257715682	-0.004441661750966736	0.018099313772260345	2612693
2019-05-08	0.01168505384695561	-0.016380999573455877	0.028778836972569086	-0.03617707493352074	0.017643650909275294	2585259
2019-05-09	-0.018540962779542914	-0.0032825941975206463	0.018119345176191636	-0.012760490657715335	-0.012760490657715335	1830788
2019-05-10	0.053267167871143314	0.02333455250854508	0.06289729175195098	0.005889672317041549	0.05947056934817825	3502309
2019-05-13	-0.0008820537943678154	-0.0032788870251551213	0.01801595540462845	-0.00919417525663269	0.005002445515809496	1999085
2019-05-14	-0.003825755512559523	-0.01423997011341266	0.02601932918583914	-0.018680241934528857	0.002041322588055373	2198798
2019-05-15	0.029837510633159963	0.016290331198311362	0.044520647066685966	0.010941405158630124	0.03590295105147692	2347792
2019-05-16	0.031268048881044556	-0.0016127129681397286	0.04109298829682284	-0.0016127129681397286	0.037341793117521706	3168150
2019-05-17	-0.017802538423162515	0.01008654007847328	0.024636291879771073	-0.020691665890215136	-0.012017764093576072	2600749
2019-05-20	-0.028603984769959928	0.011017382547077546	0.02155768684249675	-0.043963300726291656	-0.02288269213545325	2087665
2019-05-21	0.020116828087540013	0.008235920629488847	0.03580255034412438	0.0038369563499256465	0.02612495209926413	1414558
2019-05-22	-0.008574037239475762	0.00617706474001959	0.020551022807734156	-0.005322159209984351	-0.0027348180098795685	1395484
2019-05-23	-0.0008646476322401051	-0.00019952514696820265	0.02067800796482592	-0.014117861223808464	0.005019850881846921	1412593
2019-05-24	-0.010963819260040185	-0.003107171470394114	0.01227437789095308	-0.0074603284516828565	-0.005138656336979745	1066578
2019-05-27	0.03879835375634837	0.009411026013136805	0.04550330742013008	0.009411026013136805	0.04491644057866113	1835503
2019-05-28	-0.014041043061987819	0.010409134912104429	0.014646186894730717	-0.01021143143054885	-0.00823411414109267	1600524
2019-05-29	0.0002846916810867788	0.00588962540482325	0.026803849265309675	0.002738134048153883	0.006176064715229437	1518800
2019-05-30	-0.005979401486448434	-0.003848416084566298	0.0027391018779549872	-0.029912187430938143	-0.00012499153643476013	1932136
2019-05-31	0.03752495598908732	0.025771088161946964	0.05314422339428428	0.013093075448320318	0.043635728265962584	3560246
2019-06-03	-0.03395899841265479	-0.005218934732780834	0.00422343160420551	-0.04243296676678634	-0.02826936171797527	2657882
2019-06-04	-0.04487006373125531	0.006752023062728263	0.016813764962212232	-0.042981843103648186	-0.039244700249790716	2622452
2019-06-05	-0.0005984170811748653	0.011608424539867788	0.027259610648452982	0.0031808928875261245	0.005287783325220281	991911
2019-06-06	-0.03113776631719432	0.005889724918389732	0.017333888239092803	-0.0302500536298808	-0.025431420505639103	1559027
2019-06-10	0.016996396546217537	0.015525795740044711	0.03044641018447796	0.01148492292245771	0.022986102962261227	740534
2019-06-11	0.030082028753710445	0.005889604364759896	0.036148878752493875	0.004055651522429554	0.036148878752493875	1300141
2019-06-12	-0.013569391591967557	0.005889676578596048	0.017165046398067818	-0.009539928343272308	-0.007759652082068465	1108240
2019-06-13	0.0017944181665122197	0.00438563693001269	0.013710631405741035	-0.001329585231132967	0.007694514670558151	857893
2019-06-14	-0.020895598395573346	0.005589322749893997	0.00889212348263805	-0.021434635076490835	-0.015129088955945627	1161651
2019-06-17	-0.015243950310034737	-0.018644286522502163	0.01662324576532753	-0.018644286522502163	-0.009444107376016676	637971
2019-06-18	0.008668775733880628	0.00682398033463927	0.02644340649919332	0.0030868355577198417	0.014609503981797096	836172
2019-06-19	0.023634021668924546	0.028736703917720804	0.04973133052828652	0.019783082282881465	0.0296628756957557	1840608
2019-06-20	0.02428793866141819	0.010112403877962695	0.04238529720406698	-0.004365289921847515	0.030320622747983274	2069700
2019-06-21	0.003805596162165715	0.0147235328822849	0.01737371049718854	-0.0011775622535556572	0.009717700724746836	1377990
2019-06-24	-0.012831737511435225	0.003249560432965062	0.007063111377184214	-0.014057960717559255	-0.007017701135250097	1001900
2019-06-25	-0.018020728875083807	0.0052954073603546335	0.0052954073603546335	-0.026500928538685697	-0.012237086144748105	1078390
2019-06-26	0.05144420828429467	0.003166252750914719	0.06399165365728054	-0.007425336292174309	0.05763678496341333	3059845
2019-06-27	-0.003147470173359881	0.0015724111690868716	0.015962819789056757	-0.004471531670483133	0.00272367263950181	1929655
2019-06-28	-0.018943726333334316	0.010220491653122226	0.013685065584209255	-0.020094869486246957	-0.013165635009002846	1205464
2019-07-01	0.03891162620692782	0.027078738088168155	0.04679623553592177	0.01707278456333122	0.04503042536654805	2125594
2019-07-02	0.04449445786228711	0.002773774079387216	0.07529065849430651	-0.004307961213165784	0.05064624800316324	4672145
2019-07-03	0.004044387264128756	0.00697456655685402	0.01565304360020755	-0.008755227324705768	0.00995782016074747	2959934
2019-07-04	-0.029269711484997896	0.00426889912923834	0.013452638389699461	-0.03570735064059418	-0.023552374608397923	2636572
2019-07-05	0.011341677348157605	0.005611389620582059	0.02091538186173617	-0.002458015932012509	0.01729813025561695	1750637
2019-07-08	-0.05377225668366332	0.004238823289624408	0.004238823289624408	-0.051338229396541195	-0.05106304044556741	1628261
2019-07-09	0.011887489865601432	0.011876934942097437	0.03281234948148431	0.00315388674299565	0.014784714598212241	1325172
2019-07-10	0.011174625137520058	0.008897579858508286	0.038782355195040814	-0.0005851375913849184	0.014069939847177361	1581644
2019-07-11	-0.002550211154016557	0.00655754373573771	0.017072205844268915	-0.013903169215660517	0.00030571842650899627	1636680
2019-07-12	0.014488638200945482	-0.0002707445743603593	0.019957433585313194	-0.007963161187780872	0.017393294714173155	1254441
2019-07-15	0.011201344460144196	-0.0030343422092202676	0.021117529978546642	-0.014548593468212277	0.014096645064527066	1419718
2019-07-16	-0.0027693854831456737	0.006473674979840496	0.024248015762532122	-0.0032467661411054397	8.590019053289335e-05	1335970
2019-07-17	0.0013886356124574422	0.0003567530824190902	0.020130036359293915	-0.0024281489266159634	0.004255777422615268	1706824
2019-07-18	0.0041596015245966384	-0.0052020396556447	0.01732489178061042	-0.012432944304385352	0.00703475396340915	2098561
2019-07-19	-0.0008284077126361206	0.006740620424228595	0.008125518931889982	-0.0071072568222052095	0.0020323975519500968	1335500
2019-07-22	-0.0038696160342355265	9.136089087509417e-05	0.0031403365928141763	-0.06283015417205777	-0.0010174155035109044	1913290
2019-07-23	-0.0011098835651833915	-0.011328236446883432	0.004254572217465691	-0.011328236446883432	0.0017501967256514676	1411821
2019-07-24	0.002777708366640339	0.012056227088579114	0.012056227088579114	0.0011917915530889913	0.00564893373210524	1293431
2019-07-25	0.0038783030630195714	0.008141583411184745	0.008141583411184745	-0.005192887426591356	0.006752603812397314	1463847
2019-07-26	-0.011865442775145885	-0.003778336695027978	0.0028631964059863788	-0.010696542690201394	-0.009036145578535801	934560
2019-07-29	-0.0011169280850997997	0.00538375972057615	0.010144573616491202	-0.0069385758165731205	0.0017430384879926026	1199403
2019-07-30	0.004193324990999735	0.0065079567253190735	0.012395579361227465	0.0034239211938518086	0.007068573215052931	1194590
2019-07-31	-0.010300623349896327	7.136187607352575e-05	0.002025688935257392	-0.01584267152061442	-0.007466892389082876	1636060
2019-08-01	-0.01575242869219125	0.008787282464009491	0.008787282464009491	-0.022525634510592214	-0.01293425600889992	1413592
2019-08-02	-0.012003404289273715	-0.012613921277730818	0.004582875682048761	-0.024078548122329915	-0.009174579082629182	884592
2019-08-05	-0.015620529796060519	0.003733424400389574	0.014467077570786331	-0.018313842627702255	-0.012802040375498577	898600
2019-08-06	-0.025859401932794134	-0.018649867287862335	-0.008630075842158984	-0.033384854708014174	-0.023070275103983337	1094221
2019-08-07	0.004223188137209368	0.007098455654346207	0.029182590332780842	-0.0053049794437265915	0.007098455654346207	1270003
2019-08-08	0.044157218093181565	0.01009312920353738	0.051966928230486084	-0.0052706197127888104	0.04714691911946397	2716326
2019-08-09	0.0034523194892897196	0.0077680073616399285	0.019885400649812666	-0.0014643073989589913	0.006325482523389876	2490377
2019-08-12	0.003153700149926359	0.015226557819968563	0.015226557819968563	-0.0034621496034478393	0.0060260063026849765	1647157
2019-08-13	0.029437059255372794	0.002863276238057375	0.036397084766332806	-0.0017225515706431151	0.03238448543371998	3620586
2019-08-14	0.09994436086323513	0.002306306811974363	0.1030937464884477	-0.00047782168993072536	0.1030937464884477	15284014
2019-08-15	0.04745082135309996	0.045640630409658815	0.05044989376787575	0.015266175650105709	0.05044989376787575	11743486
2019-08-16	-0.004819373944637483	-0.015502428668877207	0.045394228669631276	-0.028551757262831972	-0.001969889165007828	10916044
2019-08-19	0.024697487982820107	0.006020020891123965	0.04098665917408795	0.006020020891123965	0.027631360948886477	8818730
2019-08-20	0.0278827238739751	-0.002824107209484168	0.040304695989687236	-0.009459378793098244	0.030825790749426256	7701599
2019-08-21	-0.002988463268866117	-0.002439263086875197	0.014851482295256617	-0.008663931424442722	-0.00013385342358487079	5305098
2019-08-22	0.004611459537534103	0.019743247599822555	0.022980620391471276	-0.0033801830996487386	0.007487875575964188	5234735
2019-08-23	0.01606611264669671	0.003093431358743216	0.05649353814974989	0.003093431358743216	0.018975313637010962	6897902
2019-08-26	-0.0022589907014396696	-0.004838933872374018	0.02574304755515218	-0.005518488656387121	0.0005978215464399568	4476937
2019-08-27	0.014716025978451279	0.013761591619704373	0.03260638570327838	0.003771488112039536	0.017621332612597636	4263473
2019-08-28	-0.01874168238329871	0.006890735059100768	0.011365827368046446	-0.031147381751814935	-0.01593212160223892	4412084
2019-08-29	-0.03865399246393211	-0.0007852113474954584	0.013580519279292916	-0.040689955303266405	-0.03590140883128481	6218431
2019-08-30	-0.011825935572058795	0.014723043459511979	0.029191979200027283	-0.012791654014254455	-0.008996523328217775	4937601
2019-09-02	0.017951205011781622	0.004063516627763887	0.027346771525489696	-0.00385766321378132	0.020865845478928682	3760842
2019-09-03	0.026804627451152443	-0.000437977481581233	0.02974457546590881	-0.019537818450057177	0.02974457546590881	5315904
2019-09-04	-0.04373716954513517	0.003552207299250721	0.003552207299250721	-0.058452184033833794	-0.040999148496305565	6372141
2019-09-05	-0.01053630852647544	0.006945836976597606	0.012949568415761675	-0.009144211310213531	-0.007703267734962708	4596085
2019-09-06	0.0016941398275765248	0.006261075000430871	0.013542245369949064	-0.009029360931973504	0.0045621295843918976	3417877
2019-09-09	0.02029461643476349	0.006497627728277077	0.029515772403802997	0.006497627728277077	0.023216027822559302	4078450
2019-09-10	0.024153593347314053	0.00927516754680208	0.03539753615271141	-0.0192220374021704	0.027085905797628	6593870
2019-09-11	-0.04231222262718054	-0.002933739938500057	-0.0006150275693458886	-0.03980200397333234	-0.03957017447407425	3967188
2019-09-12	0.004104257779144936	-0.004400395402198931	0.012548066070722449	-0.019411844192628914	0.006979293827865849	2008643
2019-09-16	0.024284723857893417	0.005274568968926417	0.04120309257091232	0.005033462212960296	0.02721745393966372	4147719
2019-09-17	0.00399059530856806	0.0075714997942246415	0.016517251813828782	-0.006788748552381078	0.006865281613651238	2966568
2019-09-18	-0.019873715669108855	0.0028632601923922075	0.0127113211327135	-0.022225883729576512	-0.01706743367924813	2151329
2019-09-19	0.049379794162321584	0.003580953789918671	0.052623621314250295	-0.0035960015230507253	0.05238443651957068	4059202
2019-09-20	-0.010229523905338569	0.007650713253686534	0.014489948536178776	-0.024265870048123535	-0.007395654522355752	3233411
2019-09-23	-0.023426850589400968	0.0042450777305303965	0.0042450777305303965	-0.028922605062524115	-0.020630672847687832	2357306
2019-09-24	0.09995303618737249	0.003570801697659817	0.10310240889546327	-0.0023256191324420817	0.10310240889546327	7631920
2019-09-25	0.008338645520584135	0.021732583496722992	0.04167405805640826	-0.01364749489728758	0.011225742187911182	8407374
2019-09-26	-0.034139114225950784	0.010093363248541869	0.03305973909054507	-0.03924172312486061	-0.031373648718363824	5722315
2019-09-27	0.001975893765805843	0.020476595836120593	0.03919090447299456	-0.0422711146854581	0.004844721104064597	4665792
2019-09-30	0.019938563862554402	0.013849839518817282	0.06131225176032257	-0.01339703492202996	0.022858908509102948	4033382
2019-10-08	0.00021492081742717107	0.009972748186847898	0.06620205335986652	-0.008339513707180658	0.0030787364008884317	4629928
2019-10-09	0.039518904821714905	0.015571324755765933	0.04529529765080374	-0.02836857832362505	0.042495271777967705	4306945
2019-10-10	0.09297519625141352	0.002863215803432903	0.1000414447711026	0.0014127938570404092	0.09610462664294997	5558565
2019-10-11	0.011909256237609894	-0.002824168888984952	0.02371667162410944	-0.016284128391511662	0.014806526080035243	4152828
2019-10-14	0.02615355916858165	0.01016964724488682	0.029091631701500306	-0.0068788396447611285	0.029091631701500306	2931586
2019-10-15	-0.041143334143827315	0.023311137674804135	0.049418826814746936	-0.039493292829807534	-0.038397920850816454	4531370
2019-10-16	0.022023996630745037	0.0072426072060722485	0.04494278262431543	-0.009893882901634744	0.024950274300331466	3606795
2019-10-17	0.04588511711357235	-0.0014218002856567758	0.052978394660661794	-0.016884821545592302	0.04887973401303717	3202306
2019-10-18	0.016341113444336686	0.013550998241711703	0.057904932446650216	-0.006043186284307796	0.01925109129067772	3524402
2019-10-21	-0.09122691545945827	-0.009580638270005276	0.013554338998283377	-0.09738809176573099	-0.08862486935568954	5993858
2019-10-22	0.005384623514335244	0.006334701444524165	0.02195626374501218	-0.01642258003697331	0.008263265335090432	2851431
2019-10-23	-0.04265493119730892	-0.0025078678630613533	0.004589653125372015	-0.04394215642874951	-0.03991384200073756	4107983
2019-10-24	0.001998052221182888	0.0036647287728818452	0.011679659873672497	-0.022183314824278266	0.004867002501287268	2702497
2019-10-25	0.0061813967338575455	-0.0003363341172998229	0.013461743548945002	-0.012134724580872707	0.009062323717798441	1996957
2019-10-28	0.07312725374683995	-0.01621619537493225	0.09905542246429175	-0.02416600324195522	0.07619989874777836	4688525
2019-10-29	0.024561407537705197	0.003048426403886701	0.03119897308287324	-0.00713760815065006	0.027494953783006548	2777699
2019-10-30	-0.03695026763686272	-0.0085247712096262	-0.006355582399800989	-0.04178483479202203	-0.03419282760466696	2172947
2019-10-31	0.048474613670540706	-0.020223432598712364	0.07512643152955466	-0.020223432598712364	0.05147667153914683	3606383
2019-11-01	0.009460928236057252	-0.0017912620140852547	0.030432173915752064	-0.013606502162958778	0.012351240308414958	2558463
2019-11-04	0.005128222316638653	0.0037499104871404434	0.0463117811195203	0.0037499104871404434	0.008006129471754874	2816811
2019-11-05	-0.025862102883851115	0.00550980183235662	0.00550980183235662	-0.029601032462156833	-0.02307291159688348	2756117
2019-11-06	0.01173920541859864	0.006847906051581607	0.024235439474168556	-0.007460618010815573	0.014636080176463416	2300051
2019-11-07	-0.01802925088262527	-0.006445714753822887	0.010023978134788142	-0.022557441669681096	-0.01521767127416873	2398367
2019-11-08	0.000908957610533274	0.0026809318143603826	0.026380644699410136	0.0006755517201693217	0.0037747837887202587	2128699
2019-11-11	-0.1000726156016591	-0.013893698904474823	-0.013893698904474823	-0.09749598936680866	-0.09749598936680866	6790115
2019-11-12	0.0016144781463364349	0.011970907455564093	0.018042712660879322	-0.020007413698868038	0.004482342979811069	3658054
2019-11-13	0.03485799392114951	-0.009665031155644299	0.04671194632170059	-0.009867058689261191	0.03782099705821395	5123237
2019-11-14	0.07418217591512788	-0.004166236521804905	0.08565402466117882	-0.009438297622571881	0.07725777920440188	4950580
2019-11-15	-0.01595063346164728	-0.0033171378584854775	0.022495147737915302	-0.014769101690841644	-0.013133109454461047	2405628
2019-11-18	0.006446827137828483	0.009697939976062003	0.02521470304923975	-0.005264689932033266	0.009328474763887568	2231369
2019-11-19	0.014824351831283479	0.004698645387661558	0.02231847840983633	-0.00044053299242828846	0.017729975447287747	2224289
2019-11-20	0.0018033089275565778	0.010278397888029808	0.04482244900051986	0.0003311528309018367	0.004671732684030219	3407000
2019-11-21	-0.010621035226064553	0.0005163075949751661	0.026152092674171373	-0.016995382261422925	-0.007788212751225086	2532900
2019-11-22	-0.07933036981403511	0.011986806947090669	0.014541389412657998	-0.08673026345140977	-0.07669435032717599	4637366
2019-11-25	-0.024703592485867225	-0.0011006522653926722	0.013962075440046745	-0.03162259538774903	-0.02191113379511027	3156542
2019-11-26	0.03870308304542762	0.01749466963459995	0.053666798193821995	-0.00424927477340928	0.04167714660435904	2949600
2019-11-27	-0.0013655257274050748	0.0014937693645691134	0.02027550489598209	-0.018461781840767508	0.0014937693645691134	2236920
2019-11-28	-0.01816761470774643	-0.00027135492326700475	0.02265015276081254	-0.028874193463071435	-0.015356443528456337	2160044
2019-11-29	-0.046955788317641044	0.0024641981718398044	0.0024641981718398044	-0.06178613213351557	-0.04422700665180056	3925611
2019-12-02	-0.029853897070854386	0.0026537979151124544	0.010819072280369536	-0.027494865560327767	-0.027076133541596565	2305416
2019-12-03	-0.0038734431935066706	0.003942264601112412	0.013222062058565982	-0.022386423420289677	-0.00102131486827705	2297084
2019-12-04	0.03348453841244442	0.005029654658241173	0.04120989974379439	-0.001903056947572513	0.036443623955461996	2669444
2019-12-05	0.0342808790523697	0.002024676849655313	0.050868182078788286	-0.003635295292800382	0.03724230225446118	2364629
2019-12-06	-0.0066692434118186105	0.0032686289249845265	0.012997294417590373	-0.014769918074502552	-0.003825149127267718	1772032
2019-12-09	-0.014852597072765955	0.004903562108692063	0.009392491825798212	-0.027335009220015714	-0.012031909289426495	1777181
2019-12-10	-0.0037174496363087963	-0.005835682408989361	0.012390684125269119	-0.017227127836296402	-0.0008648193975211379	1716722
2019-12-11	-0.015547207416730727	0.0024474727513911234	0.0036947735025904247	-0.012728504799108082	-0.012728504799108082	1397458
2019-12-12	0.00021049779180046572	0.003285480281289976	0.013633026326414827	-0.011707820449100266	0.0030743489688480055	1717200
2019-12-13	0.05200006401434455	0.013630790595735435	0.05522326649492572	0.0028632484695673196	0.05501215850289539	3472277
2019-12-16	0.0008003438273389318	0.005472156999767325	0.011091622700672274	-0.015801246444346287	0.0036659195198780977	2589186
2019-12-17	0.03379336571720249	0.0006575061522386953	0.04437360386726243	-0.0073638362873048625	0.036753346597626316	2712650
2019-12-18	-0.009284340717826892	0.011980102961268873	0.012174119165559672	-0.012267073139860864	-0.006447692682367011	1557878
2019-12-19	0.0	-0.004381251313663723	0.007953887871786918	-0.010059254492007822	0.0028632312499382376	1301265
2019-12-20	0.010738017845365438	-0.0014442835769010105	0.021267964090761565	-0.0014442835769010105	0.013631949788702703	1463386
2019-12-23	0.014100775565611368	0.007318634798101142	0.04780509531210181	-0.0023671213057267536	0.017004390901929036	2664547
2019-12-24	-0.019999977459454796	0.0009530639181667663	0.029224237145332337	-0.028082233792483664	-0.017194004314298617	1719973
2019-12-25	0.029931968254243033	0.003837818168832935	0.037948811990103956	-6.060061702308614e-05	0.032880931892079426	1528846
2019-12-26	0.004717942494849938	0.00021361232676542444	0.010433411216257708	-0.005085494988702568	0.0075946402250424575	930967
2019-12-27	0.000751186694710903	0.0028631893674052355	0.025467110731858256	-0.01842224196763411	0.0036165987866071305	1524200
2019-12-30	-0.03340833475756976	-0.006171543076817631	-0.000712996641311382	-0.04024022791799712	-0.030640785967744198	1791279
2019-12-31	0.0007767224194995909	-0.009015389685573352	0.021946814133384132	-0.009015389685573352	0.003642146005743748	1228020
2020-01-02	-0.018820360099487038	0.004030618809973383	0.006560192328688087	-0.02009719133514548	-0.01601103951166132	2102700
2020-01-03	-0.039944693988002586	-0.002491233573504229	0.0030615587262673625	-0.05444892785752703	-0.03719581361229046	3483848
2020-01-06	-0.017507637924426247	-0.007878022907215032	-0.0008548815531718997	-0.01779304599527576	-0.01469455996766055	2240882
2020-01-07	0.015723296886019315	0.0024426971965411048	0.02262608618282436	0.0024426971965411048	0.018631495000316994	2126541
2020-01-08	-0.0090815934433738	-0.00024170140568087158	-0.00024170140568087158	-0.014316973809809425	-0.0062444118063715165	1433977
2020-01-09	0.041241470727642365	0.01226308922940571	0.049862606066990466	0.01226308922940571	0.044222758962586095	2564794
2020-01-10	0.0	0.0032643506980592203	0.012893843212585316	-0.01418893897899617	0.002863205431935344	1631108
2020-01-13	0.020203911230540734	0.002863205431935344	0.027137328799832786	0.002863205431935344	0.02312505362629723	2026367
2020-01-14	0.016666722709027214	0.0028632926845311695	0.029213034100164015	-0.0008728450163858596	0.01957764156796775	2157356
2020-01-15	0.040501478038600665	-0.007774675488639583	0.051604112145447446	-0.007774675488639583	0.04348066848136234	2605595
2020-01-16	0.041890646420342424	0.0037926446201705043	0.05026452631554877	-0.003642893628595386	0.04487376945013227	2676982
2020-01-17	0.017078754948815906	0.00803719653686954	0.05014283887074929	0.002863182465491039	0.01999087628209625	2625247
2020-01-20	0.022039573366498998	0.003038673912004357	0.033912179736531364	-0.015906477782684572	0.024965892211934498	1797639
2020-01-21	-0.0013691837623692334	0.00406465970446518	0.030496464490952918	-0.01430028364397547	0.0014901006089952686	1843370
2020-01-22	0.046272487962074775	0.034659262906347126	0.0719550850640286	-0.011745737062114677	0.049268204593106706	3407408
2020-01-23	-0.037510239307646215	-0.022927014323515484	0.01156954290692487	-0.05216690903486642	-0.03475442696361357	2598036
2020-02-03	-0.03675975089941948	-0.07837618622371742	-0.010961093889640932	-0.09441925035938209	-0.034001740435371	3488445
2020-02-04	-0.008480502636502778	0.0453875375630776	0.0453875375630776	-0.02211970927595398	-0.005641566734705475	6349393
2020-02-05	-0.03741977228142492	-0.00196169484172691	0.009296427823314544	-0.03662941883932566	-0.03466372112224756	6654736
2020-02-06	0.042206524024198576	-0.00010713668041373021	0.05057437958932443	-0.00029283902215307335	0.0451906082400527	10190852
2020-02-07	-0.01687389568145173	0.018894834361814387	0.03670768080497816	-0.029199868847574254	-0.014058984996577943	7648662
2020-02-10	0.06269198104920004	-0.0034782414275439143	0.06899606828681652	-0.01978499735042988	0.06573472434967031	6538861
2020-02-11	-0.0020400816237246145	-0.004297598047059378	0.022811421899638088	-0.018789892563885018	0.0008172943271477309	5260732
2020-02-12	0.005281040025517469	-0.0003828989785316487	0.021997898258417886	-0.0012371094919890594	0.008159377001562116	3549163
2020-02-13	-0.008812025630472283	-0.0024051213359164527	0.02614614557386878	-0.014131585515411967	-0.005974012704837933	4203278
2020-02-14	0.043768129315824585	-0.0033092942786953766	0.05104314833962014	-0.0034807874881763907	0.04675667539718331	5376239
2020-02-17	0.04422610480786605	0.009598263661798235	0.05756482660781981	-0.002886159925427049	0.0472159185755866	5483516
2020-02-18	-0.013490248150511867	-0.0042158637917041305	0.01639202294777492	-0.024194471579431567	-0.010665650557820792	3420336
2020-02-19	-0.004929194809572775	-0.0008044114501181326	0.011633691963117154	-0.0081396966645668	-0.002080084107200956	3198400
2020-02-20	-0.015659985981389218	0.0007799192366611666	0.006388741727680699	-0.034475753907372474	-0.012841632726018876	4543989
2020-02-21	0.00016234662440223855	0.007747330043540381	0.02467873822028473	-0.004951311560315339	0.0030260420949558154	2730524
2020-02-24	0.007141701316667755	-0.004298964186030795	0.032814022947938996	-0.004298964186030795	0.010025344067458582	3908342
2020-02-25	-0.0008058139237011068	-0.014107077183859867	0.021611322382218003	-0.033340054106126824	0.002055101878699806	4267984
2020-02-26	-0.021935497875571672	-0.0049008793444418105	-0.0011805802912757627	-0.03353100684054618	-0.01913508320133407	3524882
2020-02-27	0.004452520933405701	0.006170833816449149	0.03841991554085583	0.0007132666320129857	0.007328492566730947	3459405
2020-02-28	-0.05319325826309663	-0.028584302063917585	-0.0025700860373005286	-0.061513647756666144	-0.050482349878941075	4565238
2020-03-02	0.07109417023265388	0.007384565345122367	0.08233415090366898	0.007384565345122367	0.07416096325510464	4719428
2020-03-03	0.010522904125024754	0.006759707328887868	0.026079931657882294	0.004324439780254543	0.0134162384257739	4377865
2020-03-04	0.030439052143538266	-0.0038846410370576632	0.03836988163594983	-0.008704537997920944	0.03338935304026523	4680199
2020-03-05	0.062344503199806924	0.004578244904669412	0.06538620958392886	-0.0036853661560630286	0.06538620958392886	5487895
2020-03-06	0.003951263286175919	-0.00931854060498024	0.006825868639043498	-0.01959223022767849	0.006825868639043498	3163093
2020-03-09	-0.03862962264986985	-0.022281400904158803	-0.003422877771266948	-0.049765074881362885	-0.035877069832779405	3602909
2020-03-10	-0.006065185864765694	-0.011582895098334734	0.014876240066198924	-0.031655365536337784	-0.003219320129915743	4168168
2020-03-11	-0.04912282441032945	0.006840949754121728	0.01892732529702575	-0.04976607967577428	-0.046400238276009156	3258771
2020-03-12	-0.017166739772331813	-0.0024463555069449937	0.014447682060217312	-0.03655623822906809	-0.014352673120366713	3058635
2020-03-13	-0.009794287307192406	-0.06687552502576	0.009411493454590095	-0.06687552502576	-0.00695911136951938	2540260
2020-03-16	-0.09973623506994825	0.0084842790444258	0.0084842790444258	-0.09715856578523985	-0.09715856578523985	5550718
2020-03-17	-0.040285645415111676	0.0010267732709719232	0.035734985984339246	-0.08179525775164047	-0.037537789175269606	5650893
2020-03-18	-0.011257440820164163	0.017597120632598683	0.05624975698602047	-0.008809141948636872	-0.008426423633297021	3928398
2020-03-19	-0.01485915499772122	0.006346758063595335	0.021635507010076008	-0.03235888647731218	-0.012038442446158011	3193489
2020-03-20	0.0338884101359952	0.019364828243113096	0.03900955454659815	-0.007941321674004883	0.03684863465321466	4269632
2020-03-23	-0.07237598075338662	-0.040458652403790756	-0.011957424257368699	-0.0784602899323535	-0.06971993230160277	4513857
2020-03-24	0.02001638132959396	0.029286783324767498	0.03645590403302822	-0.012704000287749711	0.02293693392939514	3269923
2020-03-25	0.1013216207579602	0.03820647966540106	0.10447495700429596	0.03619828313585013	0.10447495700429596	7548497
2020-03-26	0.051818161860374724	-0.008077060448146437	0.07288131649758149	-0.015005970135972936	0.05482974190384861	6980888
2020-03-27	-0.0003456714463286034	0.022972485280966584	0.031293632569004096	-0.030767775113992795	0.0025165713400509774	4058373
2020-03-30	-0.012969069187918663	0.03876028975272206	0.03876028975272206	-0.046213455278353535	-0.010142947631187815	6847816
2020-03-31	0.039418357604509	0.011999290054362255	0.06488333527709816	0.010242381920322815	0.04239447895334812	4098953
2020-04-01	-0.010955667968940735	0.005736756264007448	0.024668254772897063	-0.012687664985198797	-0.008123817519799046	2912956
2020-04-02	0.0020449659393948477	0.001495954725271636	0.013801059076881101	-0.01815792552650239	0.004914046863107705	2871600
2020-04-03	-0.0030612059375916783	0.0028632257246291913	0.02315931870929035	-0.01078115508082758	-0.00020676379408547668	2901869
2020-04-07	0.03889458400311349	0.02305049128921244	0.04443532633095743	0.012101472855706985	0.04186919744955215	3768647
2020-04-08	-0.02873562101637707	-0.0014183186518988938	-0.0014183186518988938	-0.030400867975643082	-0.02595465991179286	3364914
2020-04-09	0.07083683127441193	0.0032022617405144606	0.08627972084289669	-0.003918626509752038	0.07390287994676271	5206734
2020-04-10	-0.032049206606781844	-0.005686617654721502	0.0006466203691338281	-0.04099422726657179	-0.029277779671582366	3728833
2020-04-13	0.030663731521211417	-0.00237111466172551	0.044901329779229435	-0.0025347199049447753	0.033614792583490705	2934221
2020-04-14	0.037505912195645856	-0.00015213558140183246	0.05856904059010953	-0.01459438251189264	0.04047657129504064	4672628
2020-04-15	-0.010829730485229946	0.0033221452989835028	0.018772022341151093	-0.011668718334889562	-0.007997513584315668	2579097
2020-04-16	-0.00015419505818690363	0.005182908649224593	0.020647261089981894	-0.012910352777756562	0.002708550401293651	2128955
2020-04-17	-0.004935312149770198	0.00889532277665608	0.012916597150126833	-0.01445948153300169	-0.0020861535317744932	2684229
2020-04-20	0.0364230730999862	0.007215548858228783	0.04607417162936618	0.0031742210031322753	0.03939048851273044	2995109
2020-04-21	-0.009271871908513694	-0.003135780553220503	-0.003135780553220503	-0.024731785489820312	-0.006435180611037672	2289224
2020-04-22	-0.011320713817012211	-0.01151739611229951	0.017849391346027494	-0.015150485797549264	-0.008489929860426218	3724255
2020-04-23	0.0038167442203999565	0.008375132569328142	0.02582953015966381	-0.018572077140665832	0.006690919522356649	4185528
2020-04-24	-0.020532324692373864	-0.009186379869436928	0.013540072333360962	-0.023828930656910257	-0.01772783096817002	3326664
2020-04-27	0.0326086592601271	0.01064948896876119	0.06328419059428578	0.0073792827107793555	0.03556531502761153	4376510
2020-04-28	0.04781967341794736	0.010252776592899372	0.05896332438472631	-0.01553512144108889	0.050819757794189444	4870462
2020-04-29	-0.06587268151218868	0.007468739972087884	0.02042193827083588	-0.07428015207136163	-0.06319805350131086	5211875
2020-04-30	-0.027193064358278455	0.0031714608123730803	0.0037877695358817694	-0.032419509011440945	-0.024407680493823573	5675254
2020-05-06	0.014687258475188184	0.019968334418844606	0.03770683440689487	0.004130317295509041	0.017592600174310014	6005535
2020-05-07	0.0070038879409772435	0.0017706741515493096	0.009887186230807216	-0.003848482013838105	0.009887186230807216	3809749
2020-05-08	-0.003091128466725648	0.001468287959220196	0.01696849338344268	-0.0024067633968354253	-0.00023675013764965357	4572082
2020-05-11	-0.03054261166637168	0.010015416262327444	0.03364884447066844	-0.03585198727610665	-0.027766872827877986	8110415
2020-05-12	0.018071328705535794	0.010080354955516228	0.028043009407556097	-0.00916539664859579	0.020986271776249014	7106981
2020-05-13	0.03691488087517975	0.005068665331332651	0.044924884427735165	-0.0059587497443415426	0.03988378759470826	8798563
2020-05-14	-0.01545235776233179	-0.0010868934229296804	0.010307552659698498	-0.017646760959303516	-0.012633295838515789	5574203
2020-05-15	-0.021695487761541354	0.006875408218538252	0.00810992233973814	-0.03725738372598933	-0.01889439895347925	5560447
2020-05-18	0.04655553329599602	2.4022658335365282e-05	0.051444846176830185	-0.0045502353455515055	0.04955200896854327	7098449
2020-05-19	-0.010520055688295275	0.0031645653086298836	0.008590335356145817	-0.014318411224809044	-0.007687004929568411	5520529
2020-05-20	0.006986761093409198	0.0007307314810389988	0.03545937952285182	-0.002163238747418335	0.009869916727470895	6359404
2020-05-21	-0.0018099939558969894	0.004829504347540155	0.0269136541521149	-0.0077252224064486225	0.0010479692566642699	5414894
2020-05-22	-0.06784537383837669	-0.0075928468975295935	-0.0028951649782610177	-0.06638864617081906	-0.0651763910195226	6501984
2020-05-25	-0.012157518296280152	-0.011279895087075434	0.010503809953755137	-0.016481973902796185	-0.009329131787676453	4123465
2020-05-26	0.09386289513740373	0.011256078109714452	0.10259001026461932	0.011256078109714452	0.0969948432029786	7672361
2020-05-27	-0.04140419615028134	0.006022519618265576	0.0099339867519763	-0.04678353537630578	-0.03865951650021291	5340539
2020-05-28	0.010641618376998846	0.006786794297409073	0.0438252473054368	-0.00027563828397461426	0.013535325989549605	5839861
2020-05-29	0.07773306390300877	0.0039502685446535105	0.09137852570163854	0.0039502685446535105	0.08081878609698026	8554255
2020-06-01	0.07873563908198765	0.008626770357917398	0.08960513429065745	0.0017104292771730008	0.08182428479608532	8658642
2020-06-02	-0.015716527711521967	-0.0008768107070096523	0.015151862845075857	-0.02491992121459819	-0.012898359282173262	5002945
2020-06-03	0.03207017903264769	0.011276836393721507	0.0629806737280715	0.0029989000531937655	0.035025286943028595	6633319
2020-06-04	0.020060461600091273	0.01246198698321011	0.032053757576469964	-0.0012128374184071531	0.02298111200882742	3148233
2020-06-05	-0.008354701000404972	-0.00719127659596685	0.005183462023150534	-0.018534690319783314	-0.0055154767632800425	2689623
2020-06-08	-0.013609976926869015	0.005982835688995703	0.024701253056343787	-0.022484724080898837	-0.010785724600320798	4192217
2020-06-09	0.030354799179665746	0.0031268511705739963	0.05070025881646928	-0.0033305602385490726	0.03330500936517456	3756794
2020-06-10	0.0034435006084328396	-0.0023806523033866283	0.022176106059931436	-0.011333608079406917	0.006316542009865985	2643295
2020-06-11	-0.00991364924832179	0.0003140001841555227	0.02606108481958803	-0.017530553167503002	-0.007078750812818907	3001233
2020-06-12	0.08189989006996612	-0.01683350393380516	0.09787134356088223	-0.019279550502011474	0.08499761752389104	5125778
2020-06-15	-0.012814457508757099	0.017380245866892668	0.02463876010501018	-0.021887097565873263	-0.009987913403687385	4750347
2020-06-16	0.012019243981880198	0.009010618007740672	0.015037440550216994	-0.00726177874965522	0.014916879992077296	3179796
2020-06-17	0.027434789412174553	-0.004163919214386067	0.049314145152808075	-0.004163919214386067	0.030376513695241147	3881017
2020-06-18	-0.03710563516582807	-0.0043241822196431225	0.008427505015591	-0.04941881466328506	-0.03434859036229373	3415629
2020-06-19	0.041536681703916854	0.008762460485622743	0.06077169520681439	0.008521628834844334	0.04451882139561672	4357744
2020-06-22	0.013715957311456965	0.017196410420210903	0.05256708066444974	0.0056373603017994154	0.01661842323713993	4376857
2020-06-23	0.03661172572544754	0.0022931188941507663	0.04710554059641654	-0.002838131443795378	0.039579744776268536	3696633
2020-06-24	-0.017001242969590134	-0.00439671425183137	0.008473176670486724	-0.03409655730269336	-0.014186637013214001	3579922
2020-06-29	0.07754969645090716	-0.004074655100981837	0.08410386995551515	-0.01694337575811174	0.08063495007750761	4057773
2020-06-30	0.019778410742510296	0.0029670814641976012	0.0455448713059193	-0.0012907411362682109	0.02269827237625681	3079037
2020-07-01	-0.01401307838299555	0.002048547682901816	0.02445203093393053	-0.04072186720500571	-0.0111899390417424	4124595
2020-07-02	-0.030895955888226963	0.0038960670500964743	0.006994542781564181	-0.06344343446736157	-0.02812118500762971	5913920
2020-07-03	0.09893735181456485	-0.004490322886478791	0.10208388056966507	-0.013016291135231377	0.10208388056966507	5887101
2020-07-06	-0.02088770782293717	0.008100062414924229	0.008100062414924229	-0.06027031377205055	-0.018084326452543504	6504367
2020-07-07	-0.011555598784599264	-0.018927391021457518	0.006131797716205551	-0.057061013601994434	-0.00872543468052455	6744164
2020-07-08	-0.00629492079234292	-0.017979650253652783	0.0010595398336815	-0.023090184359890912	-0.0034497873855798195	3383274
2020-07-09	0.016591229405291952	0.0031657400879730674	0.030493625798558317	-0.015792407784158448	0.019501922577973785	5186065
2020-07-10	0.01928785681644832	-0.010032133681447552	0.05305600690461893	-0.010032133681447552	0.02220629786985506	4336779
2020-07-13	0.026686077478591915	0.011135245895776313	0.04315290609752598	-0.0024893098239105772	0.029625697689388636	5449965
2020-07-14	-0.029300628998063828	-0.004814710126093457	0.02314795909759003	-0.05666407325109852	-0.02652130458661092	4306831
2020-07-15	-0.005655728823590392	-0.010319492114897412	0.031181664683464696	-0.023502192979715113	-0.004265176416437464	4955783
2020-07-16	0.029616499157561395	0.05001000760118089	0.10156773901739546	0.014066942695958033	0.031056403480553375	11345837
2020-07-17	0.07229266444071764	-0.003847396138788963	0.08819460372966235	-0.0271202255066644	0.07379222508058102	8531961
2020-07-20	-0.05178541968668396	-0.003760652322581229	-0.003760652322581229	-0.09795860506317475	-0.050459371744960235	8052203
2020-07-21	0.01967207187945332	-0.022522553791795543	0.043142919533097464	-0.03274756854354412	0.021098091440522458	5185307
2020-07-22	0.009554464317889068	-0.016081126362758703	0.02835393918946969	-0.034020714073415635	0.010966312042791167	3391814
2020-07-23	0.05560109088191166	-0.013455245451801911	0.07256893132782916	-0.015824574885880814	0.05707730845590579	5229515
2020-07-24	-0.04310346159708111	-0.007665946940298214	0.01391591645591618	-0.07871340670965457	-0.041765265208080854	4596928
2020-07-27	-0.029189177758568264	-0.00672098961697741	0.022418839946445456	-0.04677687450833369	-0.027831515987561273	3836841
2020-07-28	0.028581971452486504	0.00911149936262144	0.03364471163106846	-0.012169082227600766	0.030020431651060775	3388065
2020-07-29	0.015157021348580683	-0.002938089177664631	0.016847771270313644	-0.013237568772064624	0.01657667812583157	3023222
2020-07-30	-0.039104139230629484	0.0017544586929441705	0.0017544586929441705	-0.04772806516800904	-0.03776033223504052	4487394
2020-07-31	-0.028856854655394663	-0.0006391371064635701	0.009548953070413013	-0.057136821548487086	-0.027498714932170952	8830287
2020-08-03	0.0010476344950423717	-0.0055636365235133	0.006548554861325736	-0.013384081920195592	0.0024475895923337745	5425044
2020-08-04	0.002283295239510114	0.001779585420647997	0.027026535992691787	-0.0094624582321515	0.003684976824880083	4205567
2020-08-05	0.005695272219419333	-0.0019283979060153306	0.018318168934416897	-0.018753004967839618	0.00710174521564634	2969755
2020-08-06	-0.004247205762550866	0.0070695334093395	0.009148831848522594	-0.021757918600277894	-0.0028546899741963084	3674594
2020-08-07	-0.06521326953757582	-0.03296235428074445	-0.021097443672736974	-0.08991392519918032	-0.06390598419485707	10481404
2020-08-10	0.0023321455087802275	0.00017996131425762737	0.012364864390777643	-0.016066596429325	0.0037338799548674436	7092044
2020-08-11	-0.005766333138665864	0.002816740975804058	0.021963348470710076	-0.009238486135903713	-0.004375893610127302	3888584
2020-08-12	-0.039173756153103825	-0.011032379305955117	0.002111740382727796	-0.06248800089616407	-0.03783006030827786	5782983
2020-08-13	-0.022556354937530748	0.007231076893299026	0.012639402823339285	-0.03073363303105298	-0.021189424273394285	4021484
2020-08-14	0.010617459892853176	0.006280666877983802	0.027003039911510672	-0.005111222276343826	0.012030831267899363	4297204
2020-08-17	0.006003442178633533	-0.002895660660390294	0.021903177451073026	-0.013308927894120377	0.007410316940596086	4096186
2020-08-18	0.020247234452941094	0.0069476290982933425	0.03266551520065124	0.005026777272684397	0.021674045933672146	3663241
2020-08-19	-0.02757470159417222	0.0007709429754797948	0.009661560667350735	-0.02799285398504037	-0.026214749273878808	2763180
2020-08-20	-0.00644465033647744	-0.00376438725197935	0.010326150663389521	-0.019898627920510004	-0.005055158773943106	2086395
2020-08-21	0.043243256292877556	0.015472245623371668	0.0674366544265457	0.006594983205680996	0.04470222354529522	5173394
2020-08-24	-0.013575082482547594	0.01800196946546094	0.01800196946546094	-0.043638455752621326	-0.01219560157971488	3583036
2020-08-25	0.03540281717925481	-0.005544763909612669	0.056733592919150366	-0.005755132274856204	0.036850810504695894	4640317
2020-08-26	0.049107176422397446	-0.001243142360867583	0.07394296677880789	-0.00571369171451247	0.050574343089287634	6274172
2020-08-27	0.02156670437245051	0.005272382321152583	0.0301620735340262	-0.031238993333049223	0.02299533390925046	6494446
2020-08-28	0.04023477528491621	-0.003626052299129161	0.05230742435215521	-0.007702558537610413	0.04168951919723013	5605480
2020-08-31	0.0020022137395793475	0.0024921316443139645	0.04186273172343605	-0.011360459561349363	0.0034034699004973053	4910597
2020-09-01	0.003633020911865138	0.01213098295682562	0.017588177160360156	-0.002421574332467083	0.005036615939664301	3563504
2020-09-02	0.0066968457668664496	-0.0009577357264915274	0.013995282823940199	-0.006032678397559331	0.008104694266236778	3481962
2020-09-03	0.01708019095491932	0.0008583724368465878	0.061082742954724004	0.0005883261204554499	0.018502565719072196	4772595
2020-09-04	-0.05815801889495753	-0.01338261021147663	-0.003735081859724681	-0.07064838074420617	-0.05684088867434147	6480826
2020-09-07	-0.042323557976320224	0.010138144687157223	0.019629646830550306	-0.054610687263649156	-0.04098425329081472	4434390
2020-09-08	0.009407120493581703	0.0010059712394435308	0.013271998486941324	-0.02558676602030985	0.010818793037441765	3084677
2020-09-09	-0.041549307837364026	-0.007447970586862265	-0.007447970586862265	-0.061693234300553366	-0.040208944552426205	2962654
2020-09-10	-0.030791090059170537	0.012251262461378209	0.02918971469577312	-0.04038987900909935	-0.029435647116846188	3993047
2020-09-11	0.00909182753977894	-0.004671222009426354	0.012491412660041959	-0.01660135338340515	0.01050303650099038	2395720
2020-09-14	0.010459833569558118	0.016332378354244344	0.03769607903531556	-0.0038905307150784896	0.011872960775751158	3346022
2020-09-15	0.007481812845137661	0.0023222448642764076	0.017101458048325503	-0.012662369448841602	0.008890801162829243	2395944
2020-09-16	-0.0011189685860374362	-0.001250158919801625	0.01290999271413846	-0.010724224023132166	0.0002779262840313899	2313447
2020-09-17	-0.013137809038733104	-0.0003353496637258427	0.0071096433588655325	-0.03419463083791765	-0.011757706777788784	2063622
2020-09-18	0.00103191578819784	-0.007695803961691408	0.005532225245122787	-0.028571158697276316	0.002431889429406354	2788543
2020-09-21	-0.012680379233133554	0.007695995475413023	0.011722226665999926	-0.01945530485812909	-0.011299646809835343	2885578
2020-09-22	-0.004907521836933489	0.009554431205078763	0.01635095427672182	-0.010730784276962415	-0.0035159261206102735	2672737
2020-09-23	0.049317853275816954	0.004655872215087819	0.052991976749567	-0.001648829305343891	0.050785338047520626	4447501
2020-09-24	0.00020001933900813342	0.0013985131074653841	0.016419490804077366	-0.017427748896999603	0.00159876276813152	3231748
2020-09-25	-0.00019997933927287678	0.0038013895790760042	0.02122221917635462	-0.007812550216349964	0.001198254094465312	3867966
2020-09-28	-0.010000005607831677	0.00019680484978106273	0.009910380440908572	-0.018429207494017788	-0.00861547202360927	2758403
2020-09-29	0.023131334730705767	0.011513655333195658	0.03396926859672912	-0.013774186050134233	0.024562191602130475	3059693
2020-09-30	0.02083130331564634	0.0014973917963663685	0.03936243511325286	-0.003347018025291674	0.022258926435955416	2825892
2020-10-09	0.02417792352182348	0.017862450075346984	0.036844471389445146	-0.0005384986383305598	0.025610252615838748	3221382
2020-10-12	0.03890458692141795	0.010854592342586566	0.04395085994788608	0.0030060299697482664	0.04035750361321415	5035535
2020-10-13	0.018814751173853568	-0.0024243092161396205	0.024881595226957005	-0.006884246302607648	0.020239573267694284	2886969
2020-10-14	0.0032117028531665312	-0.004319164414971789	0.01488868529173255	-0.017273262785703736	0.004614715014249086	3329457
2020-10-15	-0.004001702582351638	-0.002519757406326264	0.007899400419187566	-0.009287786741167963	-0.0026088280000971845	2346076
2020-10-16	-0.010446427908832379	0.000325517090429563	0.01570414540520376	-0.025424702479596783	-0.009062548868469017	2806532
2020-10-19	-0.03230175526909263	0.019107953194655414	0.019107953194655414	-0.03627930312569324	-0.030948426180732194	3616331
2020-10-20	0.017062952811861723	0.008401289931990867	0.022500252567175	-0.008592139213159286	0.018485321505408676	2747312
2020-10-21	0.018610221575848355	0.0013985060507951317	0.05207430038939783	0.0013985060507951317	0.02003471735087021	3622626
2020-10-22	0.005760064496153413	0.008698710684385337	0.014647113076659534	-0.017618286013568414	0.007166573742969997	2181755
2020-10-23	-0.025682380013803838	0.005072524502024709	0.017080309046527884	-0.0485146500919794	-0.024319814997841128	2566261
2020-10-26	-0.005786175868332236	-0.029688255943552583	0.0009386639458450623	-0.04651927425868794	-0.004395769724071725	2043466
2020-10-27	0.05182447683242154	1.0860432672292565e-05	0.07309215500808786	-0.006834699700340834	0.05329546415787099	4593351
2020-10-28	0.03653609380653672	0.020219797736323937	0.050826418053408394	-0.001767697904545113	0.037985667829151394	5580122
2020-10-29	-0.008473144824632612	0.00046518956964966215	0.033471791680872984	-0.013195652606832009	-0.007086510810017124	6842765
2020-10-30	-0.01392924617207034	0.001312951367948218	0.006960866344063226	-0.024445137126430466	-0.012550222355909399	4845255
2020-11-02	-0.014559287760319678	0.0066923256919397215	0.011552202321274446	-0.028889023635235284	-0.013181178036740205	4906465
2020-11-03	-0.00404538213558841	0.003952393246813778	0.01011698678554699	-0.017976022992482535	-0.0026525567087573652	3622297
2020-11-04	0.010860960149000287	0.0018406278868406678	0.015546258274347887	-0.009477659675242835	0.012274625323773344	3629397
2020-11-05	0.0045422621942632765	0.01207021031265633	0.030527161144123613	-0.00787377522990713	0.005947080413109101	4668111
2020-11-06	-0.02730439180887045	0.015766374469333967	0.016027591436148396	-0.05433155298328311	-0.02594405730137863	6266533
2020-11-09	0.028070849275907576	0.0026518260827714823	0.0518891925421933	-0.0071060889156474094	0.02950857142427429	4851511
2020-11-10	-0.020695666986281114	0.0023563341296076747	0.0023563341296076747	-0.04989054235836704	-0.019326102197276335	4088072
2020-11-11	-0.03125554767156048	0.004688442409490681	0.017492702893206757	-0.03096777231687695	-0.029900796551049165	3338493
2020-11-12	0.015123760506641227	0.0018574335511759498	0.03334044714819381	-0.00814740923389815	0.01654336905823177	3396188
2020-11-13	0.03286675639859938	0.001398458598665867	0.046156195536526064	-0.0009524723451948136	0.03431122959551181	3831017
2020-11-16	0.011889154017149158	0.00017292267607540372	0.020745389791549638	-0.016810337458169136	0.013304295840312718	2562869
2020-11-17	-0.011058251304015521	0.0034748312174165135	0.016451917800572802	-0.02230627952222309	-0.00967525723267539	2045520
2020-11-18	-0.09958947387547222	-0.0009635715353798508	-0.0009635715353798508	-0.10856552773274018	-0.09833023303977499	7771050
2020-11-19	0.00688850838703078	0.01636072599536889	0.023453147762700598	-0.02735998161631692	0.00829666493778797	4331905
2020-11-20	-0.008672190414937038	0.0039073455284144645	0.024267259817268585	-0.01249641735635364	-0.007285815998394282	3701246
2020-11-23	-0.03771382895552428	0.01015881238494816	0.011132158519985889	-0.03987217957583066	-0.03636805367371545	6039049
2020-11-24	-0.029999987861836143	0.006557258652336107	0.0074675804815897626	-0.04422076730593653	-0.028643446898668726	7652153
2020-11-25	0.0004165767731712633	0.0039011891323100074	0.011513642675547888	-0.023837184511632192	0.0018156252766997796	6800112
2020-11-26	-0.017070899167742813	0.0015027231169097608	0.013177140467331198	-0.03331225431430808	-0.01569629292961711	5928683
2020-11-27	0.004765439347119123	0.0013984795413644858	0.012745470678812893	-0.01132708618196718	0.006170546803867626	2831478
2020-11-30	-0.013490741465278497	-0.0016623341336147348	0.011002960732535762	-0.03216444828970573	-0.012111137752682332	4820938
2020-12-01	0.030662372464519964	0.011134331573568043	0.0602413301892844	0.005570963825934498	0.03210377646628805	8518558
2020-12-02	-0.009018316592943889	0.005031656421094467	0.015931121968885444	-0.011265593120127508	-0.007632469078771696	4952341
2020-12-03	0.012552320451871159	0.0013984592625441502	0.03387057523806357	-0.0010107106480879739	0.01396836703709613	4330324
2020-12-04	0.040599207459326096	0.005743382251027458	0.05519259344180427	0.004501948164843206	0.04205444218598746	5908209
2020-12-07	0.02660574357322759	0.012035769240064526	0.04991252899549499	-0.0007886621536698754	0.028041452466933094	4761259
2020-12-08	-0.0027077461923496527	0.009048609775490839	0.014181064985376008	-0.0066390461713058705	-0.0013130221203312721	3161592
2020-12-09	-0.030253043205788144	0.011982515676649952	0.018391116770566013	-0.028896829344812646	-0.028896829344812646	3131184
2020-12-10	0.019098094307908205	0.008808111389958314	0.028834078861719275	-0.003207439054147015	0.020523282334971072	3707831
2020-12-11	-0.0010792937829659708	0.0028723001541869904	0.014957495978685483	-0.007640812035143599	0.0003176924948875978	3568646
2020-12-14	0.017581758616709114	0.005234508037430392	0.030808048438849142	-0.0035194815240253497	0.019004854004142247	3811546
2020-12-15	0.020752950198837033	0.0004319256096219048	0.0403525135465491	-0.0072042311214267005	0.022180445731570207	4389742
2020-12-16	0.02231679232647152	0.0037658453671443387	0.03151144845134943	-0.0004953963226450484	0.02374647685290393	4193737
2020-12-17	0.028581937055877225	0.01890510809828279	0.05151004376910674	0.0187198804124042	0.030020408761942893	7207151
2020-12-18	-0.002068320216378427	-0.00040254960027316774	0.01580716580073461	-0.0193138347051788	-0.0006727020679717719	4165797
2020-12-21	0.035054524420312025	0.010873724027946553	0.04390176332135467	0.0016692231039969023	0.036502053760309044	3976290
2020-12-22	0.009925161635054821	0.011337503176667828	0.040108337611974014	-0.0036581995543784485	0.011337503176667828	4149990
2020-12-23	0.015086162783967157	0.013484322351718724	0.024620563864165404	-0.015090116581341299	0.016505765961698015	4925165
2020-12-24	-0.013163487529029533	-0.004979829325295676	0.010328198813806748	-0.02173359625905067	-0.011783411561195499	2738999
2020-12-25	0.011187629332944605	-0.006271426222438704	0.024494423020376566	-0.023421004824982772	0.012601764322842667	4445981
2020-12-28	0.00910636843673088	0.007790394461262349	0.023557077033546033	-0.0028627809558757315	0.01051760736804964	5228464
2020-12-29	0.003795230230063059	0.005030125102349472	0.019049906848487296	-0.02115131504686929	0.005199012391523214	3504630
2020-12-30	0.006133426985660106	-0.007183473495328348	0.011074237325706322	-0.012147522473054192	0.007540500414698562	3703729
2020-12-31	0.0054279812431832376	0.0013984958568109582	0.01352396403883087	-0.00830193220822357	0.006834078529912582	4037209
2021-01-04	0.004983371420438076	0.030342540579740007	0.030342540579740007	-0.031371535748632814	0.006388847508194063	5723416
2021-01-05	0.037107409267274516	-0.0068775139085356105	0.04592347344059845	-0.01515353462596448	0.03855782327810745	6764974
2021-01-06	-0.0036655782791655427	0.0020369271315505634	0.009378425649406573	-0.01879063822522471	-0.002272230650467068	5356200
2021-01-07	0.002879314975840227	0.0011582038843785392	0.009167469515453568	-0.027675136368960296	0.004281809471232194	5456285
2021-01-08	-0.07089881243356913	0.006270100944065064	0.026076020192167267	-0.08557201144368691	-0.06959947015886048	9734539
2021-01-11	0.051931382662360644	0.014292036665144234	0.06715557949628585	0.008876774459865133	0.05340247573041983	8462190
2021-01-12	0.05671153498243076	0.0050755498130967795	0.07731021517932109	-0.020173876435848496	0.05818929838045555	6749511
2021-01-13	0.008494217403357138	0.014544202899318372	0.04818195801205104	-0.010200755026596873	0.009904588533765045	5307056
2021-01-14	-0.03751921001961566	-0.014780311353332706	0.002932004171399598	-0.048134746641362525	-0.03617318788938476	4392394
2021-01-15	-0.005568795472614294	-0.0016287822551099718	0.007771776609707911	-0.046400959392358075	-0.004178086354043566	4788912
2021-01-18	0.01584004932584565	0.0013984970626818548	0.024550822303583106	-0.04266303680807615	0.017260673289718635	3344845
2021-01-19	-0.012442931703813562	-0.0019926236097561984	0.019694616374530252	-0.018159498893213385	-0.011061840943999642	3461381
2021-01-20	0.12161075727477659	0.02208125165162875	0.14434134476603522	0.02208125165162875	0.12317934337583211	8177405
2021-01-21	0.026022058763220744	0.011081434399729978	0.036499136853540226	-0.0032293092048753793	0.027456974250736142	6192546
2021-01-22	0.0830851088345896	0.027004251013467498	0.09140018629995893	0.027004251013467498	0.08459978050282248	7762779
2021-01-25	0.08547662395788733	0.02510398943179291	0.08699466842133706	0.0013984788968825247	0.08699466842133706	7567678
2021-01-26	-0.08104439026646115	-0.05561854874954604	-0.04971616467923071	-0.130460737444456	-0.07975927598759958	11914702
2021-01-27	-0.014816264873666437	-0.01016283556674309	0.0019764885446212337	-0.04632394223590124	-0.013438495818507945	4688342
2021-01-28	-0.07304686652971586	-0.008641625298892371	-0.0025132623685194316	-0.07501030508112312	-0.07175054450062808	6546968
2021-01-29	0.005127071399497831	0.0198256354174836	0.03776052114018356	-0.022303748412026057	0.006532742789115344	4426304
2021-02-01	0.013206620515474832	0.0053170264523074145	0.0376449981950546	-0.0028699222961371933	0.014623587839018294	3795725
2021-02-02	0.021724124921188907	0.0014675253269736499	0.02895425660695612	-0.023671030068398918	0.02315297554755438	4532938
2021-02-03	0.042997030615148764	0.0002493931788641236	0.056149289828319224	-0.010565514714778694	0.044455631928761896	5849753
2021-02-04	-0.026016068491817042	-0.01324797908630025	0.003731531272373478	-0.03677287128399481	-0.02465398644265154	3111668
2021-02-05	0.021196025745588466	-0.001861935763116392	0.05928659508386538	-0.007650724192406363	0.02262413307088477	3720059
2021-02-08	0.016331512784995877	0.00478666375214909	0.03150098896649043	-0.010590402739013955	0.01775284832018523	3304655
2021-02-09	-0.005761836775670639	0.010694429673317723	0.027683642720063354	-0.010590045738460362	-0.004371367369988339	3087963
2021-02-10	-0.0019317125529752343	-0.0012452419465523593	0.01642274208897609	-0.026328559366375848	-0.0005359384224387824	3282819
2021-02-18	-0.06812906636021542	0.03286173731949622	0.03286173731949622	-0.0698623256055671	-0.06682582054154995	5794893
2021-02-19	-0.009761867586317202	0.008331498348902204	0.02122683367253942	-0.04116991660487133	-0.00837698557985447	5521267
2021-02-22	-0.0600572234539173	0.000278295396900741	0.000278295396900741	-0.06819458954092941	-0.05874276797086799	6288636
2021-02-23	0.011826758250874113	-0.009327649446313311	0.018157936680662613	-0.01640385817570389	0.013241795903350777	3718729
2021-02-24	-0.037712249571328384	0.0027236449238927066	0.0129562621479751	-0.05933470552092859	-0.036366549014304896	6321293
2021-02-25	-0.008785317102201574	0.009813598048929919	0.023354310986816267	-0.024841360961282644	-0.007399133735995023	4741060
2021-02-26	-0.019267855853139764	-0.02476522859260525	0.0007810213449375522	-0.05725761051645754	-0.017896298832800854	5237153
2021-03-01	0.034027489659842425	0.03877880093904661	0.05845264186592249	-0.008438417285455508	0.035473611402404265	5535231
2021-03-02	-0.03670767139151015	-0.010626179257488691	-0.003091679031302642	-0.05225599301776065	-0.03536052477605147	6330395
2021-03-03	0.009467414809431285	-0.007608171380007752	0.012538330650164638	-0.0321789822615394	0.010879153601412053	4115201
2021-03-04	-0.06987097549419337	-0.013863120084337575	-0.01261085147057546	-0.07561406450019233	-0.0685702218171687	5371282
2021-03-05	-0.03344262721044019	-0.015093761346563357	-0.008951278679629518	-0.06911429786540903	-0.032090894970770924	9653627
2021-03-08	-0.09241063547723964	0.020985971593433028	0.027776285744585905	-0.10332916123128891	-0.09114138484664935	7713695
2021-03-09	0.0025861307233231738	0.007345439997796177	0.04935818223694844	-0.040806066679095275	0.003988270823112374	8644367
2021-03-10	0.05990264286076264	0.0332573095133464	0.08836438515511949	0.03134389875287661	0.06138488874004885	6786572
2021-03-11	0.06841528252109633	0.009883326157878054	0.08705981614562662	-0.00031657694820110373	0.06990948202840906	7263199
2021-03-12	0.006327532560786109	0.0011450734064913425	0.016521309976953853	-0.031804021855748855	0.007734880631065128	6004623
2021-03-15	-0.08995638014554841	-0.013545232884298227	-0.012621734919723834	-0.10455089866910791	-0.08868367719341504	8519673
2021-03-16	0.03003224023393618	0.014775060301393488	0.032395282340265334	-0.00985627953001203	0.03147270420680617	5150099
2021-03-17	0.03425449156461721	-0.008542983209518224	0.04788142825772951	-0.03272483545440353	0.035700917229422355	4591497
2021-03-18	0.06191637404365322	0.01057770061093623	0.06669206822049135	0.01057770061093623	0.06340143836298538	6326009
2021-03-19	0.007491797788295684	-0.02958944865268285	0.0315708802137447	-0.03203588627147153	0.008900793135299373	6018620
2021-03-22	-0.011315835537470335	0.007630928605774022	0.03199409961622931	-0.027092645663619918	-0.00993319007798304	5427297
2021-03-23	-0.006621976612892159	0.0013984703196282412	0.025958602848723113	-0.019968853167395117	-0.005232749089805632	4442313
2021-03-24	0.027569750131425787	-0.0042880144635202115	0.03576462789459356	-0.0042880144635202115	0.02900678289850071	5529813
2021-03-25	0.03139518137418729	-0.005498877412746949	0.034601974304481	-0.013519047756192538	0.03283752880875265	4509903
2021-03-26	0.08642645612903184	0.017339348701738515	0.08794580883838563	0.010107569151605806	0.08794580883838563	6389000
2021-03-29	0.0033593121235026423	-0.023008437592588356	0.03475221257275049	-0.026587161264410377	0.004762493887987324	6885503
2021-03-30	0.04452201236147117	0.009245251739214576	0.07886811729387572	0.00589250724547937	0.0459827572284304	6315019
2021-03-31	0.02223282801423189	0.0005106223768865597	0.031243030572763623	-0.023392361775462264	0.02366236305502316	4421392
2021-04-01	-0.005737614271511993	-0.010493525353395722	0.002133348152435908	-0.027262523308034903	-0.0043471208465054745	3364900
2021-04-02	0.02563253657296835	0.0011969410221558741	0.04500773337284192	-0.005522501535039803	0.027066835184014624	3335365
2021-04-06	-0.04154405323270174	-0.0041703706997414875	0.01096360595831342	-0.06300291075104283	-0.040203679654685055	6067337
2021-04-07	0.010238940510847129	0.018487182885642113	0.028740409558987504	-0.02252572380773945	0.011651698436745185	5241429
2021-04-08	0.037905346466267933	-0.005367766283347545	0.053362851582196016	-0.014163853954968993	0.039356859971749855	5675212
2021-04-09	-0.034958573126637804	-0.009097249979541441	0.0006813955798709786	-0.054861337273979724	-0.0336090222529834	4097424
2021-04-12	-0.012614769180842719	-0.007721191066937331	0.02240727556742585	-0.036295868914084796	-0.011233948594837026	5062456
2021-04-13	0.00826674059560432	-0.007974435131749436	0.015971009537484197	-0.007974435131749436	0.009676792050396933	3388400
2021-04-14	-0.0012874939097933826	-0.004097720124813614	0.03566509378075038	-0.023707698420767042	0.0001092323667268569	2893783
2021-04-15	0.0015604668540483277	-0.0012512080274291238	0.018859699560872537	-0.024011850514509884	0.0029611678724281746	2415014
2021-04-16	-0.007586967719732494	0.01957868486074377	0.03789444890226511	-0.0177312463089455	-0.0061991061164585705	3766604
2021-04-19	0.027508504880638496	-0.011793965374580105	0.04596585771214556	-0.011793965374580105	0.028945467256969986	3267123
2021-04-20	0.034079574013207915	-0.006052257474728489	0.0411138313416082	-0.006052257474728489	0.0355257709334827	3623311
2021-04-21	-0.0021841372557480894	-0.007221990067948633	0.012592312846621464	-0.029545347578178817	-0.000788747682649549	2889172
2021-04-22	-0.01229729741578873	-0.0006647449170327491	0.0006247005862628922	-0.026454041822399646	-0.010915964647619273	2043192
2021-04-23	0.0504530102678106	0.0032914880702797867	0.057470554585536716	0.0022470465973421947	0.051922058806394486	3995181
2021-04-26	-0.038163151862437815	-0.0015221319762848894	0.018735815359187797	-0.055460277872897965	-0.03681804651512621	5789360
2021-04-27	0.07096771446736336	-0.010295261436036799	0.07246546417316385	-0.0128149027526757	0.07246546417316385	4080716
2021-04-28	0.01168681517651773	-0.01627674330463898	0.013101604250654332	-0.02393806922152654	0.013101604250654332	4545022
2021-04-29	-0.0172085675795618	0.013681872938256744	0.025428662958081657	-0.02191625526835068	-0.015834140179382953	5986708
2021-04-30	-0.017328064523237412	0.0015198626007272115	0.012016168911659927	-0.021960428906520668	-0.015953827891631092	4079994
2021-05-06	-0.026450570489952602	-0.03323896412933183	-0.012123107909355502	-0.06454235636706818	-0.02508902916342871	4860127
2021-05-07	-0.024699137441313312	0.0014620165463006774	0.03945041064761538	-0.024603525757575746	-0.023335148872959833	4568635
2021-05-10	0.04889611840827547	-0.00432377875368775	0.06577411191930391	-0.00432377875368775	0.050363011194198455	4687349
2021-05-11	0.02024397187447053	-0.0070947160013534434	0.0312799439653272	-0.02848282892297572	0.021670764828982034	4223386
2021-05-12	0.0459951307607338	-0.014278763264390029	0.05134688245304713	-0.015615587678557473	0.047457962456125526	4533519
2021-05-13	-0.012356442763288828	-0.014576929736780967	0.002676547937200279	-0.03955672124478131	-0.01097522391564494	5081144
2021-05-14	0.00434655180528829	0.0013984993245015902	0.017515015595524364	-0.01960003020488443	0.005751156572622732	4072148
2021-05-17	0.03163922620633919	0.0014570614596834102	0.06587827593954608	-0.0017640168337318767	0.033081986156408054	5768512
2021-05-18	-0.020408070929399617	0.0004902765535229739	0.0020797923785180624	-0.03601198910217238	-0.019038141823023626	5517616
2021-05-19	-0.016782493445635552	-0.007352234980232883	0.005455042729376403	-0.016566468387261998	-0.015407459786796618	2890305
2021-05-20	0.06450858503270493	0.001634313065356876	0.06676354711276578	-0.004495542686101077	0.06599729746169343	5170542
2021-05-21	0.0007740601047944596	0.0012323967505609684	0.02919361198788385	-0.009564485118446585	0.002173653749401207	5231478
2021-05-24	-0.004917076927925983	0.013072278294422372	0.020485924699379782	-0.04286219656055237	-0.0035254870831403036	6009247
2021-05-25	0.03775466794100188	0.005290398464681794	0.049436230347221624	0.005290398464681794	0.03920598681824689	4330959
2021-05-26	-0.011502897535379843	-0.008781066310935712	0.001398518283829606	-0.022282292559318195	-0.010120478991976356	3822655
2021-05-27	0.026358553530442523	0.0026993316407334738	0.027793942013670043	-0.011121675406736089	0.027793942013670043	5575449
2021-05-28	-0.05653107607067746	-0.008635046107448696	-0.008265352996033726	-0.07184625232011377	-0.05521167823187853	6071687
2021-05-31	0.0077692028881918155	-0.013322259720852348	0.018581871158782595	-0.01416180897099401	0.009178582604618363	4207355
2021-06-01	0.041153629286708314	0.0013985143745089358	0.04660862402497842	-0.004377760993260218	0.04260968936190935	5082727
2021-06-02	-0.036863350180499264	0.0011850824697435518	0.004332515513888326	-0.04511862507324316	-0.03551644999216891	3445457
2021-06-03	0.0049777865678307534	-0.002921735018497854	0.024661009459692584	-0.013999151336981017	0.006383255918070867	2489977
2021-06-04	0.021518996124929378	-0.004002518806630862	0.03330882965705709	-0.017725619152114434	0.02294761209246973	2923020
2021-06-07	-0.003825260323689776	0.004473728042067476	0.007818790774577998	-0.044946019758945306	-0.0024320911423822843	3280171
2021-06-08	-0.011681901726147395	0.001940140640658557	0.02289961812486739	-0.03488794564137876	-0.010299749673650571	3176068
2021-06-09	0.019645340108925956	-0.00879414056629215	0.031318745108428234	-0.018986775676804044	0.02107134379333138	3809047
2021-06-10	0.037997116329122435	0.004999318051532186	0.05068110523569274	-0.0030621738044961477	0.039448781413604805	4348038
2021-06-11	0.025696778241458426	0.003780171919221204	0.03437977466416015	-0.008904918467569039	0.027131173775683984	4115040
2021-06-15	-0.004940122905580366	-0.014603309876743686	0.014371470844106326	-0.028636486946894135	-0.0035485182993172187	3118398
2021-06-16	-0.054001938360591764	-0.003014919828788431	0.005964205947543381	-0.06150592392933286	-0.052678981308612115	3939122
2021-06-17	0.010067422097404964	0.007082746346566087	0.03175032619452527	0.006921875873589287	0.011479976283469752	2844458
2021-06-18	0.03822502980955016	0.01844065625250808	0.05279040340204092	0.0014516190283618104	0.0396769726917376	5083810
2021-06-21	0.061992543444690726	0.01643251279186449	0.07421633435804814	-0.012306033121810766	0.06347772021857265	5074795
2021-06-22	0.014569430555192154	-0.007557623688204401	0.0254740325558752	-0.009724408850721592	0.015988260568631313	4122145
2021-06-23	0.010995245882190205	0.006144419559033612	0.038132242288042954	-0.0024457662292353462	0.012409125581811278	4604421
2021-06-24	-0.020907601157523215	0.029095132127021795	0.03252198791867101	-0.03789324295209852	-0.01953832066105629	4508457
2021-06-25	0.02834439655105042	0.010700038549479847	0.04421418969709859	-0.007375593015533429	0.029782496108205665	4120334
2021-06-28	9.31275395922663e-05	0.0024242020786110294	0.01967520924334708	-0.011096840579448281	0.0014917284360849263	2949355
2021-06-29	9.311420565712243e-05	0.001305211932580078	0.006992861460239103	-0.011748413220509077	0.0014917293881416592	2714380
2021-06-30	0.011514082388325875	-9.325004487693434e-05	0.01566287962590198	-0.013705024916930323	0.011514082388325875	2772767
2021-07-01	0.035439365052782036	-0.0047928843542816655	0.050739641210663156	-0.006405820397119162	0.035439365052782036	3177492
2021-07-02	-0.08941604782763182	-0.021274698010160627	-0.011928044701336607	-0.10147760686462183	-0.08941604782763182	6423322
2021-07-05	-0.004643418635190865	-0.012561669926422077	0.029180322189360584	-0.024390195501054732	-0.004643418635190865	6516718
2021-07-06	-0.0762620215884011	0.00014731388797543484	0.0015714398034346946	-0.11510509779564472	-0.0762620215884011	11403330
2021-07-07	0.06049653893734223	0.003933895040487488	0.07394611092474551	0.003933895040487488	0.06049653893734223	6240029
2021-07-08	-0.021304325497410258	-5.017293974200163e-05	0.00671711347142435	-0.03604191598471308	-0.021304325497410258	4471500
2021-07-09	0.02770942871057597	-0.014034034674399832	0.03989957898228904	-0.031089975643055347	0.02770942871057597	4793131
2021-07-12	0.11836531627307201	0.011662153351472335	0.14976328880428477	-0.021181161859391832	0.11836531627307201	6251425
2021-07-13	0.00040111854904953365	0.0018717157363204364	0.006238899453803066	-0.015062344431256947	0.00040111854904953365	3301163
2021-07-14	0.019243587259040823	-0.003118232368518976	0.07296534204273368	-0.014744585176520445	0.019243587259040823	4394713
2021-07-15	0.019623290237518364	0.0019230016338708795	0.02565445151570688	-0.009877168916368783	0.019623290237518364	3484519
2021-07-16	-0.14359193985951213	-0.09944276340193615	-0.04749250689036642	-0.14706385580286516	-0.14359193985951213	14470382
2021-07-19	0.018618623344064694	-0.003053058012216402	0.04454451384567793	-0.024024038678317757	0.018618623344064694	5342003
2021-07-20	-0.018474886625886644	0.0	0.028842349079356292	-0.0369497044624665	-0.018474886625886644	4659337
2021-07-21	0.028834647297623313	0.016269523835340503	0.03524233167907318	-0.008810547877716976	0.028834647297623313	5200607
2021-07-22	-0.009342146567883448	0.00233551961199845	0.02413386484753085	-0.014694452808593756	-0.009342146567883448	4039877
2021-07-23	-0.043222017390313845	-0.002996075550213938	0.005108020478152546	-0.06846759130252689	-0.043222017390313845	5533538
2021-07-26	-0.05780292518783993	-0.01498972256175988	0.0055441580255006844	-0.08157083549942254	-0.05780292518783993	7906501
2021-07-27	0.016127313462412467	0.0025063038985731587	0.051541938328394675	-0.002942099926962565	0.016127313462412467	7045376
2021-07-28	0.10230564075067028	-0.0009115174262734185	0.11308308847184993	-0.0009115174262734185	0.10230564075067028	6991624
2021-07-29	0.016635849628992574	0.011771563267131364	0.030645018672584717	-0.005739896821287194	0.016635849628992574	5366206
2021-07-30	-0.0527751148325359	-0.007655531100478505	0.00808613397129183	-0.06693782296650716	-0.0527751148325359	6047889
2021-08-02	0.04677473836048525	-0.01500227804716734	0.054452689526429836	-0.04278426507660621	0.04677473836048525	5602373
2021-08-03	0.06147761060614022	-0.0005790426208375198	0.07551999856237034	-0.015586527348096846	0.06147761060614022	6401403
2021-08-04	0.032640782685635375	-0.004409696756786378	0.05378006976505859	-0.013047210924002264	0.032640782685635375	4749936
2021-08-05	0.028659520897896192	-0.004622443441490845	0.07682153845885646	-0.02659032867947151	0.028659520897896192	6048562
2021-08-06	-0.06402468006462925	-0.002482247667854953	0.005306813227650232	-0.08585122681072957	-0.06402468006462925	6773998
2021-08-09	0.0030635482816215704	-0.009144947541997451	0.016918139235273955	-0.026383191948557733	0.0030635482816215704	3642084
2021-08-10	-0.03364174758722127	0.0027806947800678534	0.00911701711986637	-0.05821210416675253	-0.03364174758722127	4772968
2021-08-11	0.0029246473200470685	0.0	0.009481555510128902	-0.02844472785403258	0.0029246473200470685	3746558
2021-08-12	-0.02582195557207124	-0.013122590597231629	0.009783175721823084	-0.0450590374626827	-0.02582195557207124	2896287
2021-08-13	-0.000579350149173134	0.011490947554339269	0.032251874088737864	-0.004538441592758791	-0.000579350149173134	3705271
2021-08-16	-0.022367173913043534	-0.013719787439613591	0.012995178743961317	-0.037053130434782575	-0.022367173913043534	2489166
2021-08-17	-0.10717993050303724	0.004842669487638318	0.009141701070852958	-0.12931757991099418	-0.10717993050303724	8562107
2021-08-18	0.021142390679636587	0.0	0.048870944997213984	0.0	0.021142390679636587	4246582
2021-08-19	0.047100281842818385	0.0027100271002710027	0.056910569105691054	5.417344173443647e-05	0.047100281842818385	4947608
2021-08-20	-0.07914492386619469	-0.00678087368103025	-0.006159749405665375	-0.09415602159370542	-0.07914492386619469	7325180
2021-08-23	0.015177133732787059	0.003991045665802657	0.018493581287023542	-0.024732963172556334	0.015177133732787059	4823031
2021-08-24	0.08516051765801155	0.0063676299102669595	0.09357692933852943	0.0022701494262408603	0.08516051765801155	5504368
2021-08-25	-0.002551280795005221	-0.009541764660511518	0.009643836302558087	-0.028676370623050673	-0.002551280795005221	2879674
2021-08-26	-0.0419480108849603	-0.0011765705172205952	0.004706353687463716	-0.04849599035187212	-0.0419480108849603	2674009
2021-08-27	0.03540156469137947	0.0038445162529074785	0.07432720031144378	0.0004271785584535776	0.03540156469137947	3652435
2021-08-30	0.008302820725020529	0.013356690972993914	0.035274074874445435	-0.004692919298789693	0.008302820725020529	2816421
2021-08-31	-0.015446010322299298	0.002506091397174907	0.01636659643276192	-0.03334699195280295	-0.015446010322299298	2534435
2021-09-01	0.0	-0.010337688311688293	0.016519444155844134	-0.057090935064935046	0.0	3820463
2021-09-02	-0.06597401038961037	-0.007792207792207792	0.014285714285714285	-0.06997403116883115	-0.06597401038961037	4848843
2021-09-03	0.026251395557540653	0.004838681788008584	0.03448274136013221	-0.016518359012485648	0.026251395557540653	4316552
2021-09-06	0.0528397994181704	-0.0027639767447652807	0.08335134222086832	-0.023899863995233757	0.0528397994181704	5462233
2021-09-07	-0.014155556407977426	0.008802141168432774	0.009522782529000146	-0.0374221642575351	-0.014155556407977426	4363769
2021-09-08	-0.01655178536859258	0.007048825040751297	0.007048825040751297	-0.03550544516488212	-0.01655178536859258	2569395
2021-09-09	0.019272577034056437	-0.0018052083311322223	0.027342680307639557	-0.003981948373285425	0.019272577034056437	1890840
2021-09-10	0.01573082645548133	-0.008490415845200832	0.017033045463757588	-0.03479525543900937	0.01573082645548133	2746716
2021-09-13	-0.012717928205128204	-0.004820523076923039	0.020410235897435895	-0.017948717948717947	-0.012717928205128204	1529342
2021-09-14	0.06420112582170948	-0.006804472121245176	0.07355074125180257	-0.006804472121245176	0.06420112582170948	4547482
2021-09-15	0.024990213173803802	-0.006638036737650466	0.052323314810539936	-0.016985605793986672	0.024990213173803802	3976232
2021-09-16	0.0	-0.00904759047619044	0.013333347619047637	-0.02809520952380949	0.0	2845348
2021-09-17	0.05242854761904764	-0.002142842857142839	0.06157139523809522	-0.02276190000000002	0.05242854761904764	4926728
2021-09-22	-0.009094588685909899	-0.018143953172796566	0.02655993001583484	-0.0317632241021498	-0.009094588685909899	2989964
2021-09-23	-0.028173506849315036	-0.018630146118721495	0.0045662100456621	-0.03972601369863012	-0.028173506849315036	3988230
2021-09-24	0.017713686813760402	-0.00972610525089411	0.03260819402708079	-0.00972610525089411	0.017713686813760402	2591308
2021-09-27	-0.007433060735926347	-0.0007387072740894333	0.0390119887623641	-0.025346282769724376	-0.007433060735926347	4287618
2021-09-28	0.01818684082546068	-0.004465351772981227	0.03446666741553867	-0.017024061188332867	0.01818684082546068	3129252
2021-09-29	-0.02238462372913538	0.0004568570248567827	0.005025153175655215	-0.02900863944290464	-0.02238462372913538	2801022
2021-09-30	0.006588803738317694	0.0035513785046729137	0.016355140186915886	-0.014626191588785099	0.006588803738317694	2144977
2021-10-08	-0.04832646491200096	-0.006035016832365759	0.007334854327378454	-0.050601219987907266	-0.04832646491200096	5231139
2021-10-11	-0.041463414634146344	-0.006292648780487852	0.013804887804878084	-0.0480488097560976	-0.041463414634146344	4918256
2021-10-12	-0.0091093791348601	0.011145048346055942	0.02229010178117054	-0.017150101781170428	-0.0091093791348601	3092539
2021-10-13	0.02465198411707732	0.002465178895504854	0.028195725964921804	-0.006676611130726341	0.02465198411707732	3125718
2021-10-14	-0.014685945934688615	0.0	0.035988207006871956	-0.017091820387244237	-0.014685945934688615	3354408
2021-10-15	0.0037134804790570704	0.006256974196185021	0.01892359834241937	-0.008291814952774347	0.0037134804790570704	3481865
2021-10-18	-0.023465638066652916	-0.003345010423648248	0.003345005355481221	-0.037048289869223996	-0.023465638066652916	3008402
2021-10-19	0.0685593028851729	0.013078700911100824	0.07634423154665566	0.006850773551771948	0.0685593028851729	4201870
2021-10-20	-0.06114913818616312	0.00043711205224694275	0.010248195688222871	-0.06989168521973711	-0.06114913818616312	6371612
2021-10-21	-0.013864500560820038	-0.005949348071143131	0.0032074236439612923	-0.032591841191021625	-0.013864500560820038	4370707
2021-10-22	-0.031056542625551915	-0.009128056057288102	-0.005875537873138591	-0.03472875445201847	-0.031056542625551915	3823448
2021-10-25	0.0016242718184776353	-0.003789913434595217	0.011911191314204496	-0.01039522485752933	0.0016242718184776353	2270200
2021-10-26	0.0010810648648648443	0.0015675297297297823	0.008108108108108109	-0.004810805405405345	0.0010810648648648443	2439868
2021-10-27	-0.04190062162905977	-0.003185723593721144	0.003671749519520862	-0.05588548146682739	-0.04190062162905977	5631498
2021-10-28	0.041647880504419824	0.029080274694767053	0.06768482227586993	0.02017584512876644	0.041647880504419824	4873602
2021-10-29	0.03527567997321127	0.0057890601548550805	0.0387923925900298	-0.0030839527881409852	0.03527567997321127	4588680
2021-11-01	-0.05931542014166442	0.003919519082743065	0.004964708493398198	-0.0634962561746667	-0.05931542014166442	4679468
2021-11-02	0.011111111111111112	-0.005500027777777758	0.027777777777777776	-0.005555555555555556	0.011111111111111112	3407739
2021-11-03	-0.026923043956043915	-0.005494505494505495	0.009340642857142836	-0.03741757142857147	-0.026923043956043915	3674064
2021-11-04	-0.018407735118879633	0.007622760893638753	0.041953657528391024	-0.04573690415346461	-0.018407735118879633	7023355
2021-11-05	-0.01921304692160723	-0.010009146571770548	0.011562413979807005	-0.021801616930548075	-0.01921304692160723	2925811
2021-11-08	-0.02756596480938414	-0.0018181700879765826	0.012903208211143673	-0.04398826979472141	-0.02756596480938414	3651801
2021-11-09	0.091556047800554	0.004221935991159157	0.10180934677063903	6.0283472974385465e-05	0.091556047800554	6650132
2021-11-10	0.02773789430297037	-0.0004420488549464188	0.04265665361159582	-0.0052491823460975	0.02773789430297037	5145183
2021-11-11	0.016129032258064516	0.013924709677419428	0.05268818817204303	-0.0011828010752687975	0.016129032258064516	3454142
2021-11-12	-0.009100534391534371	-0.0024338994708994195	0.007830666666666666	-0.021058179894179893	-0.009100534391534371	1791453
2021-11-15	-0.001495082237799476	-0.002990164475598952	0.010786010309622012	-0.019649685068612137	-0.001495082237799476	2216020
2021-11-16	0.018770026737967932	-0.00267379679144385	0.05283425133689846	-0.003903721925133689	0.018770026737967932	3813495
2021-11-17	-0.013752538285458537	0.021468747610853718	0.032701748798009224	-0.023148334028353715	-0.013752538285458537	3830781
2021-11-18	-0.01543453092466083	-0.006493166248832629	0.010750997981537046	-0.02405665029568711	-0.01543453092466083	2764962
2021-11-19	-0.01691985466998601	-0.005351667513063727	0.002540688617203907	-0.029244839471191914	-0.01691985466998601	2556830
2021-11-22	-0.00577368851988516	0.0057186461799259595	0.01149233469981112	-0.014296744670093824	-0.00577368851988516	3050059
2021-11-23	0.002156954838304842	-0.00542003213782459	0.007687622451054885	-0.015541164930492435	0.002156954838304842	2783624
2021-11-24	0.012030949426561056	-0.00662250010964402	0.01600446494488635	-0.028697555662763042	0.012030949426561056	4147960
2021-11-25	0.02044933961038991	-0.007743472359486634	0.035500020844693385	-0.012978541471847006	0.02044933961038991	3923534
2021-11-26	0.016298765128553192	0.004756046471542545	0.037193345877375474	-0.0006947309171504123	0.016298765128553192	4503692
2021-11-29	-0.023083395528361316	0.009569918324689411	0.0153539441974846	-0.030392255824722866	-0.023083395528361316	3842632
2021-11-30	-0.022498477622527272	-0.00010758921768197484	0.0059744929319200885	-0.03326332005405694	-0.022498477622527272	4379656
2021-12-01	-0.019547398163386406	-0.004294912150790658	0.012224001914960599	-0.02318158128307052	-0.019547398163386406	4344712
2021-12-02	-0.02100410559366626	-0.00033695383957045377	0.010333573069005566	-0.02549699006511281	-0.02100410559366626	3255910
2021-12-03	0.011014214794059712	0.00028675997012772504	0.03258371255113589	0.00022942862777654196	0.011014214794059712	2418813
2021-12-06	-0.0338175546465741	-0.006979175925465918	0.0010212947962637432	-0.03767588976180515	-0.0338175546465741	4082769
2021-12-07	0.020084554968784047	0.010101016033010408	0.025957235294557363	0.006871024235794085	0.020084554968784047	3332589
2021-12-08	0.021128371119085238	0.00863557873291155	0.0305123954607783	-0.00287852624430385	0.021128371119085238	3485473
2021-12-09	0.005750713360509483	5.6435700976495495e-05	0.01877432538688411	-0.024017557197315013	0.005750713360509483	4752057
2021-12-10	-0.007119255603561051	-0.006670788758735251	0.02393634746306601	-0.008913033291737309	-0.007119255603561051	5416186
2021-12-13	-0.014227580573271705	0.017953975213244645	0.017953975213244645	-0.015356826314273533	-0.014227580573271705	3715896
2021-12-14	-0.004009232393726351	0.009736523147656686	0.015692954787183716	-0.0065865347106575205	-0.004009232393726351	3160754
2021-12-15	-0.07239790934092837	0.003967809222581233	0.008395670214916849	-0.0899367426085132	-0.07239790934092837	6523948
2021-12-16	-0.02051948447733542	-0.0053933172821688	0.010352724695960833	-0.045316459553858573	-0.02051948447733542	11369972
2021-12-17	6.32594936709084e-05	0.0499367025316455	0.06955699367088605	-0.012658227848101266	6.32594936709084e-05	7535584
2021-12-20	-0.08018479463909856	0.0	0.008164091138664996	-0.0861970535471507	-0.08018479463909856	9574588
2021-12-21	0.014655325847125953	0.0035778520318660084	0.02862256855986143	0.0011008944846811917	0.014655325847125953	3154304
2021-12-22	-0.00956128697659661	0.0	0.003254872155320592	-0.029565335121954636	-0.00956128697659661	4477688
2021-12-23	-0.014103779461916788	-0.006777974897685561	-0.0041763727807254325	-0.021703403008399454	-0.014103779461916788	3463636
2021-12-24	-0.017916680555555606	0.0	0.01833332638888881	-0.024305555555555556	-0.017916680555555606	3155185
2021-12-27	0.01117240858679695	-0.0033234408615958003	0.01258661451826639	-0.009970322584787401	0.01117240858679695	2485958
2021-12-28	0.023846181818181725	-0.0009091258741259528	0.03706295804195807	-0.015524482517482492	0.023846181818181725	5006530
2021-12-29	-0.009630516778074718	-0.0075131887845585965	0.0303940774429596	-0.016733808708863887	-0.009630516778074718	4688650
2021-12-30	-0.013793103448275862	-0.006482772413793053	0.005931041379310421	-0.020689655172413793	-0.013793103448275862	4388996
2021-12-31	-0.012097874125874125	0.006153881118881197	0.017482517482517484	-0.020559454545454495	-0.012097874125874125	6548846
