2020-04-22	0.13680154142581888	0.0211946050096338	0.18593448940269747	0.0211946050096338	0.13680154142581888	197706942
2020-04-23	-0.04491525423728823	-0.007627118644067784	0.028813559322033885	-0.058474576271186546	-0.04491525423728823	155196819
2020-04-24	0.0026619343389530734	-0.018633540372670725	0.02573203194321215	-0.049689440993788705	0.0026619343389530734	113148394
2020-04-27	0.04070796460176983	0.007079646017699121	0.10619469026548665	-0.012389380530973501	0.04070796460176983	127799772
2020-04-28	0.1479591836734694	-0.015306122448979567	0.1547619047619048	-0.016156462585033973	0.1479591836734694	163314312
2020-04-29	-0.022222222222222275	0.011111111111111138	0.025185185185185175	-0.043703703703703696	-0.022222222222222275	107382892
2020-04-30	0.20000000000000007	0.015151515151515233	0.20000000000000007	0.0007575757575758761	0.20000000000000007	119720905
2020-05-06	0.20012626262626274	0.016414141414141513	0.20012626262626274	0.016414141414141513	0.20012626262626274	142911751
2020-05-07	-0.0710152551288796	0.021567596002104162	0.05733824302998421	-0.09521299316149401	-0.0710152551288796	205797885
2020-05-08	0.003397451868629742	-0.01585509626274058	0.03907134767836927	-0.05152887882219706	0.003397451868629742	152336863
2020-05-11	0.031038432902845997	0.005079007058634701	0.07279915760717594	-0.027652315330266155	0.031038432902845997	129599006
2020-05-12	-0.03229337712096332	-0.022441105637657315	-0.007662889983579532	-0.08264915161466875	-0.03229337712096332	115095300
2020-05-13	0.03393670814479632	-0.010746606334841702	0.07861990950226248	-0.01527149321266966	0.03393670814479632	119068164
2020-05-14	0.05032822481793091	0.010940863734088518	0.19256005511159444	-0.008752734750944497	0.05032822481793091	163063496
2020-05-15	0.03854166465928822	0.013020832655164965	0.07083322547743622	-0.01562505126952867	0.03854166465928822	131032744
2020-05-18	0.033099246083287695	0.05366093010727546	0.09729177044675187	0.012537612209748637	0.033099246083287695	135487000
2020-05-19	0.1019417961165048	-0.004854368932038904	0.1019417961165048	-0.012135922330097087	0.1019417961165048	126978942
2020-05-20	0.037885372780380094	-0.03083704709968957	0.08722462170816642	-0.032158676997415064	0.037885372780380094	133861034
2020-05-21	-0.0454159187358201	0.014006791765992786	0.04838718371762236	-0.08446515638646677	-0.0454159187358201	134946217
2020-05-22	0.01200533570475781	-0.018674966651845183	0.027123165851489685	-0.04313028012449973	0.01200533570475781	106578844
2020-05-25	-0.02548330404217934	0.006151142355008656	0.033391915641476186	-0.028998242530755718	-0.02548330404217934	99515131
2020-05-26	0.18169517583408476	0.008115464382326455	0.18214603246167727	0.005861091073038843	0.18169517583408476	148434626
2020-05-27	0.056848609570721485	0.011064517781935061	0.11980164516603002	-0.00801217123281843	0.056848609570721485	140822318
2020-05-28	0.1306858797586325	-0.02527079331152372	0.1353790564845106	-0.05054158662304744	0.1306858797586325	128464138
2020-05-29	-0.016602841634738207	-0.022988505747126402	0.10951468710089399	-0.05810983397190295	-0.016602841634738207	145158485
2020-06-01	0.08961045745488498	0.021103961724154623	0.09253256793936912	0.021103961724154623	0.08961045745488498	120327195
2020-06-02	0.08164475322870222	0.0289033960398272	0.08283667810379397	-0.01221689474919858	0.08164475322870222	100028119
2020-06-03	-0.029752011838898293	-0.03443526265661881	0.04655655775637892	-0.052341516593430185	-0.029752011838898293	107151980
2020-06-04	-0.1377058450395843	-0.013344718530814448	0.010221493179401013	-0.1524702114574046	-0.1377058450395843	153057533
2020-06-05	0.007243957614621132	0.020744121806252215	0.052354229425280605	-0.04379321554846173	0.007243957614621132	125904728
2020-06-08	-0.07191896044458974	0.005884275907159193	0.005884275907159193	-0.08728342595619477	-0.07191896044458974	116940527
2020-06-09	0.1306797862162658	0.00035227193914304255	0.14054251992048328	-0.006692427146615935	0.1306797862162658	130093401
2020-06-10	0.010591932124107948	-0.02180679263593726	0.03676015805359231	-0.039875329587247925	0.010591932124107948	111049477
2020-06-11	0.03668317005805086	0.001541399554297048	0.07583240061135638	-0.0064734588925234975	0.03668317005805086	108406193
2020-06-12	-0.03657445624221062	-0.02200422176615448	0.010110020514123786	-0.05441575812025698	-0.03657445624221062	90723836
2020-06-15	-0.04629635516689172	-0.018518609967987067	-0.005246974984754746	-0.07345684731747859	-0.04629635516689172	77652606
2020-06-16	0.021035566343042107	0.01877022653721689	0.07184462783171526	0.011974110032362493	0.021035566343042107	82994462
2020-06-17	-0.04215531036942341	0.0038035183455949403	0.0038035183455949403	-0.08399363182230216	-0.04215531036942341	91585333
2020-06-18	-0.011581668152934184	-0.01853074184416754	0.045665157037232194	-0.01853074184416754	-0.011581668152934184	82958023
2020-06-19	0.0	-0.01874797392875873	0.030130531297940067	-0.04184800663381297	0.0	77637919
2020-06-22	0.10378305645185633	-0.004687010221392294	0.13726146175890672	-0.00903920291130881	0.10378305645185633	124996634
2020-06-23	-0.017591810203463454	-0.009402517154913245	0.006976038611585024	-0.026690960670580504	-0.017591810203463454	67095254
2020-06-24	0.025007780951150915	0.013275733660874678	0.08335909488604801	0.013275733660874678	0.025007780951150915	101200319
2020-06-29	0.030722890640876882	0.0069276805142264725	0.030722890640876882	-0.02409635469589292	0.030722890640876882	71455423
2020-06-30	0.0017533021112417005	0.01665692528764079	0.049094124807301937	-0.009643541506617732	0.0017533021112417005	79922882
2020-07-01	-0.03646441179884515	-0.00875142966019339	-0.0002916861228611305	-0.05425907392821094	-0.03646441179884515	74981718
2020-07-02	0.002422101193524116	-0.006963366847210528	0.029367273065918152	-0.01089921316679413	0.002422101193524116	64103923
2020-07-03	-0.034128691207227585	0.012684928641349172	0.019329476915449298	-0.06131081059163963	-0.034128691207227585	66654729
2020-07-06	0.20012510944340212	0.03814887429643527	0.20012510944340212	0.028768042526579118	0.20012510944340212	136728285
2020-07-07	0.08129231158696426	0.0677435886465974	0.18811872881399871	0.04246995720505591	0.08129231158696426	150135053
2020-07-08	0.12192773493975903	-0.011566265060240888	0.1289156144578313	-0.011566265060240888	0.12192773493975903	111452561
2020-07-09	0.023410673895818877	-0.01417523594984457	0.07774911774593819	-0.03135745207565611	0.023410673895818877	102356230
2020-07-10	0.010283252454008343	-0.030430240065887095	0.04847842398831385	-0.044910890035219676	0.010283252454008343	77560490
2020-07-13	0.200041570420473	-0.003115849670042705	0.200041570420473	-0.003115849670042705	0.200041570420473	88700521
2020-07-14	0.10611047256361428	0.003981305175696674	0.19439155270901845	-0.03929375108187646	0.10611047256361428	112466579
2020-07-15	-0.19937404696794853	-0.017683911809580184	0.0665101700622795	-0.20000004068857463	-0.19937404696794853	137935229
2020-07-16	-0.1729866888193901	-0.033229104769350926	-0.03264265050820953	-0.19468332681782638	-0.1729866888193901	123728919
2020-07-17	0.04443389164656367	0.0	0.08177733203078874	-0.0009454265907485235	0.04443389164656367	88653158
2020-07-20	0.033491718341066255	0.030323603311237828	0.05182170291517763	-0.06879377842936814	0.033491718341066255	78019707
2020-07-21	-0.029121919383486645	-0.015765207609599617	0.04225969092444453	-0.029997789796268437	-0.029121919383486645	64923240
2020-07-22	0.01262972485340544	0.0011276274244474442	0.04014431664411359	-0.0031573973838521217	0.01262972485340544	55347320
2020-07-23	-0.037639263356825624	-0.0200445870804193	-0.004008930779112152	-0.08552340376287736	-0.037639263356825624	71058087
2020-07-24	-0.14209671701218976	-0.028002754640193427	-0.019902823881111496	-0.14371671242112277	-0.14209671701218976	87143193
2020-07-27	0.03048289722147289	0.02131106015646066	0.05071489074723496	-0.0013487995683840615	0.03048289722147289	49319330
2020-07-28	0.014921439399962393	0.01753921420054412	0.04581151712535295	-0.013089004892957987	0.014921439399962393	41070759
2020-07-29	0.19938096466339944	-0.009543409852979171	0.19938096466339944	-0.012638663915398673	0.19938096466339944	97869535
2020-07-30	0.029677440860215055	0.00021501075268823784	0.08645161290322588	-0.03397853763440861	0.029677440860215055	110135743
2020-07-31	0.07142852816565312	-0.01670841652655771	0.10275684831334903	-0.018379302038861695	0.07142852816565312	99445300
2020-08-03	-0.009161735071378838	0.03664719369682639	0.08849904655943568	-0.015984386276498813	-0.009161735071378838	98871051
2020-08-04	0.022034211212503985	0.016525594470761566	0.04918355108465272	-0.051150932474879764	0.022034211212503985	84812287
2020-08-05	0.024254051506178084	0.07911453168210718	0.14725691728090629	0.02367659242200976	0.024254051506178084	86822306
2020-08-06	-0.008081187898537769	-0.03006949877973135	0.03364031260365174	-0.03006949877973135	-0.008081187898537769	73133387
2020-08-07	-0.06896551854803926	-0.008147044489333871	-0.008147044489333871	-0.10003787609014538	-0.06896551854803926	80203999
2020-08-10	0.03601955710255496	-0.021774501867613035	0.06552710756058407	-0.021774501867613035	0.03601955710255496	63152356
2020-08-11	-0.04812416028285196	-0.01512474955804348	0.02435674720094292	-0.056177587900216014	-0.04812416028285196	56504789
2020-08-12	0.02971529157480992	0.0028889600265983493	0.038794903813349234	-0.02971520903250535	0.02971529157480992	56553034
2020-08-13	-0.018436913088700952	0.03206408689121895	0.039679337087000506	-0.029859758322254255	-0.018436913088700952	44498328
2020-08-14	0.018578991425071585	-0.003266639444671225	0.024703940383830204	-0.00959579420171486	0.018578991425071585	32521040
2020-08-17	0.0064141111728625265	0.005812808294504007	0.011224734640704186	-0.03026654700875025	0.0064141111728625265	42748981
2020-08-18	-0.02609036100558382	-0.0007966739851957321	0.010157379210463637	-0.03206534618732026	-0.02609036100558382	35216576
2020-08-19	-0.12147244901953168	-0.0081799996654397	-0.004499018220899069	-0.12719839970558694	-0.12147244901953168	79624709
2020-08-20	0.03189020092854278	0.0009311219956033198	0.059124791879068626	-0.01978580120544245	0.03189020092854278	43634520
2020-08-21	-0.01060232300463247	0.016918564542361174	0.02503940784843637	-0.03722088710936671	-0.01060232300463247	33847049
2020-08-24	0.0036479479332434633	0.005927906841589062	0.03853164526831641	-0.08116739441022806	0.0036479479332434633	48109066
2020-08-25	-0.043389345751931076	-0.0009086778736939175	0.012039959109495605	-0.04861424352567022	-0.043389345751931076	34405604
2020-08-26	-0.07100455780088909	0.00047494655723240493	0.00926143411870266	-0.08952744978562203	-0.07100455780088909	50808088
2020-08-27	0.16564415045102632	-0.0043455522583218794	0.16615542347023066	-0.026073645860778285	0.16564415045102632	89385034
2020-08-28	-0.05745609901123247	-0.03508767697752968	-0.015350790146964452	-0.0881578108841145	-0.05745609901123247	61530575
2020-08-31	-0.00372266170311765	0.004885970218706454	0.05234993020009307	-0.025593275942298672	-0.00372266170311765	49364119
2020-09-01	0.01588042970574497	-0.005137832788416649	0.03806634750116768	-0.019850513778608053	0.01588042970574497	36135358
2020-09-02	-0.034482758620689655	0.0	0.0	-0.034482758620689655	-0.034482758620689655	29621575
2020-09-03	-0.0016666666666666735	-0.010714309523809532	0.036190476190476266	-0.045714238095238086	-0.0016666666666666735	43731433
2020-09-04	0.027426711185308865	-0.02241826854280951	0.055091867398044295	-0.03410445981397567	0.027426711185308865	49707301
2020-09-07	-0.04480036932217412	-0.034354780206370485	0.0250695902938908	-0.05153205424642281	-0.04480036932217412	43374402
2020-09-08	-0.04714466356526537	0.008262454033416482	0.014823717384023515	-0.058566218295688144	-0.04714466356526537	40340832
2020-09-09	-0.039530707460614996	-0.01912777401499041	0.022698266327423163	-0.05891346745507447	-0.039530707460614996	43002633
2020-09-10	0.018056293149230136	0.030801911842804137	0.06824216675517793	0.00053106744556567	0.018056293149230136	34763408
2020-09-11	0.020344261867501212	-0.005738158581116417	0.02842983828899312	-0.007303051643192583	0.020344261867501212	27889372
2020-09-14	-0.0002555726036701346	0.022494913662957916	0.032464213508798995	-0.007668686290099334	-0.0002555726036701346	27891422
2020-09-15	0.003068243337554504	-0.0069036306084470185	0.026591689424912156	-0.040654588579529666	0.003068243337554504	40097034
2020-09-16	-0.022431863369869937	-0.018608208004078433	0.01962783583991851	-0.028804537343869428	-0.022431863369869937	25951303
2020-09-17	0.05241207574508863	-0.003911264871513137	0.08996091733824864	-0.013559218438551133	0.05241207574508863	54832299
2020-09-18	-0.004212140629035085	-0.009415287179997841	0.005946407186659943	-0.01783949410704905	-0.004212140629035085	30922828
2020-09-21	-0.032843991859765914	0.009703981331275974	0.01691963217018243	-0.03383918969492883	-0.032843991859765914	23826406
2020-09-22	-0.014406946601670873	-0.005659814912781431	0.020324183697560595	-0.019552303049969286	-0.014406946601670873	20490671
2020-09-23	0.02453664775419871	0.009658026372800147	0.041503548903587886	-0.0002610806509767532	0.02453664775419871	28621398
2020-09-24	-0.020127414012738768	-0.01401271337579617	0.013248407643312182	-0.021401273885350406	-0.020127414012738768	21331537
2020-09-25	-0.03640140500263673	0.008580395438907661	0.010920489103496769	-0.03770153504164158	-0.03640140500263673	22466979
2020-09-28	-0.07852128768156263	-0.023475498557056152	-0.01565032337694764	-0.08823529173677042	-0.07852128768156263	36543090
2020-09-29	0.018740818814593215	0.013177041688020948	0.05856515030365152	0.008491858946304004	0.018740818814593215	27521084
2020-09-30	-0.020983040500631114	0.01408444914962779	0.0163840179251504	-0.022132824888392317	-0.020983040500631114	16932654
2020-10-09	0.02759832567239209	0.029066293920543336	0.044039928243102516	0.018203140980530212	0.02759832567239209	19177014
2020-10-12	0.12657142857142856	0.005714314285714295	0.14828568571428571	0.005714314285714295	0.12657142857142856	50376189
2020-10-13	-0.025868627948262824	-0.02358610195282779	-0.01090540197818919	-0.04818668526502671	-0.025868627948262824	34731753
2020-10-14	-0.0393126269200728	-0.006769018484769487	0.0018224420723769927	-0.04790419161676637	-0.0393126269200728	28872616
2020-10-15	-0.0062331703938661295	-0.0018970188673702588	0.04796736867385533	-0.006775067383465182	-0.0062331703938661295	26903566
2020-10-16	-0.01663477047367169	0.028088438946737893	0.03572408157753369	-0.03381505502127379	-0.01663477047367169	21527605
2020-10-19	-0.015529700068505261	-0.013588491026386812	0.016361646800841765	-0.01885745926629341	-0.015529700068505261	20658379
2020-10-20	-0.020563380281690052	-0.01661971830985925	-0.016056338028169023	-0.10619718309859154	-0.020563380281690052	53675792
2020-10-21	-0.040839861949956965	-0.01121653724475131	-0.0023008628127697116	-0.0460167385677309	-0.040839861949956965	22533280
2020-10-22	-0.007796042446539156	-0.008995472803326696	0.025487347855313244	-0.028485638889693448	-0.007796042446539156	20409074
2020-10-23	-0.022967603505590902	-0.004533121789060234	0.0108794499848896	-0.02961616802659433	-0.022967603505590902	16449098
2020-10-26	0.011444447173247932	-0.010825919528245	0.028456478289113612	-0.016393534401884683	0.011444447173247932	15237632
2020-10-27	-0.006116238345069173	0.002140642136371886	0.009174281065006685	-0.02293577911511379	-0.006116238345069173	15029823
2020-10-28	-0.00400003076923077	0.0055384615384615294	0.02153849230769232	-0.013846184615384624	-0.00400003076923077	17445882
2020-10-29	-0.012357121172601784	-0.029965987950756546	0.006487581294024766	-0.04417664640644571	-0.012357121172601784	21401205
2020-10-30	0.003440819625924885	0.021582765767368187	0.07663431581589972	0.0012511417344743011	0.003440819625924885	43222405
2020-11-02	-0.05735666724709063	0.011533633944287159	0.022443795358865606	-0.06920202187019814	-0.05735666724709063	36047389
2020-11-03	0.0601852182539683	0.00859788359788365	0.08763224206349222	0.0003306878306878824	0.0601852182539683	37063190
2020-11-04	0.0015595757467380352	0.004366812090866765	0.03243908195760816	-0.008109856266068116	0.0015595757467380352	24790684
2020-11-05	0.03550292633126991	0.03706004244596576	0.07692310567041102	0.023045685984251527	0.03550292633126991	31299359
2020-11-06	0.015939819548872077	0.013533864661654144	0.02165416541353394	-0.019548932330827086	0.015939819548872077	28765693
2020-11-09	0.11071643311771581	0.03493191340828657	0.1471285123483871	0.027235110338517294	0.11071643311771581	70752938
2020-11-10	0.0	-0.02078885927505347	0.03278251599147113	-0.03784653518123677	0.0	47661644
2020-11-11	-0.0668977078891258	-0.0031982409381663772	0.011194003198294165	-0.0671641791044777	-0.0668977078891258	36441060
2020-11-12	-0.018280463769235377	0.025421423902966162	0.03341908217189834	-0.027135020116253742	-0.018280463769235377	23897678
2020-11-13	0.012220017812627713	-0.008146610653087204	0.033168432736934414	-0.020075618855851587	0.012220017812627713	24566277
2020-11-16	-0.02270770271032751	0.0028743316218934997	0.01580911135932439	-0.02673181871998221	-0.02270770271032751	17601865
2020-11-17	-0.012058823529411664	0.005588205882352948	0.005588205882352948	-0.057352970588235304	-0.012058823529411664	30374453
2020-11-18	-0.017267103304554936	-0.008633551652277574	0.00893119976183387	-0.022923489133670826	-0.017267103304554936	19052738
2020-11-19	0.011208816189567686	-0.006361678664748885	0.0333233282837519	-0.015449804026040929	0.011208816189567686	20116835
2020-11-20	-0.007789154949396199	-0.0014978729329576618	0.012582324368414478	-0.010485380153224186	-0.007789154949396199	15502132
2020-11-23	0.011473460491348446	0.009359933857485918	0.02204103327418577	-0.009661836040514382	0.011473460491348446	17025020
2020-11-24	0.0322388656716418	0.007462686567164179	0.050149253731343275	0.003283611940298415	0.0322388656716418	29783313
2020-11-25	-0.01012151474138155	0.003180942557493198	0.017061768822338393	-0.013302572972667855	-0.01012151474138155	20795516
2020-11-26	0.007011422728600836	0.005842827928717583	0.027753432661408207	-0.0011685947998830448	0.007011422728600836	18262040
2020-11-27	-0.005512097316156355	0.0	0.011894400583278095	-0.017986741572766536	-0.005512097316156355	16733592
2020-11-30	0.023920624968513066	0.017502976006504654	0.04025673979745449	0.007001196236907901	0.023920624968513066	28863038
2020-12-01	0.0028490884814295703	-0.002848946031278958	0.007122507528348008	-0.018233590782540672	0.0028490884814295703	20652503
2020-12-02	0.0349431524163877	0.007102272525503621	0.05056815197249558	0.007102272525503621	0.0349431524163877	35823359
2020-12-03	-0.009881965413121039	0.0010980236069174781	0.018391380730167436	-0.010979989020038517	-0.009881965413121039	24220710
2020-12-04	-0.009980621014693566	-0.010812309398392032	0.0030496257277515784	-0.03299137787635154	-0.009980621014693566	23104361
2020-12-07	0.00532072263569644	0.03276398859602311	0.04424536668287202	0.00532072263569644	0.00532072263569644	25580345
2020-12-08	0.006128049797880215	0.001114122500605978	0.009470751561517915	-0.01615604366818699	0.006128049797880215	14542850
2020-12-09	-0.0296234781180365	-0.000553737556858753	-0.000553737556858753	-0.031007725110955845	-0.0296234781180365	17340932
2020-12-10	0.025677661217622307	-0.005706162787622342	0.03823109952157212	-0.008559172854755279	0.025677661217622307	22901354
2020-12-11	0.001668901205315759	-0.003616161234599132	0.03115435240182608	-0.010292044219970953	0.001668901205315759	29981624
2020-12-14	0.009441822240589858	-0.0002776451140042568	0.016662122558295998	-0.017772814094574596	0.009441822240589858	16769314
2020-12-15	-0.034662945511028526	-0.003301183125237104	0.009353535590290842	-0.03961480272983792	-0.034662945511028526	21082426
2020-12-16	-0.057281219720718236	-0.005129666571673035	-0.005129666571673035	-0.05956112852664586	-0.057281219720718236	25343370
2020-12-17	0.011184975139965227	0.0009068620975293942	0.021463088182400843	-0.022974666083756586	0.011184975139965227	15726348
2020-12-18	-0.01285503698490165	0.03228693475973278	0.03677126945377369	-0.017638265541457036	-0.01285503698490165	16149342
2020-12-21	0.023016323440338986	-0.018776438522107888	0.04663843125378548	-0.029678952150212188	0.023016323440338986	19917332
2020-12-22	-0.025162789377228725	-0.0062166668507005075	0.008584991373149648	-0.026642925596297284	-0.025162789377228725	14894593
2020-12-23	0.015487367142423339	0.003036714242332124	0.025812298815669505	-0.022775584573337383	0.015487367142423339	18336002
2020-12-24	-0.018241537626840238	0.0	0.021531131026648546	-0.019736842695479855	-0.018241537626840238	13498302
2020-12-25	-0.029241576043766367	-0.003959823091086014	0.004264361604364298	-0.03685656187288694	-0.029241576043766367	15475703
2020-12-28	-0.03796677006693531	-0.0006275807772957726	0.004079039721398237	-0.03984941826641289	-0.03796677006693531	15016135
2020-12-29	0.009458610567514682	0.0	0.035225048923679	-0.001630756686236128	0.009458610567514682	13265419
2020-12-30	0.04200319735046211	0.0	0.05201938442586801	-0.010985460065090139	0.04200319735046211	19184685
2020-12-31	0.026976713178294573	0.005581395348837201	0.03131776744186056	-0.00465122480620157	0.026976713178294573	18583582
2021-01-04	0.01630437851160553	-0.0036231583219552624	0.02898559870125601	-0.013284994362469644	0.01630437851160553	21558454
2021-01-05	0.028520469399881267	-0.004753416518122299	0.029708853238265005	-0.0196078431372548	0.028520469399881267	22131284
2021-01-06	-0.019352917947802358	0.008665482630429875	0.036106297981117794	-0.024552253742121624	-0.019352917947802358	24341821
2021-01-07	-0.03976444654596625	0.009425596187758662	0.009425596187758662	-0.048011810073289835	-0.03976444654596625	19301478
2021-01-08	-0.00705518448191314	0.00030684050962204173	0.025766903421282447	-0.01625760835936245	-0.00705518448191314	16028885
2021-01-11	-0.0018535063902844178	-0.00679632396652219	0.04417670819205153	-0.01081245013322357	-0.0018535063902844178	18701946
2021-01-12	-0.013927576170610434	-0.007118507981476057	0.007118538931645248	-0.027855183291390168	-0.013927576170610434	16081870
2021-01-13	0.01789074017919834	0.009102353763265738	0.049591900515006254	0.006905241465623302	0.01789074017919834	22636678
2021-01-14	0.13660194264569833	-0.011409158186864015	0.17483805118717236	-0.01942648781991983	0.13660194264569833	73081805
2021-01-15	-0.05371676468484081	-0.008681497322802576	0.01573515963822148	-0.06185564129528908	-0.05371676468484081	49206702
2021-01-18	0.052752292065588055	-0.011181163670264891	0.0805618669563685	-0.01662849722968759	0.052752292065588055	44608392
2021-01-19	0.0051742645649708215	0.009803948534750771	0.04003262418211799	-0.013888942976880638	0.0051742645649708215	36563948
2021-01-20	0.0040639664047684414	0.024112679490653027	0.03386616093199675	-0.016526713627743078	0.0040639664047684414	27244420
2021-01-21	-0.028062627413312714	-0.01511065798406211	-0.0018888018918294905	-0.04587155839526294	-0.028062627413312714	28078742
2021-01-22	-0.025263714602998505	0.0	0.018878428650749506	-0.031371488062187675	-0.025263714602998505	23326742
2021-01-25	-0.00512677285312516	-0.023640044897748663	0.027627484260111627	-0.027912274909932273	-0.00512677285312516	20938899
2021-01-26	0.008016003435442419	-0.0008588033209275431	0.0286286859433152	-0.009161150873175001	0.008016003435442419	16996754
2021-01-27	-0.06219821250207931	0.0	0.0051121841838166395	-0.06759435011628381	-0.06219821250207931	21950611
2021-01-28	-0.015748031496063086	0.002422713506965361	0.02513622047244083	-0.015748031496063086	-0.015748031496063086	16699619
2021-01-29	-0.04430772307692304	0.003076861538461519	0.017846215384615394	-0.06153846153846154	-0.04430772307692304	26952155
2021-02-01	0.027366420713664505	0.010624597895189831	0.040888700608135854	-0.0012877978521506608	0.027366420713664505	13916502
2021-02-02	-0.012848636790974621	0.0006267627702914313	0.005327546223754315	-0.018176120338451954	-0.012848636790974621	11014239
2021-02-03	-0.04476190476190477	0.007936507936507936	0.007936507936507936	-0.04952377777777782	-0.04476190476190477	19704890
2021-02-04	-0.03223659022931211	-0.007643702226653354	0.01362578929877036	-0.07942834828846791	-0.03223659022931211	27713189
2021-02-05	-0.059065966378229175	0.001373591985797036	0.006524656369345687	-0.059065966378229175	-0.059065966378229175	18291063
2021-02-08	0.024087554744525647	-0.0003649999999999649	0.03613135036496354	-0.0007299635036495274	0.024087554744525647	11902350
2021-02-09	0.02601575288723278	0.004276586039792748	0.035281540815450436	-0.010334961166605944	0.02601575288723278	12869156
2021-02-10	0.004862764680001211	-0.0013894059955051816	0.015283049139178573	-0.017019867418552728	0.004862764680001211	13273552
2021-02-18	0.04770131351538201	0.023850708606982327	0.09574839267196684	0.011061182163843771	0.04770131351538201	24617524
2021-02-19	0.008578060329200242	0.00032995712075078055	0.02078528607011823	-0.02342458011958363	0.008578060329200242	15352591
2021-02-22	-0.021589793915603537	0.0058881256133464085	0.01668302257114812	-0.02551517827935885	-0.021589793915603537	17280456
2021-02-23	-0.033767970578401925	-0.0026746907388833785	-0.0016716482781678262	-0.039117352056168564	-0.033767970578401925	14650541
2021-02-24	0.01730103806228374	0.0	0.04844287197231838	0.0	0.01730103806228374	15728571
2021-02-25	-0.027891156462585043	0.004421802721088437	0.004421802721088437	-0.027891156462585043	-0.027891156462585043	12217247
2021-02-26	-0.012246326102169275	-0.03079072778166543	0.0034989503149055784	-0.03743876836948904	-0.012246326102169275	10696722
2021-03-01	0.06128228834573147	0.015940488841657784	0.06234502302515048	0.014169287991498445	0.06128228834573147	16570627
2021-03-02	-0.00834445955755873	0.024699667046050318	0.028037384113397328	-0.02102800470720982	-0.00834445955755873	15450514
2021-03-03	-0.0023561091334940902	0.0016829687540548803	0.006058566343270484	-0.023897644695309476	-0.0023561091334940902	9450615
2021-03-04	0.0037112349430241365	0.019568151807292634	0.04554659397930475	0.002024359042657214	0.0037112349430241365	16998059
2021-03-05	-0.013445378151260456	-0.035294084033613435	-0.0006722689075630109	-0.04201680672268908	-0.013445378151260456	11570797
2021-03-08	-0.011925042589437867	0.03918228279386707	0.03918228279386707	-0.017035775127768313	-0.011925042589437867	13579647
2021-03-09	-0.04103451724137927	-0.010344793103448265	0.009655206896551676	-0.057241379310344835	-0.04103451724137927	13055277
2021-03-10	0.0003596188550743579	0.0248112558364349	0.0248112558364349	-0.0111470338420365	0.0003596188550743579	7635558
2021-03-11	0.051401869158878497	0.004672933141624732	0.09633357296908697	-0.008986340762041696	0.051401869158878497	20472086
2021-03-12	-0.029401743589743606	-0.002051247863247906	0.006837641025641036	-0.03008543589743595	-0.029401743589743606	11371412
2021-03-15	-0.028883375444993826	-0.02042972949734864	-0.008805917886788231	-0.03768929333178206	-0.028883375444993826	10209755
2021-03-16	-0.052593362350380916	0.010881429089590068	0.013783133841131666	-0.06927820094305405	-0.052593362350380916	16574319
2021-03-17	0.011102564659166808	0.00038277180770410614	0.031393566945116136	-0.010336944474083178	0.011102564659166808	9556444
2021-03-18	-0.007194282468761785	0.00946611132146914	0.025369178341537225	-0.013631238167360865	-0.007194282468761785	9296254
2021-03-19	-0.022501907799462532	-0.01220438643037335	-0.0003813882677875603	-0.02364603446399826	-0.022501907799462532	11011353
2021-03-22	-0.00039008975380775703	-0.008973820092618925	0.00936410493032001	-0.01482633690309553	-0.00039008975380775703	7814401
2021-03-23	0.006245120755459774	0.003122560377729956	0.02927400354121766	-0.006245198819469158	0.006245120755459774	11330596
2021-03-24	-0.06904580802770328	-0.01086117102943474	-0.010473273449446223	-0.0737006177773227	-0.06904580802770328	15908568
2021-03-25	-0.03208333333333332	-0.01249995833333332	0.010416666666666666	-0.03333329166666665	-0.03208333333333332	10818200
2021-03-26	0.015066724063710627	0.007318123116659412	0.01980202324580277	-0.0249677141627207	0.015066724063710627	14598779
2021-03-29	0.0012723070398643836	0.008481806615776095	0.031806615776081425	-0.004240882103477433	0.0012723070398643836	9958947
2021-03-30	-0.004235535610523646	0.011859296405790032	0.011859296405790032	-0.008894578191674022	-0.004235535610523646	6545219
2021-03-31	0.0004253509145043815	-0.0029774138664399323	0.005954912803062399	-0.03019995746490863	0.0004253509145043815	9182061
2021-04-01	0.025085076530612285	-0.0034013180272109192	0.041666666666666685	-0.009353784013605438	0.025085076530612285	16760881
2021-04-02	0.07009531024075856	0.016175818491255954	0.10327660293336366	0.007051015883408638	0.07009531024075856	30967388
2021-04-06	-0.012015465581994839	0.007751977044650285	0.00968992285619856	-0.034883683522623436	-0.012015465581994839	14840521
2021-04-07	0.003530796390741462	0.0015692820714005562	0.00902310710082397	-0.02510788544527254	0.003530796390741462	12728386
2021-04-08	-0.03557466770914764	0.0	0.00860043002345588	-0.03752928068803753	-0.03557466770914764	12164412
2021-04-09	-0.010539116335630382	0.008107053100932175	0.017024726388325827	-0.011755208755573577	-0.010539116335630382	8277035
2021-04-12	-0.03154448996312989	-0.004506390823433038	0.017206063088897917	-0.03687013519049564	-0.03154448996312989	9662350
2021-04-13	0.0008460660256373362	-0.010152242392226877	0.02199665913691454	-0.010152242392226877	0.0008460660256373362	6985563
2021-04-14	-0.012679585798816555	0.0	0.008030431107354238	-0.027472527472527413	-0.012679585798816555	8923413
2021-04-15	0.035530820396796996	-0.0021404964837115894	0.048373242792241235	-0.022688398001352916	0.035530820396796996	13402612
2021-04-16	-0.02811082975978369	-0.00744113239185055	-0.005374203994451985	-0.03885907239110899	-0.02811082975978369	10331743
2021-04-19	0.016588685665674053	-0.004678860059549254	0.025946448319863754	-0.02594640578477256	0.016588685665674053	13441374
2021-04-20	0.0012552301255230602	-0.0008368619246860691	0.050209205020920626	-0.0037657322175731105	0.0012552301255230602	16060398
2021-04-21	-0.004596740493104865	-0.009193522774759712	0.010447137484329294	-0.02047634768073552	-0.004596740493104865	9416580
2021-04-22	0.00755667506297228	0.00377833753148614	0.027707808564231745	-0.009235936188077198	0.00755667506297228	14228594
2021-04-23	0.005416625000000064	0.0	0.01750000000000007	-0.016249958333333314	0.005416625000000064	13400811
2021-04-26	0.010360547466247304	0.009531786553327206	0.04061342895206912	-0.002900953290549257	0.010360547466247304	22408296
2021-04-27	-0.03650529271965938	0.0	0.004922108487371081	-0.04019684332226604	-0.03650529271965938	14925519
2021-04-28	0.006811409110259691	0.0	0.015325670498084419	-0.016177054065559728	0.006811409110259691	11169409
2021-04-29	0.017336109936575167	0.0012684989429175956	0.05581391120507412	-0.02283293868921768	0.017336109936575167	17036259
2021-04-30	0.022443932769905774	-0.008728138351127937	0.028678346994112456	-0.012053159270704944	0.022443932769905774	15328129
2021-05-06	-0.02560979674796748	-0.008536626016260238	0.005691056910568984	-0.033333292682926945	-0.02560979674796748	12540714
2021-05-07	-0.038381311572019745	0.005423487919211011	0.010012516062265936	-0.043804716053596815	-0.038381311572019745	13721964
2021-05-10	-0.05509752950531586	-0.008676746580336002	-0.004338308214243279	-0.058568245491030145	-0.05509752950531586	17526749
2021-05-11	0.0022956380947824423	-0.0215795215069089	0.011937556844005727	-0.022038658308601498	0.0022956380947824423	10305675
2021-05-12	0.01786527714154847	-0.009619743472285837	0.02015574896930835	-0.015116811726981141	0.01786527714154847	11666722
2021-05-13	0.01575162087090998	-0.0144013957876417	0.05760580817307861	-0.0144013957876417	0.01575162087090998	18236397
2021-05-14	0.019937970757642857	0.006202879929109417	0.027470137350465152	-0.001329153743907847	0.019937970757642857	15067235
2021-05-17	-0.014769765421372713	0.004344092093831403	0.020417028670721062	-0.018245004344048573	-0.014769765421372713	14588538
2021-05-18	-0.007936507936507924	-0.010581966490299867	0.010141093474426826	-0.014550264550264475	-0.007936507936507924	9474192
2021-05-19	-0.010666666666666597	-0.0004444444444445139	0.011555555555555624	-0.020888844444444506	-0.010666666666666597	11595204
2021-05-20	-0.011230907457322551	0.0008985175202155008	0.010332434860736607	-0.01752017070979349	-0.011230907457322551	10556766
2021-05-21	0.004089050431621983	0.0063607451158562926	0.04316215356656057	0.004089050431621983	0.004089050431621983	15205221
2021-05-24	0.036199095022624306	-0.004524886877828118	0.0488687782805429	-0.02714932126696839	0.036199095022624306	25491747
2021-05-25	0.006113580786026271	-0.0034934497816593146	0.010043624454148602	-0.006550218340611292	0.006113580786026271	21821535
2021-05-26	-0.010850693973494184	0.0026041231508627644	0.021267360188048534	-0.014756943803952085	-0.010850693973494184	19795377
2021-05-27	0.08907410754391806	0.003949012551601089	0.13558568953112382	0.0	0.08907410754391806	55841060
2021-05-28	-0.018130499597099187	-0.01732477840451252	0.013295729250604283	-0.02659145850120871	-0.018130499597099187	29770026
2021-05-31	0.022979030653302035	0.017644562263251496	0.04103405658456887	0.008206770282857264	0.022979030653302035	24115842
2021-06-01	0.09707180104292025	-0.011231448054552793	0.13838744484556767	-0.014841596470116264	0.09707180104292025	60982551
2021-06-02	0.01462522851919556	-0.012797074954296212	0.039853784277879244	-0.020109725776965327	0.01462522851919556	46578647
2021-06-03	-0.015855891891891846	0.0	0.018378378378378434	-0.03855855855855857	-0.015855891891891846	30761528
2021-06-04	0.03332112901212483	-0.011351117222670027	0.06444529712359194	-0.013914280992833487	0.03332112901212483	37181175
2021-06-07	0.0010631113062760423	0.03649897365340086	0.0751240636117669	0.0003543940593335612	0.0010631113062760423	41063877
2021-06-08	-0.02619469026548667	0.008849557522123894	0.012035398230088491	-0.03362835398230089	-0.02619469026548667	30912746
2021-06-09	0.01672115594329334	-0.0014540530716103297	0.03853144311159573	-0.0069065794256634415	0.01672115594329334	23782455
2021-06-10	0.036110155027177473	-0.0007149803616368049	0.06363965189988025	-0.009653128696929917	0.036110155027177473	35187541
2021-06-11	-0.03381642512077296	0.0010351966873706395	0.010006901311249108	-0.03381642512077296	-0.03381642512077296	27199694
2021-06-15	-0.03714289285714286	-0.012857178571428587	0.014285714285714235	-0.04000003571428566	-0.03714289285714286	28825248
2021-06-16	0.020029711425434405	0.007047515098201553	0.04970326593854844	-0.005563798425956862	0.020029711425434405	29244375
2021-06-17	0.09599996363636362	-0.001090945454545404	0.11490909090909092	-0.014181781818181801	0.09599996363636362	60125802
2021-06-18	-0.010617087279929879	-0.0023224619217803973	0.017916423952104316	-0.02820165986070535	-0.010617087279929879	39703692
2021-06-21	0.006706908115358796	-0.008383635144198525	0.027833668678739043	-0.014084507042253579	0.006706908115358796	29292771
2021-06-22	-0.0016655896069286537	0.03197868087941375	0.048634243837441735	-0.01499000666222516	-0.0016655896069286537	29556307
2021-06-23	0.01935268666508792	0.003003003103203302	0.037704405662475994	-0.007674307897040735	0.01935268666508792	34402493
2021-06-24	-0.05499175302755333	-0.008183306323512482	-0.008183306323512482	-0.06055640132754176	-0.05499175302755333	32479816
2021-06-25	-0.0010391755788300323	-0.0006927952652304048	0.03048143295873116	-0.018704571572408336	-0.0010391755788300323	24395182
2021-06-28	0.011789181692094308	0.004507593619972314	0.028432732316227474	-0.008668515950069348	0.011789181692094308	22412232
2021-06-29	-0.03152844413982173	-0.0058259081562713555	0.006511343385880697	-0.03701165181631248	-0.03152844413982173	20646963
2021-06-30	0.03255484784147198	0.008492569002123087	0.05661716206652508	0.004600106157112455	0.03255484784147198	30814994
2021-07-01	-0.043865661411926014	-0.010281048663468066	0.0023989033584647114	-0.04866346812885532	-0.043865661411926014	23294123
2021-07-02	-0.046594982078852945	0.0	0.0	-0.053763440860215055	-0.046594982078852945	25780143
2021-07-05	0.04285714285714274	-0.0007518796992482378	0.045112744360902186	-0.0007518796992482378	0.04285714285714274	22053388
2021-07-06	-0.014419610670511845	0.001802487382840726	0.030641672674837833	-0.030641708723864416	-0.014419610670511845	24631575
2021-07-07	0.025969239209948786	-0.0157278712509144	0.029626920263350356	-0.02340888807607899	0.025969239209948786	20276637
2021-07-08	0.053832443986896454	0.004634616921020213	0.08021390660299133	-0.008556150037652352	0.053832443986896454	43412992
2021-07-09	-0.006089310084212104	-0.012178552509423323	0.00033832883417888606	-0.02875507539766836	-0.006089310084212104	21737154
2021-07-12	0.0023826413336501063	0.006807386208556261	0.021102825769326896	-0.01701838042948878	0.0023826413336501063	23527449
2021-07-13	-0.04448223957615488	0.008488964058099692	0.010865840038511348	-0.05229205255375034	-0.04448223957615488	26344116
2021-07-14	-0.031627541991028484	-0.005330455057940873	0.01705764097575124	-0.03269367564654136	-0.031627541991028484	18865043
2021-07-15	-0.00844036697247708	-0.001100954128440316	0.01247706422018348	-0.02055042201834867	-0.00844036697247708	17029189
2021-07-16	0.004811250925240526	0.02072538860103622	0.0436713915618061	0.0022205773501109815	0.004811250925240526	19935048
2021-07-19	-0.006261510128913376	-0.013996316758747662	0.005156574585635418	-0.023941068139963117	-0.006261510128913376	15003100
2021-07-20	0.021868050407709408	-0.004077057079318086	0.025945144551519618	-0.014084507042253483	0.021868050407709408	14615634
2021-07-21	0.025752665941240416	-0.002901704751541598	0.05186797243380485	-0.006166122597025815	0.025752665941240416	28658155
2021-07-22	0.07637906377726084	0.009547312250802293	0.09193769123275501	0.005657708427945252	0.07637906377726084	52550693
2021-07-23	-0.010512483228893464	0.01773978259724767	0.01773978259724767	-0.024310117466816064	-0.010512483228893464	39938282
2021-07-26	0.06905710262094619	0.00033193890000213016	0.0790172284522833	0.00033193890000213016	0.06905710262094619	61880562
2021-07-27	0.05714285536823419	0.02173916081555402	0.1798136900678977	-0.009627391005360551	0.05714285536823419	98701279
2021-07-28	-0.0041127789626091964	-0.030552319901518122	0.056991743331617425	-0.09547590788848674	-0.0041127789626091964	61095691
2021-07-29	0.031563390468236634	0.030973420001568133	0.07964589500614185	-0.009439527466694552	0.031563390468236634	64422538
2021-07-30	0.0752072326220407	-0.010866485248313261	0.12953957307579134	-0.0220188726903383	0.0752072326220407	67811391
2021-08-02	0.006117127984953643	0.018351144593145918	0.04335111932718713	-0.04787231637618703	0.006117127984953643	64622391
2021-08-03	-0.10309283092292727	-0.019032539305707766	-0.0034364523692068543	-0.10705796420523593	-0.10309283092292727	59444458
2021-08-04	0.01768343648688467	-0.004715590922487373	0.03831417624521064	-0.004715590922487373	0.01768343648688467	41955468
2021-08-05	0.010136171738667108	-0.0037647553942876145	0.028091544398828494	-0.021141037391863144	0.010136171738667108	35011567
2021-08-06	-0.04759174175482382	0.04071095066769063	0.049598622431232066	-0.05389910969325947	-0.04759174175482382	42249194
2021-08-09	0.00872959034528625	-0.022275766939320877	0.021372636322316674	-0.03190851800395812	0.00872959034528625	26038781
2021-08-10	0.004177976972723113	-0.0023872875193846127	0.019994092509345914	-0.026857566508956703	0.004177976972723113	25827092
2021-08-11	-0.02199114282370634	0.0	0.01426445680448992	-0.02436849780870742	-0.02199114282370634	26631643
2021-08-12	0.00941965967790966	0.0027347310847767674	0.039805560619872594	-0.0060772105742933225	0.00941965967790966	24948047
2021-08-13	-0.06140881813940956	-0.0072245934008252	-0.0072245934008252	-0.06592414009861121	-0.06140881813940956	40448104
2021-08-16	0.008338710711994837	0.0022450288646568405	0.031430404105195535	-0.017960198845413767	0.008338710711994837	23628378
2021-08-17	-0.03689567312672796	-0.004452989680248391	0.015585209427951385	-0.04134866280697635	-0.03689567312672796	19910484
2021-08-18	0.009246961385503344	0.009577245390447698	0.018824272826146963	-0.006605052622026014	0.009246961385503344	14324196
2021-08-19	0.003272284138490937	-0.0019633181270719688	0.030759196032696164	-0.011780039652488238	0.003272284138490937	20745462
2021-08-20	0.012067873450750112	-0.002609262883235546	0.026418754076973295	-0.0058708414872798344	0.012067873450750112	18919400
2021-08-23	0.03706087537670402	0.012568449482164151	0.048984787335327545	-0.007734450282486245	0.03706087537670402	23083124
2021-08-24	-0.006215040397762563	-0.0015537290242386478	0.011497793660658793	-0.014916065879428198	-0.006215040397762563	19864598
2021-08-25	-0.027829893683552237	-0.0012507504690432041	0.009068167604753055	-0.03533458411507189	-0.027829893683552237	19078878
2021-08-26	-0.06722418784174976	-0.0003216468317787573	0.009971051785139875	-0.07269218398198783	-0.06722418784174976	31722993
2021-08-27	0.010000034482758626	-0.0041379655172413266	0.013793103448275813	-0.021379344827586154	0.010000034482758626	19252558
2021-08-30	0.023557493220980098	0.021509012580778045	0.06794127456670276	0.013997951041380987	0.023557493220980098	24833398
2021-08-31	0.00033355570380246864	-0.0003335890593728832	0.00033355570380246864	-0.05136754503002007	0.00033355570380246864	28433026
2021-09-01	-0.005335111703901305	0.008002667555852017	0.008336112037345782	-0.04401467155718562	-0.005335111703901305	17149897
2021-09-02	-0.02849480388870258	-0.004357995306738116	0.010056956084478822	-0.03452903117666774	-0.02849480388870258	16276192
2021-09-03	0.023464458247066933	-0.004485852311939234	0.04485855762594887	-0.02001380262249834	0.023464458247066933	18937782
2021-09-06	0.007080276466621656	-0.006405967633175953	0.016857720836142953	-0.018543459204315566	0.007080276466621656	13952828
2021-09-07	0.0030129895208239653	-0.005691328902198502	0.01037827216678035	-0.012052259388943339	0.0030129895208239653	11534573
2021-09-08	0.001335146907047633	0.0003337783823024014	0.008010747930932857	-0.01234976676734869	0.001335146907047633	11578631
2021-09-09	-0.025666666666666654	0.0006666666666666524	0.0026666666666666098	-0.03333333333333333	-0.025666666666666654	14131537
2021-09-10	0.026342798494697214	0.0	0.03592203215874096	-0.011631919261033215	0.026342798494697214	20988050
2021-09-13	-0.041666666666666664	-0.023333366666666678	-0.023333366666666678	-0.04866663333333333	-0.041666666666666664	17973121
2021-09-14	-0.022608695652173865	-0.0013913391304347887	0.012173913043478311	-0.03304351304347827	-0.022608695652173865	14586547
2021-09-15	0.002135231316725933	-0.0032028469750889628	0.012455551601423448	-0.021352313167259836	0.002135231316725933	9792979
2021-09-16	0.017400568181818125	-0.005681818181818187	0.017400568181818125	-0.015269886363636354	0.017400568181818125	12114452
2021-09-17	-0.012216439790575878	-0.006631797556718979	0.003839441535776719	-0.02617801047120419	-0.012216439790575878	7498828
2021-09-22	-0.007420459626164645	-0.01731448824432815	0.01272088384172736	-0.021201343505347806	-0.007420459626164645	8400997
2021-09-23	0.026699893200427198	0.009255962976148151	0.03381990032039873	0.0	0.026699893200427198	12259891
2021-09-24	0.001040256588072074	-0.005547850208044388	0.02011095700416095	-0.006241331484049921	0.001040256588072074	9210630
2021-09-27	0.0010391063027673643	0.01524066452231861	0.02355379204870832	-0.011776930662385493	0.0010391063027673643	9804712
2021-09-28	0.015570934256055463	0.0017301384083045586	0.028373667820069302	-0.006228408304498173	0.015570934256055463	11419776
2021-09-29	-0.017035775127768313	-0.009880783645655884	0.01022146507666089	-0.038500885860306644	-0.017035775127768313	12846979
2021-09-30	-0.006585788561525174	0.007972270363951364	0.014904714038128151	-0.01247833622183719	-0.006585788561525174	8197714
2021-10-08	0.01256106071179342	0.01988834612700629	0.03279832519190514	0.005233740404745328	0.01256106071179342	7339670
2021-10-11	-0.01481736733287387	-0.00034458993797374264	0.00930396278428672	-0.01619576154376292	-0.01481736733287387	7082297
2021-10-12	-0.04372158097236796	0.008394543546694593	0.008394543546694593	-0.05526407834907304	-0.04372158097236796	11057940
2021-10-13	0.0032918800292611504	0.0	0.016825128017556687	-0.01024144111192387	0.0032918800292611504	7055762
2021-10-14	0.012759788552679507	0.005833029529711999	0.023332118118847996	-0.002916514764855935	0.012759788552679507	7287917
2021-10-15	0.0298776087157089	0.003599639899221131	0.041756657964123194	0.0	0.0298776087157089	11279551
2021-10-18	-0.014330653116719574	-0.00034956307761048445	0.0017476056711777004	-0.023767947439079107	-0.014330653116719574	7540175
2021-10-19	-0.015957481703635413	-0.00496460975302799	0.005319113286556306	-0.01843975111915778	-0.015957481703635413	7308234
2021-10-20	-0.011891891891891831	0.004324360360360305	0.006486486486486477	-0.016576540540540533	-0.011891891891891831	6092924
2021-10-21	-0.011670313639679075	0.0018234500364697184	0.005105725747629451	-0.018964259664478594	-0.011670313639679075	6847026
2021-10-22	0.026568265682656782	0.011070110701106906	0.0372694095940959	0.004059003690036841	0.026568265682656782	10616340
2021-10-25	0.0025161394680086003	-0.009345830337886378	0.0032350826743350056	-0.0186916247304098	0.0025161394680086003	6125875
2021-10-26	-0.01254922956433234	-0.0025098243997785465	0.015776300314675477	-0.013983471279436029	-0.01254922956433234	9009242
2021-10-27	-0.014524400344066822	-0.014161255840186847	0.0018155046544842059	-0.022875852473643703	-0.014524400344066822	6921417
2021-10-28	0.020633825373390795	-0.0018422624112845282	0.04053062050591818	-0.0036845248225690565	0.020633825373390795	11844648
2021-10-29	0.018411479479729966	-0.01877259860026722	0.032490937455200854	-0.028519890667151968	0.018411479479729966	13922660
2021-11-01	-0.012052393195760175	0.000709003924459572	0.0024814605629726815	-0.02481386121282735	-0.012052393195760175	9679765
2021-11-02	0.03623961118623581	0.006458485595318106	0.06853246973331649	0.002870469936474055	0.03623961118623581	26188226
2021-11-03	-0.00034619114772140605	0.0062326871964226765	0.017313019990063017	-0.013850381366010472	-0.00034619114772140605	12514504
2021-11-04	0.0006926913511364641	0.002771042508796652	0.013508797592352113	-0.005888465331192685	0.0006926913511364641	10235122
2021-11-05	-0.012114849848212157	0.01765320241097963	0.02042232677128168	-0.015922430457681908	-0.012114849848212157	12344218
2021-11-08	-0.019621618093145818	-0.00630693741040863	-0.00630693741040863	-0.03503854116893689	-0.019621618093145818	10797774
2021-11-09	0.03788423874195853	0.0071479628305932555	0.05432451751250892	-0.0028591851322373784	0.03788423874195853	16465670
2021-11-10	0.014118456814102731	-0.0017217974613706708	0.017561913995801842	-0.008953167735772514	0.014118456814102731	15280056
2021-11-11	0.03904920071140239	-0.008488964058099692	0.05195242607971389	-0.01086594190608003	0.03904920071140239	29276646
2021-11-12	-0.024509803921568627	-0.013071862745098075	-0.002287549019607935	-0.028758202614379086	-0.024509803921568627	16818551
2021-11-15	-0.01440536013400334	0.008375209380234505	0.019765527638190866	-0.01842549413735349	-0.01440536013400334	16358811
2021-11-16	-0.02277362338545213	-0.010197110808973597	-0.000679809653297183	-0.03297073419442561	-0.02277362338545213	13661819
2021-11-17	0.010434747826086945	-0.0010435130434782126	0.011478260869565158	-0.008000000000000014	0.010434747826086945	8834805
2021-11-18	-0.013769329217532886	-0.0017211360317086304	0.0024097074839830044	-0.014457831822988983	-0.013769329217532886	7721046
2021-11-19	-0.009773089005235606	-0.0034904363001744816	0.011518324607329909	-0.02617801047120419	-0.009773089005235606	11811020
2021-11-22	0.043708140863301416	-0.001409975276349133	0.04793792569834601	-0.001409975276349133	0.043708140863301416	18910512
2021-11-23	-0.0030395473475330476	0.0050658221862269134	0.009118473180733803	-0.008105369533759961	-0.0030395473475330476	14909098
2021-11-24	-0.0037262872628726095	0.0023712737127371372	0.03285907859078587	-0.005758807588075818	-0.0037262872628726095	18668937
2021-11-25	0.01088065283917036	0.00476025161509689	0.031961917715062946	-0.0003400204012241266	0.01088065283917036	13632727
2021-11-26	-0.023545206861755864	0.003027245206861751	0.003027245206861751	-0.03599058190380088	-0.023545206861755864	14540223
2021-11-29	-0.0024113674677447923	-0.013778917885672726	0.006889390048591518	-0.02859111165721277	-0.0024113674677447923	11694225
2021-11-30	0.023480663794221805	0.004834288840963067	0.025552556130958446	0.002762500095390209	0.023480663794221805	12820346
2021-12-01	-0.013157861442572907	-0.004385931322062392	0.0067476722924315995	-0.018218590358251973	-0.013157861442572907	10706308
2021-12-02	-0.025982905982906035	-0.004786290598290582	0.010598256410256452	-0.027008581196581203	-0.025982905982906035	10213356
2021-12-03	0.003159003159003154	0.0007020007020008118	0.015093015093015208	-0.007019971919971859	0.003159003159003154	9882540
2021-12-06	-0.04583624912526238	-0.00419877536738973	-0.002799160251924363	-0.04583624912526238	-0.04583624912526238	18684314
2021-12-07	-0.003300330033003295	0.001100073340667404	0.009167583425009168	-0.017968426842684303	-0.003300330033003295	10731466
2021-12-08	0.00588668138337013	0.004414974245768946	0.010301655629139077	-0.00919793966151582	0.00588668138337013	11226549
2021-12-09	0.0	-0.0018287856620336387	0.008778346744696358	-0.00804678127286033	0.0	10111679
2021-12-10	0.021945903438185768	-0.00219455010972938	0.02852966349670807	-0.00512066569129479	0.021945903438185768	16973667
2021-12-13	-0.009305690432867166	-0.005010808696821417	0.005368611117802076	-0.01145311340540039	-0.009305690432867166	9039441
2021-12-14	-0.0007225433526011406	-0.0065028901734103944	0.005419075144508619	-0.014450830924855532	-0.0007225433526011406	7447988
2021-12-15	-0.020245842371655776	0.0014461677512653715	0.0014461677512653715	-0.023499638467100455	-0.020245842371655776	9152893
2021-12-16	0.0	0.0011069741697417013	0.010332066420664211	-0.008487047970479814	0.0	6477859
2021-12-17	-0.046494464944649504	-0.006273062730627369	0.0	-0.046494464944649504	-0.046494464944649504	17854372
2021-12-20	-0.028637770897832756	-0.010061919504644024	-0.0019349458204334243	-0.028637770897832756	-0.028637770897832756	9668156
2021-12-21	0.01912350597609549	0.0	0.019521912350597546	-0.0003984063745020543	0.01912350597609549	7094900
2021-12-22	0.0273651681000782	0.0	0.04222048475371391	-0.007036747458952296	0.0273651681000782	12665676
2021-12-23	-0.0030441399146064834	-0.0026636985287785487	0.008371346713419128	-0.012176635761924012	-0.0030441399146064834	6931730
2021-12-24	0.012213701823904482	0.0	0.019847251150868318	-0.015267251325677455	0.012213701823904482	8331410
2021-12-27	-0.004524886877828092	0.009803959276018064	0.009803959276018064	-0.012820512820512815	-0.004524886877828092	5190763
2021-12-28	-0.0011363257575757618	0.0022726893939394414	0.007954583333333405	-0.015151515151515098	-0.0011363257575757618	5567570
2021-12-29	-0.03185437876926891	0.004929806411459807	0.004929806411459807	-0.03412976738226127	-0.03185437876926891	8690821
2021-12-30	0.014492713885910148	-0.004700391511931334	0.026243633911334423	-0.005092087540458774	0.014492713885910148	7872067
2021-12-31	-0.0030888030888030233	-0.0019305019305018208	0.005791467181467225	-0.006177606177606184	-0.0030888030888030233	4339172
