2019-11-28	0.002109810967780461	0.09813742022320629	0.11200862974181512	0.08195434245149583	0.09813742022320629	271549469
2019-11-29	-0.010526383785290142	0.08890443294840247	0.09582543570019322	0.08198343019661193	0.08429043111387544	153065231
2019-12-02	-0.019148967918892184	0.09582551100441965	0.09815705464485454	0.07251007460007017	0.07484161824050527	212229401
2019-12-03	-0.010845820435791432	0.08631729878289682	0.08869436070583528	0.07680905109114279	0.08394023685995816	143506847
2019-12-04	0.004385944886232264	0.08861598458346737	0.11264724252129217	0.08621285878968472	0.10063161355237978	108089386
2019-12-05	0.004366792375543723	0.09821801565642577	0.10061064749881445	0.09104012012925952	0.10061064749881445	105160112
2019-12-06	-0.002174022315293313	0.09344317633093353	0.09582540547326668	0.0862964889039339	0.09344317633093353	77274378
2019-12-09	0.013072076431801088	0.09821294492247211	0.11492488104085763	0.09582552547698853	0.11015004214989045	138928257
2019-12-10	-0.015053812093528345	0.09111210245990403	0.09111210245990403	0.07461580717433305	0.079329034398782	132946593
2019-12-11	0.0	0.09343275197164841	0.10061064749881445	0.08864748828687084	0.09582538381403709	88192000
2019-12-12	-0.008733824014271507	0.09343275197164841	0.09343275197164841	0.0838622246020935	0.08625485644448218	84978238
2019-12-13	0.015418555899777822	0.10065302999400183	0.11513530670444935	0.09582560442385281	0.11272159391937484	157897444
2019-12-16	-0.004338375715555122	0.09107142262877373	0.09107142262877373	0.0815631749370197	0.09107142262877373	125307928
2019-12-17	0.047930310271418586	0.09343810603150494	0.18416004495988306	0.09105068658602136	0.14834875327762845	506606985
2019-12-18	-0.016631942743687345	0.08443437975935124	0.09582549719379817	0.07304326232490431	0.0775997092986832	240568355
2019-12-19	0.0	0.09814217048958385	0.1143594599271936	0.09119190358775098	0.09582541485563963	138422495
2019-12-20	0.008456621415023484	0.09814217048958385	0.12825999373085933	0.09582541485563963	0.10509243739141651	211196763
2019-12-23	0.0020965415335076317	0.10042011237150177	0.11879873637770641	0.0958254563699505	0.09812278437072623	211624828
2019-12-24	0.0	0.10041038429769408	0.10728794919955473	0.08436273286001952	0.09582534102978713	98706099
2019-12-25	-0.0020921552431458308	0.09582534102978713	0.10041038429769408	0.086655254493973	0.09353281939583344	87253983
2019-12-26	0.0041928533342153575	0.09352812836917497	0.1027174403722773	0.08893347236762392	0.10042011237150177	97277112
2019-12-27	0.0	0.09353774100725365	0.10955189202618819	0.09125000514740568	0.09582547686710141	138863556
2019-12-30	0.0	0.08667453342771016	0.09811321272694917	0.07523585412847114	0.09582547686710141	126916653
2019-12-31	-0.0020875589721111388	0.09125000514740568	0.09582547686710141	0.08667453342771016	0.09353774100725365	83370678
2020-01-02	0.004184081234128641	0.10728794919955473	0.1095804708335082	0.10041038429769408	0.10041038429769408	213979204
2020-01-03	-0.004166647641920854	0.09582536196481488	0.0981083314689082	0.08441051444434809	0.09125942295662824	111390320
2020-01-06	-0.006276236477274472	0.08894777612792648	0.09582534102978713	0.086655254493973	0.08894777612792648	109659608
2020-01-07	0.004210507374097787	0.09582543570019322	0.10274643845198397	0.09582543570019322	0.10043943753472026	84885793
2020-01-08	-0.01886795487036988	0.07514950436297034	0.07514950436297034	0.07514950436297034	0.07514950436297034	141861700
2020-01-09	0.004273485261264288	0.10050850517461445	0.10753302754806948	0.09816699771679617	0.10050850517461445	61400954
2020-01-10	0.0	0.10048859828528942	0.10048859828528942	0.09116242372354967	0.09582551100441965	47111150
2020-01-13	0.0	0.09582551100441965	0.09582551100441965	0.09582551100441965	0.09582551100441965	47124390
2020-01-14	0.0	0.09582551100441965	0.09582551100441965	0.09582551100441965	0.09582551100441965	50132867
2020-01-15	-0.006382833870054746	0.09349396736398477	0.09349396736398477	0.0864993364426799	0.08883088008311478	48182903
2020-01-16	-0.00642407080111158	0.09582535125074267	0.09817187234549796	0.08643926687172131	0.0887857879664766	49832094
2020-01-17	-0.002155044658429566	0.09818714100793738	0.10054883378429849	0.09110206267885386	0.09346375545521496	41167928
2020-01-20	0.006479333397394397	0.095825307931645	0.10292568789664491	0.09345851460997842	0.10292568789664491	42847785
2020-01-21	-0.010729683372282901	0.09347391253431524	0.09347391253431524	0.08406768532971896	0.08406768532971896	47429215
2020-01-22	0.0	0.09344848455171219	0.0982026083975893	0.08631729878289682	0.09582554647465084	49783370
2020-01-23	-0.010845820435791432	0.09107142262877373	0.09582554647465084	0.07680905109114279	0.08394023685995816	81527704
2020-02-03	-0.10087721300850452	-0.01471842454917978	0.01652221076999276	-0.01471842454917978	-0.01471842454917978	159277462
2020-02-04	0.017073226794160165	0.09315264152718501	0.11720734513047266	0.09315264152718501	0.11453460028566298	98883874
2020-02-05	0.011990221138601953	0.09319744748907531	0.11947623228448569	0.0879416905299931	0.10896471836632149	83113085
2020-02-06	0.00473931557126522	0.09582552795679429	0.10621249978576865	0.08284181317057639	0.10101901387128158	83627690
2020-02-07	-0.007075311386325246	0.09065656232805036	0.09324105655157672	0.0803185854339456	0.08807206810452423	70867666
2020-02-10	0.004750572184828581	0.09582537384954604	0.10103119510298819	0.08801664196938294	0.10103119510298819	51313134
2020-02-11	0.007092295958865353	0.09841600122690995	0.1087784163328242	0.09064418989747419	0.10359720877986696	79615920
2020-02-12	0.002347278353257445	0.09325293165419968	0.09839765133257226	0.08810821197582708	0.09839765133257226	48155883
2020-02-13	-0.011709677601481849	0.09325910805454798	0.09582544398894828	0.08299376431694659	0.08299376431694659	49322191
2020-02-14	0.002369787622780548	0.09322878499955076	0.10361575682852511	0.09322878499955076	0.09842227091403805	34272429
2020-02-17	0.023640554762255073	0.09582539745043143	0.12432203899169547	0.09582539745043143	0.12173143521521695	103830406
2020-02-18	-0.006928249242855394	0.08823318761975305	0.09329473732961248	0.08317163790989383	0.08823318761975305	64961504
2020-02-19	-0.002325698149049114	0.09582533869285356	0.10092220073328555	0.09072847665242179	0.09327690767263767	55363569
2020-02-20	0.023310174547882593	0.09582546693276409	0.126477927546268	0.09327109521497215	0.1213691841106839	124951840
2020-02-21	-0.002278018618047017	0.09083293456774685	0.10081767538758894	0.08833674936278639	0.09332911977270733	81081770
2020-02-24	-0.011415598799795892	0.0933235459609952	0.0933235459609952	0.08081412323832939	0.0833160077828625	78663639
2020-02-25	-0.018475668750928494	0.08317163790989383	0.08317163790989383	0.06292543907045654	0.07557931334510479	103649018
2020-02-26	0.00470586111895373	0.08809018256451505	0.1164527228683295	0.08293335705473072	0.10098224633897608	82769305
2020-02-27	0.004683819713874136	0.09582544398894828	0.10352445179214939	0.09069277212014769	0.1009581158577491	56968970
2020-02-28	-0.02330991911071078	0.08305360834380418	0.08560798006159612	0.0677273780370521	0.07028174975484426	89238805
2020-03-02	0.016706498218172293	0.09844068498761116	0.11674802973740452	0.09844068498761116	0.11413269477314836	60459614
2020-03-03	-0.0023475355892415136	0.10097001117175879	0.10611473085013139	0.09068057181501338	0.09325293165419968	67589277
2020-03-04	0.002353059480114685	0.09066859531940744	0.10098224633897608	0.08551176980962288	0.09840383358408392	42149112
2020-03-05	0.02816888365499398	0.10097001117175879	0.12926596940280852	0.09582529149338596	0.12669360956362222	187245291
2020-03-06	-0.01598178828202344	0.0833160077828625	0.08581789232739562	0.07581035414926293	0.07831223869379604	87387084
2020-03-09	-0.020881704748509276	0.08057037843862924	0.08311289697613185	0.0729428228261212	0.0729428228261212	70604436
2020-03-10	0.0071091031940457685	0.08803529908506369	0.10361575682852511	0.08803529908506369	0.10361575682852511	59250596
2020-03-11	-0.007058920599068415	0.0932470080742996	0.09840383358408392	0.08809018256451505	0.08809018256451505	42363618
2020-03-12	0.00473931557126522	0.09842227091403805	0.10621249978576865	0.09322878499955076	0.10101901387128158	59685958
2020-03-13	-0.002358350978967543	0.06998060853984085	0.09324105655157672	0.06222712586926246	0.09324105655157672	79517722
2020-03-16	-0.021276628816218487	0.10100660500338846	0.10100660500338846	0.0699193596856457	0.0725099634621242	77555509
2020-03-17	-0.004830896136394744	0.09317851313958221	0.10111927715754535	0.07994390644297715	0.09053159180026124	45632178
2020-03-18	-0.012136000444713673	0.10114495137008751	0.1038047217840251	0.07986678805858821	0.0825265584725258	42659083
2020-03-19	-0.00982796616672434	0.09313305125474704	0.09851794313284937	0.07159348374233833	0.08505571343759391	54396642
2020-03-20	0.007444271293751099	0.09854461872208267	0.10398295841872653	0.09310627902543857	0.10398295841872653	30345044
2020-03-23	-0.02216752092459583	0.07963087420410965	0.08232995138961986	0.06883456546206855	0.07153364264757889	35610901
2020-03-24	0.010075520862086108	0.10410617084938886	0.10962670170363568	0.0958253745680185	0.10686643627651227	26809775
2020-03-25	0.01246890834472421	0.10675635127845381	0.11222181474155742	0.09855815608379853	0.10948908301000548	41293543
2020-03-26	-0.0024631778394966076	0.09042718294615076	0.10392256887370208	0.08772810576064054	0.09312626013166098	33460044
2020-03-27	-0.0024692600661716754	0.09853121506210745	0.10394269888014752	0.09311973124406764	0.09311973124406764	27718558
2020-03-30	0.0	0.09853804928936791	0.10125048891724284	0.0904007304057429	0.09582560966149299	34466604
2020-03-31	0.0	0.103962928545118	0.103962928545118	0.09582560966149299	0.09582560966149299	20717191
2020-04-01	0.0024753724043987606	0.10125048891724284	0.103962928545118	0.09582560966149299	0.09853804928936791	24355717
2020-04-02	0.0049382495581522905	0.09041398933504773	0.10123695697112761	0.08770824742602756	0.10123695697112761	26158799
2020-04-03	-0.007371109247340196	0.09313305125474704	0.09313305125474704	0.08505571343759391	0.08774815937664494	19672151
2020-04-07	0.009901218373632096	0.103962928545118	0.10938780780086785	0.10125048891724284	0.10667536817299293	37219710
2020-04-08	-0.004901938402259828	0.09313951548941096	0.09313951548941096	0.08776782253860292	0.09045366901400682	22160603
2020-04-09	0.0024629079317781384	0.09852441450268165	0.10122349168819186	0.09582533731717119	0.09852441450268165	19909970
2020-04-10	-0.0024568569193841434	0.09582549719379832	0.09851794313284937	0.08774815937664494	0.09313305125474704	23971967
2020-04-13	-0.004926355678993335	0.09312626013166098	0.09312626013166098	0.09042718294615076	0.09042718294615076	16302223
2020-04-14	0.0049507448087974006	0.09853804928936791	0.10125048891724284	0.09582560966149299	0.10125048891724284	14019651
2020-04-15	-0.0024631778394966076	0.09582533731717119	0.09582533731717119	0.09042718294615076	0.09312626013166098	15651973
2020-04-16	0.0	0.09311973124406764	0.09853121506210745	0.09041398933504773	0.09582547315308755	20982661
2020-04-17	0.0024692600661715552	0.09582547315308755	0.10123695697112761	0.09311973124406764	0.09853121506210745	22241413
2020-04-20	-0.0024631778394966076	0.09582533731717119	0.09582533731717119	0.09042718294615076	0.09312626013166098	14651084
2020-04-21	-0.004938249558152411	0.09582547315308755	0.09582547315308755	0.08770824742602756	0.09041398933504773	21682044
2020-04-22	0.0024812424865938263	0.09582544887376074	0.09854461872208267	0.09310627902543857	0.09854461872208267	14015316
2020-04-23	-0.0024751011604359353	0.09582560966149299	0.09582560966149299	0.0904007304057429	0.09311317003361806	14766946
2020-04-24	-0.007444271293751099	0.09582544887376074	0.09582544887376074	0.08766793932879471	0.08766793932879471	22520505
2020-04-27	0.012500082186917219	0.0958255621037221	0.11500250944053732	0.0958255621037221	0.10952338163001858	35633150
2020-04-28	-0.007407239050133146	0.09041398933504773	0.09311973124406764	0.07417953788092789	0.08770824742602756	28523143
2020-04-29	0.012437617010697677	0.09582528728613682	0.11218088858891512	0.09309935373567385	0.10945495503845215	44361046
2020-04-30	0.002457126163978086	0.09313305125474704	0.10390283501095145	0.09313305125474704	0.09851794313284937	45185101
2020-05-06	-0.002451103493453703	0.09045366901400682	0.09313951548941096	0.08508197606319902	0.09313951548941096	26269990
2020-05-07	0.0	0.09582549719379832	0.09851794313284937	0.09313305125474704	0.09582549719379832	20010070
2020-05-08	0.007371109247340196	0.09851794313284937	0.10390283501095145	0.09582549719379832	0.10390283501095145	33243441
2020-05-11	-0.004878026616262208	0.0958253863719947	0.09849813121680462	0.08780715183756564	0.09047989668237533	28309425
2020-05-12	-0.002451103493453703	0.09582536196481486	0.09851120844021877	0.09045366901400682	0.09313951548941096	15251013
2020-05-13	0.0	0.09582549719379832	0.09582549719379832	0.09044060531569599	0.09582549719379832	13581558
2020-05-14	-0.007371109247340196	0.09313305125474704	0.09313305125474704	0.08774815937664494	0.08774815937664494	17772969
2020-05-15	0.0024753724043987606	0.10125048891724284	0.10125048891724284	0.09582560966149299	0.09853804928936791	13458363
2020-05-18	0.0	0.09582547315308755	0.10123695697112761	0.09311973124406764	0.09582547315308755	16123890
2020-05-19	0.0024692600661715552	0.09853121506210745	0.10394269888014752	0.09853121506210745	0.09853121506210745	14737136
2020-05-20	0.0	0.09582533731717119	0.10122349168819186	0.09312626013166098	0.09582533731717119	19503661
2020-05-21	-0.0024631778394966076	0.09582533731717119	0.09852441450268165	0.09312626013166098	0.09312626013166098	17090789
2020-05-22	-0.0098764991163047	0.09582547315308755	0.09582547315308755	0.08500250551700765	0.08500250551700765	23583600
2020-05-25	0.004987508683255021	0.10402361954690213	0.10675635127845381	0.09855815608379853	0.10129088781535045	17361698
2020-05-26	-0.03225805574461335	0.06047624084557482	0.07407209008718482	0.0387228820589989	0.06047624084557482	280603486
2020-05-27	-0.010256364146727101	0.09020582130571249	0.09301563012351079	0.08177639485231787	0.08458620367011603	78538612
2020-05-28	0.0025905198612673846	0.09582538788953963	0.10434216551562421	0.09582538788953963	0.0986643137649012	64586606
2020-05-29	-0.002583826407640325	0.09299396531414793	0.0958255558978634	0.09016237473043258	0.09299396531414793	36440113
2020-06-01	0.007772127368977179	0.0986643137649012	0.10718109139098564	0.09582538788953963	0.10434216551562421	64758499
2020-06-02	0.015424092831330751	0.0958252719280553	0.11554449275966551	0.09019120883330951	0.11272746121229267	89586916
2020-06-03	-0.0025317726930864366	0.095825349297798	0.10414807346967996	0.0930511079071706	0.0930511079071706	60620691
2020-06-04	-0.0025379207072913973	0.10138805489028808	0.10416933785718283	0.09026292302270941	0.09304420598960414	44741335
2020-06-05	0.0025443781372531116	0.09861368337284436	0.09861368337284436	0.09303696416790606	0.09861368337284436	29501638
2020-06-08	0.002538198835588002	0.09860677192339348	0.10138805489028808	0.09582548895649876	0.09860677192339348	33765039
2020-06-09	0.0025314952689474584	0.095825349297798	0.10137383207905268	0.095825349297798	0.09859959068842528	28336251
2020-06-10	-0.005050482689000789	0.09582551358519244	0.09582551358519244	0.08752380514894104	0.09029104129435812	30684295
2020-06-11	0.0	0.09582548895649876	0.10416933785718283	0.09304420598960414	0.09582548895649876	42580958
2020-06-12	-0.010152239085758923	0.0874816400558148	0.10138805489028808	0.08470035708892007	0.08470035708892007	60597412
2020-06-15	0.0	0.10144505657690542	0.10425486539470372	0.09582543894130896	0.09582543894130896	30162233
2020-06-16	0.005128182073363488	0.10144505657690542	0.10425486539470372	0.09863524775910724	0.10144505657690542	25691995
2020-06-17	-0.002550869224412769	0.09582546407649312	0.0986209371991373	0.09023451783120488	0.09302999095384906	26382170
2020-06-18	0.002557392798998469	0.09302267573632597	0.10143054247275932	0.09302267573632597	0.0986279202272815	30014153
2020-06-19	0.005102017996137842	0.0986209371991373	0.1070073565670696	0.09582546407649312	0.10141641032178135	61875175
2020-06-22	0.0	0.09582548895649876	0.10138805489028808	0.09304420598960414	0.09582548895649876	37386390
2020-06-23	-0.005076119542879523	0.09582548895649876	0.09582548895649876	0.0874816400558148	0.09026292302270941	28049374
2020-06-24	0.010204035992275559	0.0986209371991373	0.11259830281235783	0.09582546407649312	0.1070073565670696	53128224
2020-06-29	-0.007575585671693954	0.09859274973060965	0.10135998587602675	0.08475656900352382	0.08752380514894104	33224765
2020-06-30	0.0025443781372531116	0.09582532377037528	0.10140204297531358	0.09582532377037528	0.09861368337284436	25102556
2020-07-01	0.010152239085758923	0.09582548895649876	0.10973190379097215	0.09026292302270941	0.10695062082407743	69045799
2020-07-02	0.027638206865980276	0.09307220746895967	0.13161883443260058	0.08756554647415381	0.12611217343779463	151995854
2020-07-03	0.029339991522758017	0.10118408100427992	0.1306561610311583	0.09850480100183623	0.12797688102871485	232509409
2020-07-06	0.09976253646352436	0.13226612262364013	0.20514762017182853	0.12445739074347725	0.20514762017182853	447463926
2020-07-07	0.030237441439616212	0.17392948754664347	0.19523062744164302	0.11475965450497796	0.1289604144349776	622212451
2020-07-08	0.07337504821517137	0.06596019235986803	0.20379987240640282	0.05906820835754143	0.17623193639709586	572426870
2020-07-09	-0.015624933116108738	0.09154510564016329	0.1065270972862048	0.04873941522290213	0.07870339851498498	480943406
2020-07-10	-0.060416518092428616	0.03929491449951215	0.03929491449951215	-0.02158428551301163	-0.019410028369707257	314362373
2020-07-13	-0.0044346739482574995	0.02281667977970108	0.05752765307539238	0.006618225575045115	0.03901513398435705	267891840
2020-07-14	-0.020044460601417388	0.03434586108246978	0.04131897924707076	0.006453388424066077	0.022723997474801624	195829690
2020-07-15	-0.029545540796964028	0.04127134724857673	0.05075901328273233	0.010436432637571061	0.012808349146109909	174660778
2020-07-16	0.007025895064715649	0.04364335651345878	0.08274943076220669	0.04119922687291209	0.050975745435099064	201761415
2020-07-17	-0.016279135242083898	0.04364321770251898	0.053351526704402887	0.014518290696867258	0.026653676949222303	131604342
2020-07-20	0.03309681530893943	0.055979496233632055	0.08065191436993177	0.04117604535185204	0.07818467255630185	143950712
2020-07-21	-0.013729761796155782	0.05080799970577378	0.053196199705105036	0.024537799713129364	0.029314199711791868	103848726
2020-07-22	-0.002320229436839485	0.04364317186163661	0.06059329298235932	0.033957388364080805	0.041221725987247715	101911930
2020-07-23	-0.01860476066348518	0.03393490870063507	0.03878906320157713	0.012091213446396335	0.024226599698751163	117533537
2020-07-24	-0.028436065840539686	0.03869715720953516	0.04611642261817476	0.011493184044523447	0.013966272514069906	105985316
2020-07-27	-0.004877887360333218	0.0487343278491146	0.05382527118818786	0.03346149783189436	0.03855244117096785	51183749
2020-07-28	0.002451026786330929	0.04875911333300244	0.05131706238991237	0.041085266162273315	0.04620116427609273	39920213
2020-07-29	0.017114727259551255	0.041091472133961984	0.06150503041109851	0.03598808256467774	0.06150503041109851	62885247
2020-07-30	-0.00961531707189794	0.04364335896615089	0.0461521170405887	0.031099568593961624	0.033608326668399434	50411751
2020-07-31	0.0	0.041110173014272375	0.051242632119034154	0.03604394346189137	0.04364328779046276	53984903
2020-08-03	0.009708669002705056	0.048709517342843546	0.05377574689522455	0.04364328779046276	0.05377574689522455	79506819
2020-08-04	0.021634777006529826	0.04113460089171308	0.07374845585940527	0.033608326668399434	0.06622218163609161	172430877
2020-08-05	-0.016470654103985592	0.031365038640582335	0.033820669684964624	0.019086883418670684	0.026453776551817545	89535491
2020-08-06	0.004784779786277828	0.043643263757115594	0.04863677219614497	0.033656246879057064	0.04863677219614497	64500639
2020-08-07	-0.011904986725852914	0.03618857538731577	0.04364316945485048	0.02873398131978106	0.031218846008959446	59400142
2020-08-10	0.0024096846084476218	0.0436434069148041	0.051187817085272404	0.033584193354179476	0.0461582103049602	55143612
2020-08-11	-0.002403891986926355	0.04113460089171308	0.06622218163609161	0.03862584281727505	0.04113460089171308	94213245
2020-08-12	-0.0024096846084476218	0.0436434069148041	0.0486730136951163	0.033584193354179476	0.041128603524647776	63886629
2020-08-13	-0.002415253126392745	0.046164333005955425	0.04868521091681309	0.04112257718423986	0.04112257718423986	42654871
2020-08-14	0.012106514279591822	0.0436432397819619	0.05627814583259093	0.038589277361710375	0.05627814583259093	56706532
2020-08-17	0.03827748926395667	0.043643263757115594	0.09357834814740826	0.04114650953760102	0.08359133126934973	229622886
2020-08-18	-0.016129098193607305	0.04123857853860615	0.04123857853860615	0.019596206236418067	0.026810330337147286	122779957
2020-08-19	-0.007025650651751561	0.04119922687291209	0.05341987507564575	0.036310967591818705	0.036310967591818705	88004488
2020-08-20	-0.011792430189743635	0.04118181766715716	0.043643240403958894	0.028874703983148033	0.03133612671994999	53736890
2020-08-21	0.007159790992387581	0.04862480702563667	0.053606397557825085	0.04613401175954258	0.05111560229173077	38610903
2020-08-24	-0.0071088928057114	0.04364333414862808	0.04611642261817476	0.0362240687399887	0.0362240687399887	35241606
2020-08-25	-0.004773360047942927	0.04613401175954258	0.04862480702563667	0.036170830695165974	0.03866162596126007	35280448
2020-08-26	-0.014388512615570292	0.04364331124747162	0.04364331124747162	0.02862686072592536	0.02862686072592536	46966363
2020-08-27	0.0024331363615241407	0.04618261422244634	0.048721892412306594	0.04364333603258609	0.04618261422244634	29666954
2020-08-28	0.009708669002705056	0.041110173014272375	0.05630886167141494	0.03857705823808176	0.05377574689522455	44427686
2020-08-31	0.002403891986926355	0.0461521170405887	0.05618714933834016	0.04113460089171308	0.0461521170405887	61445186
2020-09-01	-0.004796254296581895	0.03863782774028961	0.04114056949388061	0.03363234423310737	0.03863782774028961	32778188
2020-09-02	-0.0024096846084476218	0.0436434069148041	0.0461582103049602	0.036098996744335574	0.041128603524647776	32857159
2020-09-03	-0.00483075834057661	0.04364345509509753	0.04868521091681309	0.03608082136252452	0.03860169927338219	30287986
2020-09-04	0.007281438424159379	0.04364328779046276	0.051242632119034154	0.03857705823808176	0.051242632119034154	33524741
2020-09-07	-0.0024096846084476218	0.03861380013449168	0.0461582103049602	0.036098996744335574	0.041128603524647776	37083378
2020-09-08	0.007246515642551597	0.04364345509509753	0.05120608882767076	0.04364345509509753	0.05120608882767076	37392325
2020-09-09	0.004796254296582006	0.03863782774028961	0.05115153650824485	0.03613508598669837	0.04864879475465385	67228297
2020-09-10	-0.007160040071914336	0.04862480702563667	0.05111560229173077	0.03368003542907188	0.036170830695165974	50858304
2020-09-11	-0.002403891986926355	0.04113460089171308	0.04364335896615089	0.033608326668399434	0.04113460089171308	42126644
2020-09-14	0.0096387384337906	0.0436434069148041	0.05621742386558483	0.041128603524647776	0.053702620475428724	45429780
2020-09-15	0.00954647101635899	0.041152421227354165	0.05609719282391918	0.041152421227354165	0.053606397557825085	65174536
2020-09-16	0.0	0.04117604535185204	0.048577770792742045	0.033774319910962254	0.043643287165482186	45803682
2020-09-17	0.004728222211640486	0.043643287165482186	0.048577770792742045	0.03870880353822211	0.048577770792742045	45925320
2020-09-18	0.016470654103985592	0.04364319386249398	0.060832611173170424	0.03873193177372941	0.060832611173170424	87216032
2020-09-21	-0.018518625889210445	0.05089064794293589	0.055722329082903525	0.02190056110313095	0.02431640167311466	72869600
2020-09-22	0.0	0.036258972193553465	0.06087319956157127	0.03379754945675172	0.043643240403958894	55192103
2020-09-23	-0.009433894923340165	0.043643240403958894	0.043643240403958894	0.03379754945675172	0.03379754945675172	36288840
2020-09-24	-0.009523989380682354	0.03867344007649393	0.04364316945485048	0.03370371069813761	0.03370371069813761	37009234
2020-09-25	0.007211675960779176	0.04364335896615089	0.05618714933834016	0.04113460089171308	0.05116963318946454	34884237
2020-09-28	0.002386680023971408	0.04364321649344848	0.05111560229173077	0.03866162596126007	0.04613401175954258	23689500
2020-09-29	0.004761746203872169	0.048612898833206804	0.05109776352238519	0.04364316945485048	0.048612898833206804	28314722
2020-09-30	0.0	0.04117024567908162	0.04858951108772122	0.03869715720953516	0.04364333414862808	26853920
2020-10-09	0.004739426743038926	0.04611642261817476	0.05106259955726768	0.0362240687399887	0.04858951108772122	44101088
2020-10-12	0.009433894923340165	0.04118181766715716	0.0559503540879678	0.0387203949303552	0.05348893135116606	58239966
2020-10-13	-0.009345728304533113	0.038766472129602936	0.041204891078263924	0.03145121528361997	0.03388963423228096	32737509
2020-10-14	-0.009433894923340165	0.043643240403958894	0.04610466314076063	0.03379754945675172	0.03379754945675172	23639248
2020-10-15	0.004761746203872169	0.04612803414402864	0.058552357589919675	0.04364316945485048	0.048612898833206804	31195319
2020-10-16	0.007109140114558389	0.03869715720953516	0.056008776496360595	0.03869715720953516	0.05106259955726768	47877798
2020-10-19	0.0	0.04609882490687627	0.0632882422175527	0.04364319386249398	0.04364319386249398	76477041
2020-10-20	-0.007058957000181456	0.04364319386249398	0.04609882490687627	0.031365038640582335	0.03627630072934691	36008446
2020-10-21	0.007109140114558389	0.04611642261817476	0.05106259955726768	0.03869715720953516	0.05106259955726768	31035741
2020-10-22	-0.007058957000181456	0.0411875628181117	0.048554455951258554	0.03627630072934691	0.03627630072934691	26818101
2020-10-23	0.0	0.04364333414862808	0.05106259955726768	0.04117024567908162	0.04364333414862808	31027969
2020-10-26	-0.018957459663308824	0.04364333414862808	0.04611642261817476	0.021385537922709506	0.023858626392255965	45455824
2020-10-27	-0.009661768768944342	0.03860169927338219	0.04364345509509753	0.03355994345166663	0.03355994345166663	28516988
2020-10-28	-0.004877887360333218	0.043643384510041114	0.0487343278491146	0.03346149783189436	0.03855244117096785	27843605
2020-10-29	-0.004902053572661858	0.041085266162273315	0.041085266162273315	0.03341141899154396	0.03852731710536338	23325384
2020-10-30	-0.019704294206648574	0.046213862565028574	0.04878441259590083	0.023078912287177743	0.023078912287177743	50443251
2020-11-02	-0.0025126102511980864	0.04364316424216298	0.04888760225343014	0.038398726230895824	0.041020945236529466	26725929
2020-11-03	0.010075494573843994	0.04364321387430335	0.05678733495584354	0.04364321387430335	0.05415851073953552	20433951
2020-11-04	-0.002493812965068655	0.04884849188339617	0.05405369531706055	0.035835483299234853	0.04104068673289936	19498225
2020-11-05	0.0025000476162272914	0.04886155471026226	0.04886155471026226	0.041034229675111215	0.04625244636521191	22170031
2020-11-06	0.0	0.04624589016656374	0.04624589016656374	0.038438085016067165	0.04364328844973155	20425227
2020-11-09	0.01496261753024021	0.04884849188339617	0.05925889875072517	0.04624589016656374	0.05925889875072517	38121701
2020-11-10	-0.002457049079439966	0.048771731883686324	0.053900200010257034	0.035950561567259884	0.04107902969383037	26781495
2020-11-11	-0.0024631010395818383	0.041072762503283844	0.04878441259590083	0.03593166244153934	0.041072762503283844	25227958
2020-11-12	-0.002469182886516535	0.04106646436305803	0.04622025874109286	0.03848956717404062	0.04106646436305803	15265658
2020-11-13	-0.004950331356782886	0.0436434108126624	0.0436434108126624	0.030727031965971083	0.03847685927398574	18670193
2020-11-16	0.0024876093326628348	0.043643239125925264	0.04883549404694989	0.04104711166541307	0.046239366586437694	17559861
2020-11-17	0.002481177519563089	0.04623287538201092	0.04623287538201092	0.04105350471180283	0.04623287538201092	20631369
2020-11-18	0.007425884526539785	0.04106013504332418	0.056559789659353724	0.03847685927398574	0.05139323812067729	41946466
2020-11-19	0.002457049079439966	0.04107902969383037	0.048771731883686324	0.035950561567259884	0.04620749782040108	36760307
2020-11-20	-0.004902053572661858	0.041085266162273315	0.043643215219183025	0.03596936804845367	0.03852731710536338	15144496
2020-11-23	0.004926202079163677	0.041072762503283844	0.051354962626773075	0.03850221247241159	0.04878441259590083	38882555
2020-11-24	-0.009804107145323716	0.041085266162273315	0.043643215219183025	0.03341141899154396	0.03341141899154396	31005474
2020-11-25	-0.004950331356782886	0.04880996235133884	0.0539765138900155	0.03847685927398574	0.03847685927398574	34917200
2020-11-26	0.007462568385242416	0.04883549404694989	0.05662387642848671	0.046239366586437694	0.05143162150746208	28869955
2020-11-27	0.024691313485727586	0.04622025874109286	0.06941233344225028	0.043643361552075446	0.06941233344225028	69578322
2020-11-30	-0.007228802345003815	0.053702620475428724	0.07885065437699018	0.036098996744335574	0.036098996744335574	181592142
2020-12-01	0.03883492932229799	0.04617640256665315	0.08670623898570029	0.04364328779046276	0.0841731242095099	137077694
2020-12-02	-0.016354963572459223	0.038766472129602936	0.043643310026925126	0.019259120540314596	0.026574377386297778	118718120
2020-12-03	0.014251554185405454	0.038685198066607765	0.06595378321871427	0.03372727349349735	0.05851689635904876	120455071
2020-12-04	-0.01873523134664689	0.033866837951272016	0.036310967591818705	0.021646189748538134	0.02409031938908504	64429314
2020-12-07	-0.014319831064301916	0.04613401175954258	0.05111560229173077	0.021226059098600956	0.028698444896883463	54392794
2020-12-08	-0.0024213533955425516	0.0436432397819619	0.051224183412339405	0.036062296151584385	0.04111625857183614	35943848
2020-12-09	-0.012135899581250846	0.04364328779046276	0.051242632119034154	0.028444599133319978	0.030977713909510592	78666929
2020-12-10	-0.004914098158879932	0.04364326375711584	0.04620749782040108	0.02825785937740393	0.03851479563054513	48851531
2020-12-11	-0.004938108083314132	0.04106646436305803	0.048797155930110504	0.03848956717404062	0.03848956717404062	43498571
2020-12-14	0.004962614007659724	0.05141224605221879	0.056591616722426887	0.04623287538201092	0.048822560717114855	27014678
2020-12-15	-0.002469182886516535	0.04106646436305803	0.04622025874109286	0.03591266998502297	0.04106646436305803	16880140
2020-12-16	-0.0024750365146029582	0.0436434108126624	0.04622668658200062	0.03589358350464752	0.04106013504332418	23058386
2020-12-17	0.009925486983852995	0.04105350471180283	0.054001931387322955	0.035874134041594966	0.054001931387322955	28639502
2020-12-18	-0.007371147238319898	0.03851479563054513	0.04364326375711584	0.03338632750397465	0.035950561567259884	19381717
2020-12-21	0.0	0.04106013504332418	0.04622668658200062	0.03847685927398574	0.0436434108126624	17056300
2020-12-22	-0.007425626198962814	0.04106013504332418	0.04622668658200062	0.0333103077353093	0.03589358350464752	23673540
2020-12-23	0.002493812965068655	0.04364328844973155	0.04624589016656374	0.04104068673289936	0.04624589016656374	17049600
2020-12-24	-0.0049752186653256696	0.043643239125925264	0.04883549404694989	0.03585485674438867	0.03845098420490087	21311400
2020-12-25	0.0	0.043643338020161564	0.04886155471026226	0.03842512133006075	0.043643338020161564	14780620
2020-12-28	0.0025000476162272914	0.043643338020161564	0.051470663055312844	0.03842512133006075	0.04625244636521191	21925651
2020-12-29	0.00498762593013731	0.04364328844973155	0.04884849188339617	0.04104068673289936	0.04884849188339617	20161598
2020-12-30	0.007444050495756359	0.04105350471180283	0.054001931387322955	0.035874134041594966	0.05141224605221879	32018643
2020-12-31	0.004926202079163677	0.03850221247241159	0.06163716275026231	0.03850221247241159	0.04878441259590083	43319471
2021-01-04	-0.007353080358992787	0.03852731710536338	0.043643215219183025	0.025737571820814615	0.03596936804845367	39671516
2021-01-05	-0.002469182886516535	0.04106646436305803	0.043643361552075446	0.03333577279600555	0.04106646436305803	30890829
2021-01-06	0.0	0.03847685927398574	0.04622668658200062	0.03589358350464752	0.0436434108126624	27883046
2021-01-07	-0.007425626198962814	0.04106013504332418	0.04622668658200062	0.030727031965971083	0.03589358350464752	34470109
2021-01-08	-0.002493812965068655	0.04364328844973155	0.04624589016656374	0.030630279865570355	0.04104068673289936	56790942
2021-01-11	-0.00999992955407474	0.041034229675111215	0.04625244636521191	0.03320690463995994	0.03320690463995994	50636067
2021-01-12	-0.0025253004427577426	0.04364326375711574	0.04364326375711574	0.022559561458992173	0.04100780096985036	74414833
2021-01-13	0.027848102603612628	0.03835904394874473	0.07534893355506136	0.030432639033105394	0.07270679858318144	98958723
2021-01-14	-0.007389046063742391	0.03336111241066686	0.046213862565028574	0.03336111241066686	0.03593166244153934	30412191
2021-01-15	0.009925486983852995	0.048822560717114855	0.06695035806284284	0.04364319004690699	0.054001931387322955	70771687
2021-01-18	-0.007371147238319898	0.03851479563054513	0.04107902969383037	0.030822093440689174	0.035950561567259884	35507967
2021-01-19	0.004950589684359856	0.0436434108126624	0.0539765138900155	0.03589358350464752	0.04880996235133884	37977020
2021-01-20	-0.004926202079163677	0.0436433125341561	0.04878441259590083	0.03336111241066686	0.03850221247241159	30271477
2021-01-21	0.002475294842179928	0.04622668658200062	0.04880996235133884	0.03847685927398574	0.04622668658200062	24169466
2021-01-22	-0.014814839629380386	0.04106646436305803	0.04106646436305803	0.025605081228953195	0.028181978417970724	28660360
2021-01-25	-0.00250605195460801	0.04364338783906978	0.04364338783906978	0.033180797484793384	0.04102774025050062	25122972
2021-01-26	0.0	0.041020945236529466	0.04888760225343014	0.03577650722526231	0.04364316424216298	20007099
2021-01-27	-0.0025126102511980864	0.041020945236529466	0.05150982125906366	0.038398726230895824	0.041020945236529466	22324266
2021-01-28	-0.007556818092199158	0.03838556544168721	0.041014389657995226	0.03312791700907107	0.035756741225379085	20921660
2021-01-29	0.0	0.04364336428239186	0.04894104633458674	0.03834568223019697	0.04364336428239186	22897647
2021-02-01	0.012690332471930167	0.04629220530848936	0.05688756941287913	0.04364336428239186	0.05688756941287913	24751999
2021-02-02	-0.007518678993341817	0.04364338783906978	0.04364338783906978	0.03579644507336242	0.03579644507336242	17709374
2021-02-03	-0.0025253004427577426	0.04627872654438125	0.04891418933164663	0.03573687539531946	0.04100780096985036	22141087
2021-02-04	0.002531693730055178	0.043643313892504254	0.05421185378002329	0.04100117892062444	0.04628544886438395	28361291
2021-02-05	0.022727176892262276	0.04364326375711574	0.06999789162977009	0.04100780096985036	0.06736242884250469	77687644
2021-02-08	-0.007407290969830667	0.043643361552075446	0.04622025874109286	0.028181978417970724	0.03591266998502297	39400019
2021-02-09	0.0	0.043643239125925264	0.043643239125925264	0.03585485674438867	0.043643239125925264	28583222
2021-02-10	0.0049749590525795815	0.046239366586437694	0.054027748967974284	0.043643239125925264	0.04883549404694989	37605535
2021-02-18	0.004950589684359856	0.04880996235133884	0.05139323812067729	0.0436434108126624	0.04880996235133884	42450802
2021-02-19	0.0024631010395818383	0.041072762503283844	0.04878441259590083	0.03850221247241159	0.046213862565028574	38660652
2021-02-22	0.002457049079439966	0.04364326375711584	0.05902866813682752	0.04107902969383037	0.04620749782040108	57194213
2021-02-23	-0.004902053572661858	0.041085266162273315	0.05131706238991237	0.03852731710536338	0.03852731710536338	42153565
2021-02-24	0.009852147103324344	0.0436433125341561	0.05392551265764533	0.0436433125341561	0.05392551265764533	63790939
2021-02-25	0.002439070953750047	0.04618885617957797	0.0487343278491146	0.03855244117096785	0.04618885617957797	40695889
2021-02-26	0.0	0.03602550146300511	0.04364333603258609	0.028407666893424124	0.04364333603258609	64346179
2021-03-01	-0.0048660187952293725	0.04110405784272561	0.048721892412306594	0.03602550146300511	0.03856477965286536	28138375
2021-03-02	-0.0048900678852880405	0.04364316691860399	0.053849946057172256	0.03853977734931997	0.03853977734931997	34876291
2021-03-03	0.019655879788707115	0.04364326375711584	0.06672137032668347	0.04364326375711584	0.06415713626339824	77294787
2021-03-04	0.007229053825342977	0.03861380013449168	0.058732227255740926	0.03861380013449168	0.051187817085272404	88166546
2021-03-05	0.0	0.043643263757115594	0.051133526415659554	0.033656246879057064	0.043643263757115594	46163743
2021-03-08	0.007177169679416742	0.043643263757115594	0.07859782283032057	0.043643263757115594	0.051133526415659554	71046443
2021-03-09	-0.014252049977862946	0.04116416035316286	0.05108000949938347	0.02629038663383184	0.02876934892038716	42514305
2021-03-10	-0.012048171561899058	0.0436434069148041	0.051187817085272404	0.031069389964023152	0.031069389964023152	34568960
2021-03-11	0.02195138403658355	0.051279799518651234	0.07927998788355486	0.04618885617957797	0.06655262953587147	51062912
2021-03-12	0.004773360047942816	0.03866162596126007	0.05111560229173077	0.036170830695165974	0.04862480702563667	30790147
2021-03-15	0.002375093766748449	0.04364312263971796	0.05603793407249366	0.038685198066607765	0.04612208492627305	32265195
2021-03-16	0.0	0.04364333414862808	0.05106259955726768	0.03869715720953516	0.04364333414862808	27918772
2021-03-17	-0.011848319548750435	0.04364333414862808	0.04611642261817476	0.026331714861802642	0.03127789180089556	33018390
2021-03-18	0.0	0.04114056949388061	0.05115153650824485	0.04114056949388061	0.04364331124747162	23594000
2021-03-19	-0.007194381444872843	0.04364331124747162	0.04864879475465385	0.031129602479516363	0.03613508598669837	34000150
2021-03-22	0.004831010428367731	0.04364345509509753	0.05120608882767076	0.03860169927338219	0.04868521091681309	33327909
2021-03-23	-0.002403891986926355	0.04364335896615089	0.04866087511502651	0.036117084742837244	0.04113460089171308	18096955
2021-03-24	-0.012048171561899058	0.0436434069148041	0.0436434069148041	0.031069389964023152	0.031069389964023152	26406260
2021-03-25	-0.004877887360333218	0.04618885617957797	0.05382527118818786	0.03855244117096785	0.03855244117096785	22230923
2021-03-26	0.002451026786330929	0.04620116427609273	0.05131706238991237	0.041085266162273315	0.04620116427609273	16152071
2021-03-29	0.0024447787731656334	0.041091472133961984	0.04874655648788823	0.03598808256467774	0.046194861703246	31907582
2021-03-30	0.002439070953750047	0.04109791284050448	0.04618885617957797	0.036006969501431216	0.04618885617957797	25257020
2021-03-31	-0.009732291518277654	0.030946945083284376	0.03602550146300511	0.028407666893424124	0.033486223273144856	36841823
2021-04-01	-0.007371147238319898	0.04107902969383037	0.04107902969383037	0.02825785937740393	0.035950561567259884	36299656
2021-04-02	-0.0024750365146029582	0.04106013504332418	0.0436434108126624	0.03847685927398574	0.04106013504332418	17760236
2021-04-06	0.0	0.04364319004690699	0.04623287538201092	0.0384638193766989	0.04364319004690699	18802709
2021-04-07	0.002481177519563089	0.0384638193766989	0.04623287538201092	0.0384638193766989	0.04623287538201092	18139020
2021-04-08	-0.004950331356782886	0.04106013504332418	0.04106013504332418	0.03589358350464752	0.03847685927398574	20043068
2021-04-09	-0.0049752186653256696	0.04104711166541307	0.043643239125925264	0.03845098420490087	0.03845098420490087	14210233
2021-04-12	0.0	0.043643338020161564	0.04625244636521191	0.03842512133006075	0.043643338020161564	23672704
2021-04-13	-0.0049998343216201575	0.041034229675111215	0.043643338020161564	0.0358160129850104	0.03842512133006075	15676780
2021-04-14	-0.0025126102511980864	0.04626538324779662	0.04626538324779662	0.038398726230895824	0.041020945236529466	15236500
2021-04-15	-0.002518939364066386	0.04364321387430335	0.04364321387430335	0.03838556544168721	0.041014389657995226	15584020
2021-04-16	0.005050600885515485	0.04364326375711574	0.05154965211891214	0.04364326375711574	0.04891418933164663	14113847
2021-04-19	0.0075375685316937755	0.04364316424216298	0.05413204026469717	0.041020945236529466	0.05150982125906366	21518439
2021-04-20	-0.002493812965068655	0.04364328844973155	0.04624589016656374	0.038438085016067165	0.04104068673289936	14308200
2021-04-21	0.0	0.043643338020161564	0.04625244636521191	0.041034229675111215	0.043643338020161564	14315993
2021-04-22	0.0	0.043643338020161564	0.04625244636521191	0.03842512133006075	0.043643338020161564	15141039
2021-04-23	-0.0049998343216201575	0.041034229675111215	0.043643338020161564	0.0358160129850104	0.03842512133006075	10933798
2021-04-26	0.0	0.04364316424216298	0.04626538324779662	0.041020945236529466	0.04364316424216298	11616600
2021-04-27	-0.0025126102511980864	0.041020945236529466	0.04364316424216298	0.038398726230895824	0.041020945236529466	10978676
2021-04-28	0.0	0.04364321387430335	0.04364321387430335	0.041014389657995226	0.04364321387430335	10252577
2021-04-29	0.005037615845711105	0.041014389657995226	0.05152968652322751	0.041014389657995226	0.04890086230691949	14180753
2021-04-30	-0.010024992512708721	0.03841209266193158	0.04102774025050062	0.027949502307655184	0.033180797484793384	32651795
2021-05-06	0.002531693730055178	0.04100117892062444	0.051569718808143476	0.04100117892062444	0.04628544886438395	16328946
2021-05-07	0.007575637781994465	0.04364326375711574	0.05154965211891214	0.04100780096985036	0.05154965211891214	17998933
2021-05-10	-0.00250605195460801	0.04364338783906978	0.04364338783906978	0.03579644507336242	0.04102774025050062	16802660
2021-05-11	0.0	0.04364316424216298	0.04364316424216298	0.038398726230895824	0.04364316424216298	12339106
2021-05-12	-0.0025126102511980864	0.041020945236529466	0.04626538324779662	0.03577650722526231	0.041020945236529466	33521647
2021-05-13	0.0	0.04364321387430335	0.04364321387430335	0.03838556544168721	0.04364321387430335	17669207
2021-05-14	0.007556555209777607	0.04364321387430335	0.05152968652322751	0.03838556544168721	0.05152968652322751	46375660
2021-05-17	0.0	0.041034229675111215	0.04625244636521191	0.03842512133006075	0.043643338020161564	25832407
2021-05-18	-0.0025000476162274077	0.041034229675111215	0.043643338020161564	0.0358160129850104	0.041034229675111215	22702203
2021-05-19	-0.0050123654739749135	0.04364338783906978	0.04364338783906978	0.03579644507336242	0.03841209266193158	13973450
2021-05-20	0.002518939364066386	0.04364321387430335	0.04627203809061137	0.03838556544168721	0.04627203809061137	22423633
2021-05-21	-0.00753783075359426	0.041020945236529466	0.04364316424216298	0.03315428821962867	0.03577650722526231	28926100
2021-05-24	0.005063387460110356	0.043643313892504254	0.04892758383626377	0.043643313892504254	0.04892758383626377	12661378
2021-05-25	0.007556555209777607	0.04364321387430335	0.05152968652322751	0.03838556544168721	0.05152968652322751	36229937
2021-05-26	0.0	0.041034229675111215	0.04886155471026226	0.03842512133006075	0.043643338020161564	33432323
2021-05-27	0.0025000476162272914	0.043643338020161564	0.04886155471026226	0.03842512133006075	0.04625244636521191	48968778
2021-05-28	0.0074811786350342455	0.04364328844973155	0.056656297033892744	0.04104068673289936	0.051451093600228356	43113467
2021-05-31	-0.004950331356782886	0.04106013504332418	0.0436434108126624	0.0333103077353093	0.03847685927398574	24964364
2021-06-01	0.0	0.043643239125925264	0.043643239125925264	0.03585485674438867	0.043643239125925264	21033896
2021-06-02	0.0	0.043643239125925264	0.043643239125925264	0.03845098420490087	0.043643239125925264	20552981
2021-06-03	-0.0049752186653256696	0.043643239125925264	0.043643239125925264	0.03845098420490087	0.03845098420490087	16510600
2021-06-04	0.0025000476162272914	0.043643338020161564	0.051470663055312844	0.043643338020161564	0.04625244636521191	19022733
2021-06-07	-0.002493812965068655	0.04104068673289936	0.04624589016656374	0.038438085016067165	0.04104068673289936	16112352
2021-06-08	0.0025000476162272914	0.043643338020161564	0.04886155471026226	0.041034229675111215	0.04625244636521191	22667001
2021-06-09	0.0	0.04364328844973155	0.04624589016656374	0.038438085016067165	0.04364328844973155	22363448
2021-06-10	-0.004987625930137425	0.04364328844973155	0.04624589016656374	0.030630279865570355	0.038438085016067165	69516384
2021-06-11	0.0025063135193670195	0.048874683016207864	0.05933727337048426	0.04625903542763882	0.04625903542763882	91517802
2021-06-15	0.0025000476162272914	0.04625244636521191	0.051470663055312844	0.0358160129850104	0.04625244636521191	67789761
2021-06-16	0.002493812965068655	0.04364328844973155	0.05405369531706055	0.04104068673289936	0.04624589016656374	34932489
2021-06-17	-0.0049752186653256696	0.043643239125925264	0.046239366586437694	0.03845098420490087	0.03845098420490087	17644100
2021-06-18	0.0	0.043643338020161564	0.04625244636521191	0.041034229675111215	0.043643338020161564	20595314
2021-06-21	-0.0025000476162274077	0.043643338020161564	0.043643338020161564	0.03842512133006075	0.041034229675111215	15128577
2021-06-22	0.0025063135193670195	0.04364338783906978	0.048874683016207864	0.04102774025050062	0.04625903542763882	17315007
2021-06-23	-0.0025000476162274077	0.043643338020161564	0.043643338020161564	0.03842512133006075	0.041034229675111215	17481247
2021-06-24	0.0	0.04364338783906978	0.04625903542763882	0.04102774025050062	0.04364338783906978	14232944
2021-06-25	0.005012627038733923	0.04102774025050062	0.048874683016207864	0.04102774025050062	0.048874683016207864	19001275
2021-06-28	-0.007481178635034361	0.04104068673289936	0.04364328844973155	0.03323288158240266	0.035835483299234853	25049514
2021-06-29	0.0	0.04364316424216298	0.04626538324779662	0.041020945236529466	0.04364316424216298	14442950
2021-06-30	-0.0025126102511980864	0.04364316424216298	0.04626538324779662	0.041020945236529466	0.041020945236529466	12788333
2021-07-01	0.0	0.04364321387430335	0.04627203809061137	0.04364321387430335	0.04364321387430335	13524464
2021-07-02	-0.002518939364066386	0.04364321387430335	0.04627203809061137	0.041014389657995226	0.041014389657995226	16913526
2021-07-05	0.0	0.04364326375711574	0.04627872654438125	0.04100780096985036	0.04364326375711574	15497827
2021-07-06	0.0025253004427577426	0.04364326375711574	0.04891418933164663	0.04100780096985036	0.04627872654438125	15641188
2021-07-07	0.005037615845711105	0.04627203809061137	0.04890086230691949	0.03838556544168721	0.04890086230691949	21613839
2021-07-08	-0.010024992512708721	0.04364338783906978	0.04364338783906978	0.030565149896224223	0.033180797484793384	36793325
2021-07-09	0.0	0.043643313892504254	0.04892758383626377	0.04100117892062444	0.043643313892504254	17874678
2021-07-12	0.0	0.04892758383626377	0.051569718808143476	0.043643313892504254	0.043643313892504254	15817424
2021-07-13	0.007595081190165534	0.04628544886438395	0.05421185378002329	0.043643313892504254	0.051569718808143476	23234075
2021-07-14	-0.0025126102511980864	0.04626538324779662	0.04626538324779662	0.038398726230895824	0.041020945236529466	18560650
2021-07-15	0.002518939364066386	0.04364321387430335	0.04890086230691949	0.04364321387430335	0.04627203809061137	22681348
2021-07-16	0.0	0.04364316424216298	0.04888760225343014	0.038398726230895824	0.04364316424216298	33647361
2021-07-19	-0.005025220502396173	0.041020945236529466	0.04626538324779662	0.03577650722526231	0.038398726230895824	25459747
2021-07-20	-0.02020187644950453	0.04364326375711574	0.04627872654438125	0.01728863588446128	0.022559561458992173	56703118
2021-07-21	-0.002577637095164683	0.04364311063746687	0.049022714300546597	0.03557370514284733	0.04095330880592706	23815177
2021-07-22	0.0	0.04634019594068546	0.051733702105328176	0.04364344285836416	0.04364344285836416	20055405
2021-07-23	0.0	0.04364344285836416	0.04634019594068546	0.040946689776042745	0.04364344285836416	14842736
2021-07-26	-0.005167787931652363	0.04634019594068546	0.04903694902300688	0.038249936693721454	0.038249936693721454	31505414
2021-07-27	-0.0025974518839793925	0.04364326375711576	0.04906478720520468	0.03822174030902684	0.040932502033071236	24341038
2021-07-28	0.0	0.0436433153286742	0.04636113646234269	0.03820767306133735	0.0436433153286742	23678395
2021-07-29	0.0026042162102810767	0.0436433153286742	0.04636113646234269	0.04092549419500584	0.04636113646234269	24442829
2021-07-30	-0.018704255895906737	0.0002710761724044158	0.0002710761724044158	-0.018704255895906737	-0.018704255895906737	25180282
2021-08-02	0.005524861878453044	0.0	0.011049723756906087	-0.011049723756906087	0.005524861878453044	24940678
2021-08-03	-0.00824175824175831	0.0	0.0	-0.00824175824175831	-0.00824175824175831	21030035
2021-08-04	-0.002770083102493016	0.0	0.0	-0.005540166204986155	-0.002770083102493016	20934135
2021-08-05	0.01388888888888884	-0.002777777777777842	0.0194444444444444	-0.002777777777777842	0.01388888888888884	34569063
2021-08-06	0.00821917808219185	-0.005479452054794526	0.00821917808219185	-0.016438356164383577	0.00821917808219185	43994224
2021-08-09	0.002717391304347768	-0.005434782608695656	0.005434782608695656	-0.010869565217391313	0.002717391304347768	33941338
2021-08-10	-0.008130081300812955	-0.008130081300812955	-0.002710027100270945	-0.013550135501354966	-0.008130081300812955	24880427
2021-08-11	0.0	-0.002732240437158533	0.005464480874316944	-0.005464480874316944	0.0	19016618
2021-08-12	-0.005464480874316944	-0.002732240437158533	0.0	-0.019125683060109366	-0.005464480874316944	39429924
2021-08-13	-0.010989010989010999	-0.005494505494505499	-0.005494505494505499	-0.013736263736263809	-0.010989010989010999	31239523
2021-08-16	0.0027777777777777185	0.0	0.00555555555555556	-0.00555555555555556	0.0027777777777777185	17446379
2021-08-17	-0.005540166204986155	-0.002770083102493016	0.002770083102493139	-0.008310249307479171	-0.005540166204986155	23770660
2021-08-18	0.011142061281337058	0.0	0.013927576601671383	-0.0027855153203342024	0.011142061281337058	34517307
2021-08-19	-0.005509641873278242	-0.00275482093663906	0.0	-0.011019283746556485	-0.005509641873278242	23017448
2021-08-20	-0.005540166204986155	-0.002770083102493016	0.0	-0.008310249307479171	-0.005540166204986155	17206374
2021-08-23	0.0	0.0	0.0027855153203343265	-0.0027855153203342024	0.0	16018311
2021-08-24	-0.008356545961002732	0.0	0.005571030640668529	-0.011142061281337058	-0.008356545961002732	46504057
2021-08-25	0.0	0.0	0.002808988764044884	-0.002808988764045009	0.0	27659301
2021-08-26	-0.005617977528089893	0.0	0.0	-0.005617977528089893	-0.005617977528089893	23266128
2021-08-27	0.0	0.0	0.0028248587570620866	-0.002824858757062212	0.0	13197400
2021-08-30	-0.00847457627118651	0.0	0.0	-0.00847457627118651	-0.00847457627118651	21346823
2021-08-31	0.011396011396011407	0.0	0.011396011396011407	-0.0028490028490027884	0.011396011396011407	32782306
2021-09-01	0.005633802816901414	-0.0028169014084506445	0.008450704225352183	-0.005633802816901414	0.005633802816901414	61525183
2021-09-02	-0.005602240896358549	-0.005602240896358549	-0.0028011204481792123	-0.008403361344537761	-0.005602240896358549	41966565
2021-09-03	0.005633802816901414	0.0028169014084507694	0.01690140845070424	0.0	0.005633802816901414	50744300
2021-09-06	0.0028011204481793364	0.0	0.005602240896358549	-0.0028011204481792123	0.0028011204481793364	31046123
2021-09-07	0.002793296089385415	0.0	0.005586592178770954	-0.002793296089385539	0.002793296089385415	35587690
2021-09-08	0.005571030640668529	0.0027855153203343265	0.008356545961002855	0.0	0.005571030640668529	36315963
2021-09-09	-0.002770083102493016	0.0	0.0	-0.005540166204986155	-0.002770083102493016	50022699
2021-09-10	0.00555555555555556	0.0	0.01388888888888884	-0.002777777777777842	0.00555555555555556	64540829
2021-09-13	-0.002762430939226583	-0.002762430939226583	0.0	-0.008287292817679627	-0.002762430939226583	34183708
2021-09-14	-0.01108033240997231	0.0	0.002770083102493139	-0.01108033240997231	-0.01108033240997231	39218430
2021-09-15	-0.0028011204481792123	0.0	0.0028011204481793364	-0.005602240896358549	-0.0028011204481792123	25522621
2021-09-16	-0.002808988764045009	0.0	0.005617977528089893	-0.002808988764045009	-0.002808988764045009	23775207
2021-09-17	0.0	0.0	0.0028169014084507694	-0.005633802816901414	0.0	26725764
2021-09-22	-0.005633802816901414	-0.008450704225352058	-0.0028169014084506445	-0.014084507042253471	-0.005633802816901414	24088412
2021-09-23	0.0028328611898017653	0.0028328611898017653	0.01133144475920681	0.0028328611898017653	0.0028328611898017653	23142695
2021-09-24	-0.002824858757062212	0.0028248587570620866	0.0028248587570620866	-0.005649717514124299	-0.002824858757062212	19733298
2021-09-27	0.0	0.0	0.0028328611898017653	-0.005665722379603405	0.0	23869668
2021-09-28	0.005665722379603405	0.0028328611898017653	0.01133144475920681	-0.0028328611898016396	0.005665722379603405	32129949
2021-09-29	-0.0028169014084506445	-0.0028169014084506445	0.0	-0.008450704225352058	-0.0028169014084506445	27582800
2021-09-30	0.0028248587570620866	0.0	0.0028248587570620866	-0.002824858757062212	0.0028248587570620866	16540826
2021-10-08	0.008450704225352183	0.0	0.011267605633802828	-0.0028169014084506445	0.008450704225352183	26417621
2021-10-11	0.005586592178770954	0.0	0.011173184357541908	-0.002793296089385539	0.005586592178770954	31580959
2021-10-12	-0.008333333333333403	-0.002777777777777842	0.0	-0.013888888888888963	-0.008333333333333403	34236887
2021-10-13	-0.0028011204481792123	-0.0028011204481792123	0.0028011204481793364	-0.011204481792717097	-0.0028011204481792123	20707681
2021-10-14	-0.002808988764045009	-0.002808988764045009	0.002808988764044884	-0.005617977528089893	-0.002808988764045009	11552977
2021-10-15	0.0	0.0028169014084507694	0.005633802816901414	-0.0028169014084506445	0.0	13061460
2021-10-18	-0.0028169014084506445	-0.0028169014084506445	0.0	-0.005633802816901414	-0.0028169014084506445	14216997
2021-10-19	0.0	0.0	0.0028248587570620866	-0.002824858757062212	0.0	11479993
2021-10-20	-0.002824858757062212	0.0	0.0028248587570620866	-0.002824858757062212	-0.002824858757062212	9417454
2021-10-21	0.005665722379603405	0.0028328611898017653	0.00849858356940517	0.0	0.005665722379603405	19381453
2021-10-22	0.0	0.0	0.005633802816901414	-0.0028169014084506445	0.0	17540720
2021-10-25	-0.0028169014084506445	0.0	0.0028169014084507694	-0.008450704225352058	-0.0028169014084506445	16212286
2021-10-26	-0.002824858757062212	0.0028248587570620866	0.0028248587570620866	-0.005649717514124299	-0.002824858757062212	15909395
2021-10-27	-0.014164305949008449	0.0	0.0	-0.014164305949008449	-0.014164305949008449	25059700
2021-10-28	-0.0028735632183907434	0.0	0.002873563218390871	-0.008620689655172358	-0.0028735632183907434	17269100
2021-10-29	-0.008645533141210446	-0.008645533141210446	-0.005763688760806921	-0.017291066282420765	-0.008645533141210446	33936969
2021-11-01	0.0029069767441861137	-0.0029069767441859845	0.0029069767441861137	-0.005813953488372098	0.0029069767441861137	18935456
2021-11-02	-0.005797101449275368	-0.005797101449275368	0.002898550724637619	-0.008695652173913115	-0.005797101449275368	19600015
2021-11-03	0.0	0.0	0.0029154518950436693	-0.002915451895043799	0.0	7779200
2021-11-04	0.0	0.0	0.0029154518950436693	-0.002915451895043799	0.0	10827178
2021-11-05	-0.002915451895043799	0.0	0.0029154518950436693	-0.002915451895043799	-0.002915451895043799	10809323
2021-11-08	-0.0029239766081870723	0.0	0.002923976608187202	-0.005847953216374275	-0.0029239766081870723	12885397
2021-11-09	0.0	0.0	0.0029325513196480314	-0.0029325513196481615	0.0	12616674
2021-11-10	0.0	0.0	0.0029325513196480314	-0.005865102639296193	0.0	15059928
2021-11-11	0.008797653958944223	0.0	0.011730205278592386	-0.0029325513196481615	0.008797653958944223	16829062
2021-11-12	-0.0029069767441859845	0.0	0.0	-0.005813953488372098	-0.0029069767441859845	10366588
2021-11-15	0.005830903790087469	0.0	0.005830903790087469	0.0	0.005830903790087469	8303660
2021-11-16	-0.005797101449275368	-0.002898550724637748	0.002898550724637619	-0.005797101449275368	-0.005797101449275368	12574852
2021-11-17	0.0	0.0	0.0029154518950436693	-0.002915451895043799	0.0	9934237
2021-11-18	-0.002915451895043799	0.0	0.0029154518950436693	-0.002915451895043799	-0.002915451895043799	13278100
2021-11-19	0.005847953216374275	0.0	0.008771929824561476	-0.0029239766081870723	0.005847953216374275	15063315
2021-11-22	0.0	0.0	0.0029069767441861137	-0.0029069767441859845	0.0	11889510
2021-11-23	0.0	0.0	0.0029069767441861137	0.0	0.0	11169386
2021-11-24	0.005813953488372098	0.0029069767441861137	0.005813953488372098	0.0	0.005813953488372098	14992442
2021-11-25	-0.0057803468208092535	0.0	0.0	-0.0057803468208092535	-0.0057803468208092535	9091245
2021-11-26	0.0	0.0029069767441861137	0.0029069767441861137	-0.0029069767441859845	0.0	12912784
2021-11-29	-0.0029069767441859845	-0.0029069767441859845	0.0	-0.005813953488372098	-0.0029069767441859845	11103449
2021-11-30	0.0	0.0	0.005830903790087469	-0.002915451895043799	0.0	28747818
2021-12-01	0.005830903790087469	0.0029154518950436693	0.005830903790087469	0.0	0.005830903790087469	15799873
2021-12-02	-0.002898550724637748	0.0	0.002898550724637619	-0.002898550724637748	-0.002898550724637748	14615422
2021-12-03	0.0029069767441861137	0.0	0.005813953488372098	0.0	0.0029069767441861137	17584381
2021-12-06	0.0	0.002898550724637619	0.008695652173912986	0.0	0.0	25665859
2021-12-07	0.002898550724637619	0.005797101449275368	0.005797101449275368	0.0	0.002898550724637619	19932381
2021-12-08	-0.0028901734104045626	0.002890173410404691	0.002890173410404691	-0.008670520231213816	-0.0028901734104045626	23104874
2021-12-09	0.008695652173912986	0.0	0.014492753623188354	-0.002898550724637748	0.008695652173912986	48136817
2021-12-10	0.005747126436781614	-0.0028735632183907434	0.005747126436781614	-0.008620689655172358	0.005747126436781614	56571229
2021-12-13	0.0	-0.0028571428571427964	0.0028571428571427964	-0.008571428571428516	0.0	29658784
2021-12-14	-0.0057142857142857195	-0.0057142857142857195	0.0	-0.008571428571428516	-0.0057142857142857195	20510600
2021-12-15	-0.0028735632183907434	0.0	0.002873563218390871	-0.0028735632183907434	-0.0028735632183907434	11460925
2021-12-16	0.005763688760806921	0.0	0.005763688760806921	0.0	0.005763688760806921	16738949
2021-12-17	0.0	0.0	0.0028653295128939216	-0.0028653295128940486	0.0	21402133
2021-12-20	0.0	0.0028653295128939216	0.005730659025787843	0.0	0.0	22146479
2021-12-21	0.020057306590257833	0.0028653295128939216	0.020057306590257833	0.0	0.020057306590257833	48765417
2021-12-22	-0.014044943820224793	-0.002808988764045009	0.0	-0.014044943820224793	-0.014044943820224793	18760833
2021-12-23	0.0	0.002849002849002915	0.0056980056980057035	0.0	0.0	10141826
2021-12-24	-0.0028490028490027884	0.0	0.002849002849002915	-0.005698005698005577	-0.0028490028490027884	13531982
2021-12-27	0.0	0.0	0.0028571428571427964	-0.0028571428571427964	0.0	12309825
2021-12-28	0.0	-0.0028571428571427964	0.0028571428571427964	-0.0028571428571427964	0.0	17067827
2021-12-29	-0.0028571428571427964	0.0	0.0	-0.0057142857142857195	-0.0028571428571427964	10967300
2021-12-30	0.0	0.0	0.005730659025787843	-0.0028653295128940486	0.0	11585105
2021-12-31	0.0028653295128939216	0.0028653295128939216	0.005730659025787843	0.0	0.0028653295128939216	12772715
