2020-07-01	0.0999999803498524	0.10612286810635613	0.10612286810635613	0.10612286810635613	0.10612286810635613	44146
2020-07-02	0.0999728202725625	0.10609553843262068	0.10609553843262068	0.10609553843262068	0.10609553843262068	62469
2020-07-03	0.10003295367164784	0.10615597044247753	0.10615597044247753	0.10615597044247753	0.10615597044247753	193179
2020-07-06	0.09999994727368013	0.10612289661528658	0.10612289661528658	0.10612289661528658	0.10612289661528658	252912
2020-07-07	0.10003399889130928	0.10615713546518638	0.10615713546518638	0.10615713546518638	0.10615713546518638	115166
2020-07-08	0.09997528126967752	0.10609803861180013	0.10609803861180013	0.10609803861180013	0.10609803861180013	137152
2020-07-09	0.10000569090876817	0.10612860327201337	0.10612860327201337	0.10612860327201337	0.10612860327201337	174273
2020-07-10	0.10002039664506265	0.10614341633872593	0.10614341633872593	0.10614341633872593	0.10614341633872593	550671
2020-07-13	0.09999539771371593	0.10611825869574938	0.10611825869574938	0.10611825869574938	0.10611825869574938	322229
2020-07-14	0.09999576787175367	0.10611860982860878	0.10611860982860878	0.10611860982860878	0.10611860982860878	404374
2020-07-15	0.10001537500607345	0.10613837526028891	0.10613837526028891	0.10613837526028891	0.10613837526028891	778898
2020-07-16	-0.10000691598241325	-0.06534130555222041	-0.05831378392189388	-0.09499735690819343	-0.09499735690819343	5088833
2020-07-17	-0.1000156548335543	-0.09500606983498758	-0.09500606983498758	-0.09500606983498758	-0.09500606983498758	1147580
2020-07-20	-0.07152716074231545	-0.09499033636452753	-0.002242180368180666	-0.09499033636452753	-0.06635896979371533	24884641
2020-07-21	-0.012545179196254986	-0.03283974699002526	0.018835537910590838	-0.046856632876826336	-0.0070488151080385026	13406142
2020-07-22	0.035102453679501794	-0.007303835171090558	0.06930126240552684	-0.030015673318762946	0.04086413587432701	14364469
2020-07-23	-0.0017273460374763463	-0.012672727164166224	0.024536610225489402	-0.028168924309275232	0.0038292758047676306	9576932
2020-07-24	-0.03005472005580717	-0.001760362706889432	0.06532323497221681	-0.026120997243418903	-0.024655751734501904	11272296
2020-07-27	-0.08502344807796425	0.01491381327223967	0.019729237954353124	-0.09499032370470464	-0.07993048332355744	10637456
2020-07-28	0.0059007457776564815	0.020993593101834292	0.03709176727718535	-0.003101983840700368	0.011499815485892295	5789151
2020-07-29	0.08146293799489983	-0.003871853858871681	0.10281955819147841	-0.006487753179368199	0.08748269558108175	9360339
2020-07-30	0.02613076239282496	0.0007758166252531019	0.08747811209517017	-0.008141001437853046	0.03184257251964102	10022724
2020-07-31	0.012640990495026096	-0.009733249349365796	0.037690916993092245	-0.009918090523629011	0.018277546219045756	6498972
2020-08-03	0.007171875920109577	0.006479073239181557	0.02930171152884708	-0.004886561341241049	0.01277814967800804	6241037
2020-08-04	-0.0603027894183366	0.006110156022507732	0.006110156022507732	-0.05960427341144366	-0.055072186691758805	8141196
2020-08-05	-0.001199034298739988	-0.01613666735836436	0.02186746415211072	-0.020959481719446567	0.0043605316843608475	4215773
2020-08-06	-0.021512566992259365	-0.00288389637550321	0.01449922412536952	-0.034221815609166505	-0.016066088990550356	4749287
2020-08-07	0.016341932689533226	0.005023423232817096	0.028907869299247903	-0.0216739206989561	0.021999135523960107	4573853
2020-08-10	-0.004828654225078206	-0.004630230906690679	0.0020703253841965327	-0.02109027787870399	0.0007107143955934626	2570551
2020-08-11	0.008733711611792129	0.002199817999234297	0.04952623297923162	-0.002240159699032581	0.014348530318952724	4716472
2020-08-12	0.01010102425957914	0.008468289459565553	0.040390980662968576	-0.02297074132791929	0.015723439471963488	4956294
2020-08-13	-0.030000148890833966	0.01514302908701436	0.015669724546526986	-0.027952682050502012	-0.02460079474722788	3305138
2020-08-14	-0.0004907854876111533	0.021856844948857073	0.02674395267604364	-0.009835593012537188	0.005072712467875408	2662489
2020-08-17	0.010854551878495256	-0.003472027511754237	0.01811110783978317	-0.008411015117688358	0.016481235153612373	2602637
2020-08-18	0.03955106314998239	0.0011201395630815042	0.05066313873698403	-0.0051826898603282	0.04533745335544931	4699405
2020-08-19	-0.022341766495590352	-0.0035987380965512776	0.005801283988588318	-0.019907795134391875	-0.016899823335991174	4218790
2020-08-20	0.07125135532120042	0.009556509027087464	0.10351261524651209	0.009556509027087464	0.07463923851494686	5019353
2020-08-21	-0.03262978634729629	-0.024292925578506666	-0.011162057302138319	-0.04427203853652096	-0.029570388706989477	4031911
2020-08-24	-0.07030944564046543	-0.007098956464804149	-0.007098956464804149	-0.09074998986998065	-0.06736923635592253	4537405
2020-08-25	0.005570975065522225	0.012244038732887545	0.01846140394705207	-0.005220489918730061	0.008751133002564023	2446434
2020-08-26	-0.03150961455957929	-0.006424401838085589	0.013235931341246593	-0.028794100692638543	-0.028446724386909355	2935580
2020-08-27	-0.05613160068818736	-0.007955835371142401	0.002086506263625353	-0.06806671663996393	-0.053146587921554855	5337384
2020-08-28	0.022802978681382507	0.005442468317277336	0.029381528564650164	-0.01165689300105819	0.026037638262965658	2931595
2020-08-31	-0.015776542722651575	-0.00545650302353827	0.01051856201484808	-0.013184057351802522	-0.012663885491721805	2236090
2020-09-01	-0.0042896144067665525	-0.00423593071746594	0.002332111263768003	-0.00974695285989282	-0.0011406519454128419	1420519
2020-09-02	0.026679680661768453	0.004982224855908199	0.036977893644192975	0.004982224855908199	0.0299266564671272	2482584
2020-09-03	-0.022820842059466093	0.0028672550208588814	0.0028672550208588814	-0.02150288398547533	-0.01973047492638807	1997185
2020-09-04	-0.004294251941594356	-0.017317922095113458	0.0024822943972392184	-0.024195139879463153	-0.001145202874878993	1539080
2020-09-07	-0.05364293273813816	-0.011182352753169086	0.0003543895758339408	-0.052699343548186076	-0.050650028825461574	3219101
2020-09-08	-0.03821554419598656	0.007653822178789668	0.010460872743226166	-0.04407623339126587	-0.035173839574211836	2689677
2020-09-09	0.0009143538850233806	-0.016016794958897223	0.02976342391999468	-0.0451193323964145	0.004079844533322088	2930033
2020-09-10	0.013454017097469212	0.008911092820188675	0.046401596475612754	0.006411767565942278	0.01665913857353272	2304989
2020-09-11	0.004507128993826121	0.011136584354476502	0.0319347514055354	0.0052177278351935455	0.00768393928816985	1656677
2020-09-14	-0.02635021070423367	0.014783447094649656	0.014783447094649656	-0.03423712402252822	-0.023270948538874663	2241313
2020-09-15	0.006451659430167327	0.0030785282922788457	0.021233830002071397	-0.02491079291351471	0.009634656160907844	1906193
2020-09-16	-0.017066299007418614	-0.005439342529324252	0.013017170097771648	-0.01779927912931637	-0.013957672586010671	1367738
2020-09-17	0.022020850709583185	-0.0021900754975227015	0.029416317993249362	-0.014339838506199671	0.025253061508753092	2002002
2020-09-18	0.009364419230547755	0.019622881032066827	0.037745814944859575	-0.002157917692850073	0.012556607773837507	1946531
2020-09-21	-0.018883472506625462	-0.0034263683960771623	0.0006093265323415066	-0.020722257926829014	-0.015780586969679513	1491247
2020-09-22	8.371161098180787e-05	-0.002713634599993302	0.024988721766009404	-0.01362672579645656	0.003246569981378936	1642029
2020-09-23	0.020835051297861184	0.003666214646136575	0.03338085379904736	-0.004559903151120817	0.024063545929820768	2199373
2020-09-24	0.028688542754119934	-0.002839953325310944	0.03802659694872961	-0.005060042611880561	0.03194185662982636	3539345
2020-09-25	-0.01593628077527961	0.004041857953984546	0.014672991338982031	-0.019378599210465464	-0.012824070773496017	2190198
2020-09-28	-0.048178090589060245	-0.0041479027537251936	-0.0008175328520930391	-0.04516787170864473	-0.04516787170864473	2028253
2020-09-29	-0.004763934087978375	0.0035892396900810784	0.012123161941423983	-0.014331979969894514	-0.0016164528832380888	1440065
2020-09-30	0.005214061548923798	0.0033340771090478918	0.018682927383909663	0.0006758549463459866	0.00839315823066029	997254
2020-10-09	0.02916669737572658	0.015105035903668013	0.03370107773786972	0.015105035903668013	0.03242152504467149	1271872
2020-10-12	0.029662124593772172	0.005649173841769875	0.036316765244818215	0.005234721729261053	0.03291849497463033	1781667
2020-10-13	0.043171222980951586	-0.0002183903037538625	0.056935036419219515	-0.0018283204762515025	0.04647030917812343	3079823
2020-10-14	0.0070769182759889675	0.003934264640640631	0.04174573002315217	-0.011267514099295191	0.010261843638071215	3294850
2020-10-15	0.0033608397718064256	-0.003886856473267658	0.016954903115238895	-0.015380469667806877	0.006534027152190116	1884421
2020-10-16	0.014007298603223795	-0.0008849075866664241	0.03080752973993984	-0.0026413279129054845	0.017214134966616782	1958531
2020-10-19	-0.04444444695486135	0.009187560708939117	0.01799910867650874	-0.04292867736367838	-0.0414224498668193	2624634
2020-10-20	0.016656155580614364	-0.0021180617354501236	0.02184176831897551	-0.004718986092058977	0.019871383020849356	1260903
2020-10-21	0.0034003180816182172	0.0035501955353061687	0.033862172126111686	-0.003814576169616702	0.006573629925255141	1608864
2020-10-22	-0.022797287047835953	0.003239896845464691	0.003239896845464691	-0.022024626250855158	-0.019706821561233774	1213760
2020-10-23	-0.03294453772753126	0.0029253795991581112	0.013915315114336314	-0.03534150965659423	-0.02988614104636755	1780360
2020-10-26	0.004890021206301729	-0.009836798360824118	0.009294387437637434	-0.029949096814765732	0.008068076331697809	1120915
2020-10-27	0.02270880985419684	-0.008146371588255756	0.029034909203007598	-0.008146371588255756	0.025943207737190225	1237854
2020-10-28	-0.019587620779463924	-0.013543522388194609	-0.005747310231509137	-0.027544856045531165	-0.016487005098563948	1556450
2020-10-29	0.0004044376998221884	-0.022234961206908332	0.01111454325122148	-0.022234961206908332	0.0035682987380048466	1332110
2020-10-30	-0.03193724783302738	-0.0008928941852866594	-0.0008117684402602035	-0.028875655329461476	-0.028875655329461476	1834659
2020-11-02	-0.007433432145084031	-0.0027024142318412634	0.012797867668320069	-0.012589099591756433	-0.004294361932258465	1288172
2020-11-03	0.07783576191989991	0.003078216801640004	0.09483497029595322	-0.0022398365631669265	0.081244488894389	2593580
2020-11-04	0.007104347549593989	0.0024577444481462827	0.018277812054523106	-0.00889819869307696	0.010289445576647425	1765759
2020-11-05	0.0017054931171495153	0.01210550561546708	0.021437344324615568	-0.006324652650856909	0.004873457372085363	1507761
2020-11-06	-0.030258478862420866	-0.0010296273605858947	-0.0010296273605858947	-0.03503242873202286	-0.027191621019871885	1729718
2020-11-09	0.019471680843192618	0.00316255185088015	0.027979485689734997	-0.011087135864636407	0.022695858625342458	2291756
2020-11-10	-0.01526415348169431	0.004261945126228603	0.01525546071461371	-0.013092171003422914	-0.012149842071189677	1603309
2020-11-11	-0.022257577633219533	0.0030030684015563795	0.008186348753340157	-0.02801682321159314	-0.01916538086956551	1292566
2020-11-12	0.0031707359562864424	0.0021838686431829724	0.0137651442073135	-0.004748539436050359	0.006343339589261858	737179
2020-11-13	0.002755497945183416	-0.003260144252974675	0.008934878650863691	-0.013422663339506648	0.00592681365132655	695699
2020-11-16	-0.014305343197541037	0.006567816384650396	0.01256747125715853	-0.014836444529139018	-0.011188015287312347	1089966
2020-11-17	-0.017710721800973227	0.0010239644649479643	0.003162569553071471	-0.020526387601029032	-0.014604133918157229	1118289
2020-11-18	0.004006663143148771	0.003832441102005731	0.021333390966335054	0.003832441102005731	0.007181915527715677	814892
2020-11-19	0.005154669397835469	0.0031625809878855224	0.010835573803454844	-0.005844881622686047	0.008333547190672313	761100
2020-11-20	0.0015714719884653233	-0.0018158901812306645	0.0180979569901645	-0.0018158901812306645	0.004739042817965142	831566
2020-11-23	-0.01792051585142761	-0.001642323617929471	0.0031626008907892477	-0.022187755461010518	-0.014814613656379483	1509379
2020-11-24	-0.03388833734066929	-0.037497057026992874	-0.02096326385175471	-0.037497057026992874	-0.030832917668711532	2367426
2020-11-25	-0.04360689947455027	-0.0020762907561111005	0.004035736513007487	-0.07446047550693241	-0.04058226250302173	3757470
2020-11-26	-0.03003275926530377	0.0031625457877799195	0.0031625457877799195	-0.032077784868043	-0.026965152389049795	1604967
2020-11-27	-0.009851775529979059	-0.001355351882660704	0.01172774036097065	-0.021121155872186846	-0.006720351519910754	1283289
2020-11-30	0.026532771220068464	0.0032576595308944525	0.03500748460245712	0.002877412143565936	0.029779261263197302	1273924
2020-12-01	0.012646497107839723	0.003162578082402842	0.036036408698409385	-0.003319641132091058	0.01584907019711733	1119066
2020-12-02	-0.011759278723709445	0.00041924332532910217	0.008832256910290541	-0.011468773075254715	-0.008633892250057717	867581
2020-12-03	0.01134579515182209	0.0031625760873477886	0.028146764317320615	-0.0001686619647605591	0.014544228215822571	1075176
2020-12-04	0.012221830314192886	0.0027050437648424184	0.016612487287769245	-0.007267987777959194	0.015423057093070246	957958
2020-12-07	0.0067579692826349414	0.0061454417384876675	0.022596647656383882	0.0033433297965932765	0.009941921154985158	1119813
2020-12-08	-0.012172205435408269	0.002982974285297563	0.008370037099506353	-0.010484705196356952	-0.009048116804501845	727002
2020-12-09	-0.002536955115242303	-0.00020040528421712584	0.01779601468792861	-0.003836058352267155	0.0006175762096559732	817030
2020-12-10	0.0263420436531454	-0.005676219974739595	0.03150151962411637	-0.014879564722384747	0.02958796579584603	1481031
2020-12-11	0.011682480942373794	0.0032514135346304405	0.03920868109719237	0.0002328164762577016	0.014882009510095325	2493906
2020-12-14	0.021870357570204533	0.00044209887381547065	0.027822645801996154	-0.024393454991948466	0.025102101478650708	1638315
2020-12-15	0.049995765264315525	0.011750562783576255	0.0726394148242818	0.007027205072215384	0.05331644729258684	3222849
2020-12-16	0.0	0.0031625670675304108	0.03596064154506634	-0.006243376182701209	0.0031625670675304108	2312483
2020-12-17	0.014920531859199426	0.002099247480045925	0.028926635864082822	0.002099247480045925	0.018130267605326926	2038346
2020-12-18	-0.012773164951171196	-0.001108676719191159	0.01855487217615756	-0.011343360177010419	-0.009651015004967834	1984215
2020-12-21	0.0048010581067032465	-0.004102599342010565	0.015815364997336177	-0.03340807216801531	0.007978803450333884	2281737
2020-12-22	0.026805927962677195	0.010149221564800139	0.051257096787986074	0.009824314864481147	0.030053280783041328	3596185
2020-12-23	0.0016562586671022368	0.008780089595812444	0.035601764066006195	-0.0015055350537156245	0.004824089244456317	2761209
2020-12-24	0.014960590283618258	0.0015828325926136794	0.030808805685407448	-0.009870638076258917	0.0181704894099324	2138694
2020-12-25	0.009309629391566371	0.003473946745777039	0.013279842014259732	-0.010690172621953103	0.012501663312129376	2198099
2020-12-28	0.04150644788316113	0.00578419976582582	0.046882265651475366	-0.008943267341276154	0.04480034482266725	3567436
2020-12-29	-0.04501842210070165	0.0009415810279811285	0.0606871856487185	-0.044885567832431625	-0.04199824368804337	5447471
2020-12-30	0.03863988517121795	0.0030075884521565876	0.04332012709310381	-0.028932387693660237	0.041924630238840195	4068974
2020-12-31	-0.01622022846311449	-0.01437780542180723	0.0113729975859608	-0.02945513014959787	-0.013108939098238149	2825515
2021-01-04	0.052790782060297	0.0026314391455950522	0.05612031523189111	-0.021267790221906713	0.05612031523189111	3387341
2021-01-05	0.045258603139031246	-0.011971275476708685	0.048564355410304495	-0.011971275476708685	0.048564355410304495	4081721
2021-01-06	0.07917530932053898	0.013435587893626654	0.10244464869279629	0.011849763608693772	0.08258830295841961	6313026
2021-01-07	0.0061776018510119055	0.004759783420894107	0.025906555144786222	-0.04162264733477459	0.009359694595454918	4743350
2021-01-08	0.0633584154230432	-0.012647810115068256	0.06678480055180988	-0.015759112428923965	0.06672133698179121	4592079
2021-01-11	-0.05309522012333081	0.0067453067682117	0.08246015248775321	-0.07780698898211656	-0.05010059481149881	8527779
2021-01-12	0.0912748501308414	0.008964071930789063	0.09567192186234125	-0.01947607131663283	0.09472605588105888	5465507
2021-01-13	-0.004608335567382762	0.0034514048866229963	0.03864305651273818	-0.0413903927161064	-0.0014603411114273933	5337755
2021-01-14	-0.09502318518809136	-0.01889773636718639	-0.004500519270143058	-0.09303193655061884	-0.09216108347685964	5403598
2021-01-15	-6.401432093816244e-05	-0.0018409938794571663	0.025743013722767768	-0.0345570396626997	0.0030984111676334606	3714725
2021-01-18	-0.013173828182261645	-0.012041634310495597	0.023819945639964663	-0.030196985939184143	-0.01005289978161883	2857467
2021-01-19	-0.014969876160093232	-0.0040534764264947435	0.029231486106249892	-0.01263468706153688	-0.011854604780620179	2491933
2021-01-20	0.03815794977531731	0.002502600336093656	0.04672103165665741	0.002502600336093656	0.04144120861876658	2812826
2021-01-21	0.018060759496664396	-0.006500353544874269	0.03374059084533043	-0.008661774721334696	0.02128047903313628	3073035
2021-01-22	0.0669156624778657	0.005223264601071138	0.07103927599345189	-0.01962941692228537	0.07028988571526612	4482943
2021-01-25	-0.021003427878114284	0.0021676389638058107	0.04688270021695112	-0.030783327090587072	-0.01790727820475137	5135044
2021-01-26	-0.0656138617121643	-0.020152937930733698	-0.0077777679998988014	-0.06343593482279504	-0.06265881862746837	4148683
2021-01-27	-0.010906282130602537	-0.0019558759454035794	0.011800062317773157	-0.04501534591162781	-0.007778192234335322	2925961
2021-01-28	-0.03598142570890002	-0.0141087751529285	0.002645074737325616	-0.032997308156721444	-0.03293265372109561	2413947
2021-01-29	-0.0207358802000315	0.013227741850802251	0.036578923895370624	-0.04045319811480317	-0.01763883889012589	2970429
2021-02-01	0.062158534975766525	0.0222803249528914	0.0655177183399637	0.003847882551798592	0.0655177183399637	2509283
2021-02-02	-0.00643083352567615	0.00509798202004892	0.014774791673448435	-0.014900796637548739	-0.00328860569984999	2054059
2021-02-03	-0.028543727927664114	0.007577734190670894	0.01614848894109693	-0.026055761398309653	-0.02547142082699491	2042909
2021-02-04	-0.029915286062654506	-0.012878358109212833	0.0071728632705008845	-0.04422511423364615	-0.02684734893545145	2448884
2021-02-05	0.030151096322609497	0.023763135253775408	0.05883246311856849	0.015219787220551591	0.033408990572483976	2564252
2021-02-08	0.02666838535466743	0.01660578056359559	0.04001446630025733	-0.029475882669808235	0.02991532389484858	2535981
2021-02-09	0.03643095045558643	0.0001659038965702453	0.05886120026736408	-0.011104095610675572	0.03970875596037774	2817942
2021-02-10	0.024624007635902483	-0.005637138706858593	0.04338962139589344	-0.005637138706858593	0.027864480382414677	3161684
2021-02-18	-0.01969061024958221	0.03058348508368423	0.03058348508368423	-0.02462634447437028	-0.016590259329771092	2817441
2021-02-19	-0.04478812987331109	0.007480410638502515	0.010233785766712173	-0.057599031757509626	-0.04176720299083258	3277806
2021-02-22	-0.03572129931698008	1.7995738894651593e-05	0.003948666037848734	-0.03273726253313956	-0.03267168650607899	2378952
2021-02-23	0.013070489344203594	0.006423542120520453	0.027891764344519714	-0.0012534029042350955	0.016274434024496725	1530196
2021-02-24	-0.022996177272377027	-0.00682938556077378	0.006917999713154064	-0.030971316864982563	-0.019906323695427733	1936709
2021-02-25	-0.020595234074939277	0.008996958183047613	0.008996958183047613	-0.01845874135934824	-0.017497798739289347	1341734
2021-02-26	-0.03269520167310207	-0.011835103788430824	-0.004686648846619579	-0.04407314954419397	-0.02963603938575793	1701125
2021-03-01	0.03358362911811134	0.014320032561991589	0.0373595368713266	0.005553358707418531	0.03685243481619043	1281141
2021-03-02	-0.021521962724087747	0.004354234535319272	0.011434020673196557	-0.02424548150468837	-0.01842739084869394	1220064
2021-03-03	-0.00028551772638103523	0.0029477278473545292	0.009252006527671119	-0.011451700140035092	0.0028761245434985446	1147684
2021-03-04	-0.0670762222065081	-0.00013383860410110036	-0.00013383860410110036	-0.06699224434060559	-0.06412579650701948	2634851
2021-03-05	0.008575695271121122	-0.002982411365791266	0.022365515887690063	-0.029021614372992905	0.011765444812166573	1552585
2021-03-08	-0.050182174316595274	0.003238748446333622	0.01786120687667819	-0.04748292660554746	-0.04717828412171557	1927912
2021-03-09	-0.016465505479443893	0.0015589712707577282	0.022165852002319242	-0.01624154788813221	-0.013354971795984768	1731861
2021-03-10	0.011214950055751103	0.019059917877955954	0.027212397220979602	0.004548512799853175	0.014413004652432532	1023979
2021-03-11	0.01422485837372699	0.0005020892031875971	0.027671268062650647	-0.001110291288811117	0.01743241491378593	1264695
2021-03-12	-0.015055427634660432	0.005547290416103363	0.007455032223259758	-0.01909456404393884	-0.011940464700683611	988009
2021-03-15	-0.029766722174994573	-0.005715016255510778	0.0004992973261948432	-0.03154057666625828	-0.02669829569057996	1269652
2021-03-16	0.01293534064003348	0.008403008838935314	0.01763603905662952	0.0014989794317981974	0.01613884801583629	782540
2021-03-17	0.004502275054611249	0.0035731507481111743	0.013591645613542414	-0.0060347257663872925	0.007679087901208243	707840
2021-03-18	0.022492039793320172	0.0032443410974160023	0.03627162359619879	0.003162574068261102	0.025725777827667447	1261160
2021-03-19	0.014346072626829348	-0.012588023580197486	0.017633970617817744	-0.01658564291792948	0.017554002240585752	1478685
2021-03-22	-0.005264376850135325	0.00024619928717361335	0.015222312359983748	-0.010788841354468318	-0.0021184804294661903	981706
2021-03-23	0.003949425646644907	0.002370173609404783	0.015444519634973706	-0.008406304165132458	0.0071244826957707515	811676
2021-03-24	-0.024311530742990722	0.0023733121878342107	0.009082094161165188	-0.022883314519891215	-0.021225854731024056	752065
2021-03-25	0.010563598495244778	0.007126336977402213	0.016995374232332043	-0.012449917811615027	0.013759618875566574	658569
2021-03-26	0.02377918043903992	0.008605881656381613	0.030058712629381035	0.0032426759143338417	0.027016965415328647	1288611
2021-03-29	0.0018704876792286125	0.003162581382930868	0.012545216301277433	-0.008565741585809798	0.005039034869109629	827169
2021-03-30	0.005134664874282705	-0.0058903068839639035	0.035628484856762115	-0.0059683028998768865	0.008313490290494963	1221444
2021-03-31	0.017569694314690198	0.00937414307532191	0.021020767803114085	-0.004601829891278187	0.0207878430729747	1029555
2021-04-01	0.02723051886243593	0.00033939049361875054	0.039177859320652535	-0.0018734730661149816	0.030479263953514843	1400037
2021-04-02	-0.008515390880172629	0.004722463162409677	0.013784731793874577	-0.012064967172293009	-0.005379737082558182	1065486
2021-04-06	-0.014936544644456687	0.00383693598201932	0.004061684867150926	-0.016990473303890835	-0.011821174027072182	863550
2021-04-07	0.0007582738425810106	0.005976712282477886	0.011452664629316045	-0.021555197055256017	0.003923202582552888	965595
2021-04-08	0.001515049011101335	-0.0058050811732521315	0.014182096281685253	-0.010440908019556532	0.0046824511048321835	743742
2021-04-09	-0.018910685577582374	0.0016449894249812211	0.011282058691266706	-0.01595973320366186	-0.01580793845844627	725830
2021-04-12	-0.04548954012745839	-0.0022515624373145083	0.00648844316879428	-0.04424981062309272	-0.042470856096854415	1126733
2021-04-13	0.02956374244575272	0.0007315955695351995	0.040841865981473734	-0.0008889980897289019	0.0328198232434118	956887
2021-04-14	-0.0010983709532028459	0.009931199463943207	0.015283023876772932	-0.0076985606127940144	0.002060733333261417	691461
2021-04-15	-0.016258269768318498	-0.01165004879899011	0.0006412771145224405	-0.0263051100228722	-0.01314708694020523	895208
2021-04-16	-0.004470997600074545	0.01629781612582967	0.02518812742764853	-0.006849001554465487	-0.0013225807864862724	813075
2021-04-19	0.017563510390194208	-0.0023886837537211666	0.02576970017258509	-0.015180603127804374	0.02078161945559607	1045444
2021-04-20	0.05044135200636779	0.00015815939779125336	0.06546488979964867	-0.015338354375026989	0.053763466279679546	2272102
2021-04-21	-0.009528893077363706	0.001055112088140976	0.01580755590076151	-0.009632829694226908	-0.0063963884099253136	1208288
2021-04-22	-0.0030299829222210127	0.006886258503449011	0.012205634807551916	-0.01211159543057833	0.00012303010207693598	968122
2021-04-23	0.016716091282810413	0.008421954286030986	0.04043532606755289	0.0023241419625143235	0.019931493774568557	1669009
2021-04-26	-0.0226440424585532	0.012083884241204027	0.02332926073277296	-0.023226650420745978	-0.01955311578532754	1649507
2021-04-27	0.010169742497424937	-0.009877476865321162	0.017506544143685354	-0.023454489565076838	0.01336446773098863	1113475
2021-04-28	0.040193772036393155	0.0030106570474027236	0.04355932887567003	0.0030106570474027236	0.043483432957578005	2116757
2021-04-29	-0.011424818532294743	0.006520585845475595	0.0066665050452206645	-0.021073312254363576	-0.008298356050745928	1474157
2021-04-30	-0.008465237209138436	-0.0005295753069805212	0.022731050488340503	-0.01899042459377367	-0.005329462580604257	1858785
2021-05-06	-0.06080175776126274	-0.009423546817176182	-0.004210288940236922	-0.06498096876980643	-0.057831487977185896	2328253
2021-05-07	-0.004742688609465589	-0.0008021969949561192	0.024492906131834333	-0.0025466975295954965	-0.0015951323200813243	1225004
2021-05-10	-0.028988990803204218	-0.004008029060752298	0.0024454665921542743	-0.04384452034163588	-0.025918099265238265	1854676
2021-05-11	0.02003919357578834	-0.004632361149350653	0.04107035787163629	-0.014724672042932098	0.023265182525984748	1052417
2021-05-12	-0.0072968316366296805	0.0030821570237394447	0.003162612741268865	-0.025071713337485087	-0.004157361376797611	921959
2021-05-13	-0.007027518109311814	-0.011666123786657488	0.012724192845953785	-0.015474584115801403	-0.003887165640785677	753282
2021-05-14	0.032294841501863195	0.003733808161987929	0.04225108115595856	0.003733808161987929	0.03555953059531614	1312899
2021-05-17	0.02364051732862897	-0.010513372658622318	0.03541548743355522	-0.010513372658622318	0.026877918099233192	2110420
2021-05-18	-0.006620441228942032	-0.004096487013101615	0.002930964885035459	-0.0192327909121771	-0.003478789013210924	1006543
2021-05-19	-0.0043396890626485555	0.0031625899566704876	0.017466924299523054	-0.006321689367562154	-0.0011908513899047206	1010519
2021-05-20	-0.012453293852909605	0.0016790324596728603	0.014952603807750025	-0.012297104060574646	-0.009330114832524867	1037126
2021-05-21	-0.021900672735631677	0.00015815939779125336	0.0080645480096315	-0.023561006437729487	-0.021900672735631677	1077882
2021-05-24	0.0065475548181033235	0.0007275402209000707	0.012852671674502297	-0.015035171085887705	0.0065475548181033235	803804
2021-05-25	0.025859308364743986	-8.026823193710427e-05	0.027626100890445673	-0.0073080310144884334	0.025859308364743986	1368637
2021-05-26	0.02473771762545348	0.0	0.040942563659661216	-0.008846070280978108	0.02473771762545348	2035911
2021-05-27	-0.0037432392854044438	-0.0006110542678862803	0.006569908628108961	-0.017112223855411376	-0.0037432392854044438	1212356
2021-05-28	-0.016946606335507746	-0.0027605320831060073	0.012345678633673026	-0.021010704056108918	-0.016946606335507746	1546409
2021-05-31	0.014040585351963807	-0.0032761155212818966	0.033775367405039856	-0.0063962559999123335	0.014040585351963807	1587309
2021-06-01	0.022692284615384587	0.004076915384615413	0.038230776923076894	-0.005923107692307693	0.022692284615384587	2341069
2021-06-02	-0.02820609315245039	0.003986453643921509	0.003986453643921509	-0.02820609315245039	-0.02820609315245039	1635250
2021-06-03	-0.02020124659910013	-0.0010835836164917935	0.0035604257792667773	-0.02027859954207277	-0.02020124659910013	1340394
2021-06-04	0.0011059878696891429	7.901098282679515e-05	0.01366625369037854	-0.004581673262711843	0.0011059878696891429	986135
2021-06-07	-0.013019813469111992	-0.0056813775976948125	-0.0017359819679006584	-0.025487279440843984	-0.013019813469111992	1116608
2021-06-08	0.003038031611160376	-0.002238559286239774	0.016389470476663486	-0.007755044647344956	0.003038031611160376	1059632
2021-06-09	0.019049888562489174	-0.003666499311864304	0.022636729018306524	-0.007651833314616847	0.019049888562489174	1074145
2021-06-10	-0.006491990715557116	0.00023464216245043399	0.005866312176242726	-0.01447006671052118	-0.006491990715557116	990318
2021-06-11	-0.013147528258877255	-0.001731963511225715	-0.001731963511225715	-0.019052110353931156	-0.013147528258877255	1055718
2021-06-15	-0.03167132878614004	-0.007100111800560245	-0.0007977503118907059	-0.03597927460676944	-0.03167132878614004	1572718
2021-06-16	0.0061789423178186436	8.240237475042998e-05	0.010627789025237854	-0.0058493904889451945	0.0061789423178186436	805887
2021-06-17	-0.014083296833291516	-0.0010644149938037173	0.004257799171156924	-0.015393409041023745	-0.014083296833291516	993040
2021-06-18	-0.05738729150777207	0.0	0.0007474129807353823	-0.07482768624440873	-0.05738729150777207	2811090
2021-06-21	0.00881057268722467	-0.0042291013215858715	0.00881057268722467	-0.02643171806167401	0.00881057268722467	1228666
2021-06-22	0.013100436681222707	-0.003318751091703083	0.021834061135371178	-0.006375572052401715	0.013100436681222707	1071273
2021-06-23	-0.010086189655172472	-0.008620689655172414	-0.001379344827586213	-0.017241379310344827	-0.010086189655172472	940512
2021-06-24	-0.02412265045506139	-0.005312209260433497	-0.00026124705632234906	-0.02542887702814803	-0.02412265045506139	1214534
2021-06-25	0.03676603670829991	-0.002320141037303868	0.040781715880451916	-0.0024986525521800335	0.03676603670829991	1345398
2021-06-28	-0.009382027887760436	0.0027543467033912306	0.006799802031330603	-0.020829729729729785	-0.009382027887760436	1421138
2021-06-29	-0.03127985163888614	-0.009470814474613409	-0.0011295247590416375	-0.03214872820049448	-0.03127985163888614	2689276
2021-06-30	-0.044039789111844876	8.971208341038867e-05	0.0029599247100174247	-0.056417625911160244	-0.044039789111844876	4246268
2021-07-01	0.007224582337688511	-0.0022518858650424304	0.02542689950409281	-0.009288853269115101	0.007224582337688511	2240871
2021-07-02	-0.009874215367940628	-0.000465719617433021	0.01527713116492094	-0.021890992489818205	-0.009874215367940628	1623303
2021-07-05	-0.012136616688901938	-0.007432505339801471	0.012136616688901805	-0.02060403593372818	-0.012136616688901938	1885699
2021-07-06	-0.05057140952380946	-0.005999971428571458	-0.001047628571428542	-0.06666666666666667	-0.05057140952380946	4658857
2021-07-07	0.0020061891462294906	-0.0005015849031681612	0.014043474490049586	-0.009429250487927634	0.0020061891462294906	1936384
2021-07-08	-0.018320162361799702	-0.004104474963504671	-0.002803063397768241	-0.01872061286135361	-0.018320162361799702	1963327
2021-07-09	-0.013155221561395399	-0.0011217724071338133	-0.0011217724071338133	-0.028655905132692266	-0.013155221561395399	2079300
2021-07-12	-0.005786896944928161	0.002376800735045971	0.012710582185922734	-0.017257404689182788	-0.005786896944928161	2143784
2021-07-13	-0.0021827149171885583	0.0032220975285532157	0.008003367716488597	-0.008419052161096017	-0.0021827149171885583	2385169
2021-07-14	-0.04374996874999996	-0.005208333333333333	-0.005208333333333333	-0.0454166770833333	-0.04374996874999996	5688028
2021-07-15	-0.025054498091900974	-0.005119836433992388	0.00577340939738302	-0.027777809549744827	-0.025054498091900974	4911358
2021-07-16	-0.027932960893854747	0.00011175418994413482	0.001229061452513932	-0.034860368715083766	-0.027932960893854747	5295792
2021-07-19	-0.03183904597701154	-0.008735655172413793	0.008045942528735589	-0.036781574712643636	-0.03183904597701154	5387720
2021-07-20	-0.03276744511097786	-0.010922533150093837	-0.006292365916216342	-0.03514194342365146	-0.03276744511097786	6843830
2021-07-21	0.006505449778992929	0.006505449778992929	0.020621099538221492	-0.018043463630250802	0.006505449778992929	8092823
2021-07-22	0.05060978048780489	0.006219536585365854	0.06073174390243898	0.004878073170731715	0.05060978048780489	13827647
2021-07-23	-0.05966337644426289	-0.013348833120166388	-0.013232733296976598	-0.0610563305616638	-0.05966337644426289	9271576
2021-07-26	-0.07307747011288805	-0.01863969834243431	-0.01863969834243431	-0.09850639184035567	-0.07307747011288805	9339537
2021-07-27	-0.024770183767222505	-0.0011985085203626766	0.007990491835956518	-0.025036584101029956	-0.024770183767222505	4789043
2021-07-28	0.018571527301453245	-0.0010924620609396366	0.03099818253455491	-0.01679643519883505	0.018571527301453245	4958675
2021-07-29	-0.014076887737063233	0.005898954599756305	0.018635300637366934	-0.01850110033522462	-0.014076887737063233	4430110
2021-07-30	-0.014141976962986493	-0.01033453888585071	-0.004351373343060022	-0.03277133488208683	-0.014141976962986493	5333186
2021-08-02	0.023172413793103544	-0.004137972413793156	0.033931020689655124	-0.03337928275862078	0.023172413793103544	5796225
2021-08-03	0.01631166082502017	-0.0026961040711783553	0.029927231059584707	-0.011593421407387618	0.01631166082502017	6299204
2021-08-04	-0.0018569969738294213	0.0	0.014458204197615034	-0.025069624951182225	-0.0018569969738294213	4637526
2021-08-05	-0.018737594684385392	-0.004651136212624576	0.01926906312292354	-0.01926906312292354	-0.018737594684385392	4219070
2021-08-06	-0.020178738904590404	0.007719502043309989	0.007719502043309989	-0.025054145452553918	-0.020178738904590404	3235810
2021-08-09	0.0634416603577516	0.004699433440205589	0.08500348541820278	-0.0005528680180475783	0.0634416603577516	6903892
2021-08-10	0.0007798024231919451	-0.02001559604846392	0.008578060603637526	-0.024174680941651306	0.0007798024231919451	4157808
2021-08-11	0.011168844155844116	0.0	0.036363675324675375	-0.012857116883116882	0.011168844155844116	5677915
2021-08-12	-0.011173940262343396	-0.009632673906592937	-0.0014128050165321334	-0.027356768207593533	-0.011173940262343396	3952108
2021-08-13	-0.0193531372737534	-0.001688492055812276	-0.001688492055812276	-0.02571757437894725	-0.0193531372737534	2959783
2021-08-16	0.02278147019867545	-0.0027814437086092223	0.037086132450331176	-0.010596066225165613	0.02278147019867545	3360411
2021-08-17	-0.021626495446432234	-0.0002590520556973333	0.024993537619871366	-0.029914490677097966	-0.021626495446432234	4503372
2021-08-18	-0.012309728167714392	-0.006618133423502312	0.0055592056032081495	-0.018133725289196836	-0.012309728167714392	2415821
2021-08-19	0.05976948298970179	0.010988997145979878	0.09997318011364857	0.010988997145979878	0.05976948298970179	13395946
2021-08-20	-0.058674758253040846	-0.024911494058889837	-0.024911494058889837	-0.07561967436470214	-0.058674758253040846	9231807
2021-08-23	0.007657173356873273	-0.011284309207837037	0.014911351023338189	-0.01880710588911595	0.007657173356873273	4039959
2021-08-24	0.052126328432840284	0.0009332088805969259	0.05785889727079329	-0.011065217675903984	0.052126328432840284	6121725
2021-08-25	0.04751647358125883	0.00734923992268719	0.08324886171436538	0.00734923992268719	0.04751647358125883	9895999
2021-08-26	-0.01608808554706881	0.014999468126272288	0.019717007855739842	-0.030724580397352902	-0.01608808554706881	6278780
2021-08-27	-0.025817532619499997	0.007253553344163031	0.009343521482346767	-0.027538703100009988	-0.025817532619499997	4561459
2021-08-30	0.020318021714235777	-0.0030287481834615887	0.03192830721676701	-0.028268526710462562	0.020318021714235777	4914818
2021-08-31	-0.004947446009831728	-0.0074211257247031644	0.010265949542757039	-0.019913420406021523	-0.004947446009831728	3295904
2021-09-01	0.020509646507507057	-0.004226177907750566	0.026476135232174056	-0.018520796215815892	0.020509646507507057	5057968
2021-09-02	-0.01108399539790479	-0.001827052419660268	0.010353215842952845	-0.01339827072833789	-0.01108399539790479	3577458
2021-09-03	-0.012563172495056719	0.0035718806855059505	0.003694986976352002	-0.016504544488125612	-0.012563172495056719	2889822
2021-09-06	0.009729312953207126	-0.002120469056267243	0.021329662500428104	-0.008232456236309332	0.009729312953207126	3119163
2021-09-07	-0.01235330496676856	0.00012355775627761995	0.00012355775627761995	-0.015441631208460701	-0.01235330496676856	3296028
2021-09-08	-0.010881738994937086	0.00012510319418773796	0.0063790121217890735	-0.011882389438988925	-0.010881738994937086	2978326
2021-09-09	-0.028072849568213168	-0.0021496964554956963	-0.0010116590538274551	-0.041350580643637315	-0.028072849568213168	4217244
2021-09-10	0.0055945874890114405	-0.004683853699143159	0.0076762424189924135	-0.012360096118135573	0.0055945874890114405	2169282
2021-09-13	-0.022383270508691162	0.00012940871872934852	0.015008357937529233	-0.024841479818327426	-0.022383270508691162	2831976
2021-09-14	0.008205426368592728	-0.007411302472506592	0.021175304954349095	-0.01005816596236529	0.008205426368592728	2253847
2021-09-15	-0.024809648201627763	-0.0003937778944605695	-0.0003937778944605695	-0.02625360987135731	-0.024809648201627763	2390283
2021-09-16	0.01090317659303835	-0.003768999814658821	0.016152873655231156	-0.01911425468953765	0.01090317659303835	2711180
2021-09-17	0.04593881613685269	-0.009054594115967788	0.052729695145930545	-0.0106523970879466	0.04593881613685269	4259756
2021-09-22	-0.005601552936923591	-0.009548058196764167	0.02138765036075164	-0.032463436061231005	-0.005601552936923591	2917202
2021-09-23	-0.007553501375579208	0.004224823912113508	0.00755339895591602	-0.012930520894501045	-0.007553501375579208	2183715
2021-09-24	0.003740983116910976	-0.004772897501531159	0.018962861930967263	-0.01702786443606296	0.003740983116910976	2193980
2021-09-27	0.0313584637285302	-0.00012845392953215754	0.03251507601889421	-0.007711078465777585	0.0313584637285302	4549770
2021-09-28	-0.01370714018691588	0.016573233644859728	0.020062317757009306	-0.01707168847352021	-0.01370714018691588	2957078
2021-09-29	-0.0309539474174619	-0.0036639417899193955	-0.0036639417899193955	-0.0309539474174619	-0.0309539474174619	2479799
2021-09-30	0.03207310425318537	0.0032594525394831503	0.041329936427507305	0.0032594525394831503	0.03207310425318537	2478436
2021-10-08	0.026275819794046487	0.0008842723150948262	0.04080337085379635	-0.01452756369239194	0.026275819794046487	5536063
2021-10-11	-0.014278631567667033	0.00012311669431601987	0.02634169193357197	-0.020925615975519795	-0.014278631567667033	4290837
2021-10-12	-0.0009990259490751917	-0.008741320960506348	0.01773224231437965	-0.011987999201098876	-0.0009990259490751917	2707680
2021-10-13	0.0005000125000000466	-0.0011249499999999913	0.008125025000000008	-0.009875012500000047	0.0005000125000000466	2301398
2021-10-14	-0.0178660667433026	0.0022488755341219025	0.009495277242687691	-0.018116004271414295	-0.0178660667433026	2481790
2021-10-15	-0.01946315965572884	0.003053008484251291	0.006487749567640892	-0.020480867313562266	-0.01946315965572884	2941412
2021-10-18	-0.02270368389455932	-0.0010379086393899322	-0.0010379086393899322	-0.029579643757663494	-0.02270368389455932	2560976
2021-10-19	0.010221637854197935	-0.0006637859906068977	0.016859099512568792	-0.004115292602806378	0.010221637854197935	1593263
2021-10-20	-0.014717411687711252	0.0005256373331311221	0.00814721440597143	-0.016031551012655694	-0.014717411687711252	2404557
2021-10-21	-0.013070191528266497	0.00013330220859024945	0.002400653411550334	-0.019738636180102534	-0.013070191528266497	2316136
2021-10-22	-0.04310813513513523	-0.02702702702702703	-0.02702702702702703	-0.05405405405405406	-0.04310813513513523	6095862
2021-10-25	-0.02344296069603042	-0.004377884603244773	-0.0011297133492363142	-0.03290488724487744	-0.02344296069603042	4337009
2021-10-26	0.0	-0.0021692262568553597	0.009544410425324246	-0.01417214709552711	0.0	2724654
2021-10-27	-0.04338394668448455	0.0	0.002169211795539835	-0.04555317294133991	-0.04338394668448455	4649077
2021-10-28	0.012547255856469902	-0.002267603861901631	0.017233544452500592	-0.007407376949134483	0.012547255856469902	4304111
2021-10-29	0.006121170224492326	-0.0035832336406434093	0.012093131736646941	-0.018214406469942924	0.006121170224492326	3329940
2021-11-01	-0.013503428008657585	-0.0008902953092492233	-0.0008902953092492233	-0.0280456896875752	-0.013503428008657585	3537611
2021-11-02	-0.019254000334506607	-0.001654632897654945	0.016847096110991496	-0.020457279461915782	-0.019254000334506607	3583320
2021-11-03	0.013957117206615834	-0.003067438791446512	0.018558390424465887	-0.003067438791446512	0.013957117206615834	3180433
2021-11-04	0.007563152207485219	-0.0013614279025648982	0.008319512807147043	-0.004386643406645898	0.007563152207485219	2517255
2021-11-05	0.01981682900740401	0.0036030175108389875	0.03437923683562178	-0.006155291905790554	0.01981682900740401	4742104
2021-11-08	-0.027086765788311606	0.00073609598115692	0.0010304725452670862	-0.031355763285735354	-0.027086765788311606	3654682
2021-11-09	0.004993221667013075	-0.001361718950626042	0.012104751829611305	-0.004387850167217373	0.004993221667013075	1864454
2021-11-10	0.015356880920110838	-0.0003010539084931336	0.025444189263600852	-0.0153567604744584	0.015356880920110838	4166676
2021-11-11	0.002669053894749144	-0.003706998703825661	0.006079418562294711	-0.00800711720026352	0.002669053894749144	3092828
2021-11-12	-0.010943596083543415	-0.0002958444116010703	0.00014779650335132422	-0.011978777936463621	-0.010943596083543415	3202482
2021-11-15	0.017942659297666988	-0.00418658810645586	0.028558673529844814	-0.01211119970594511	0.017942659297666988	5746158
2021-11-16	0.030111559044901468	-0.001175117474291397	0.04524092111513169	-0.004112793651210373	0.030111559044901468	9426501
2021-11-17	-0.010836931876669067	0.00028525596543227584	0.004990817267538075	-0.01882217391225626	-0.010836931876669067	5580538
2021-11-18	-0.02955172136867291	-0.007928542254784158	-0.0036038631856481255	-0.032002319504008045	-0.02955172136867291	5981996
2021-11-19	0.0056446375519905384	0.0	0.008764171122994765	-0.004753416518122299	0.0056446375519905384	2872563
2021-11-22	-0.0017724520726345521	0.0025111670241285355	0.004431359132852012	-0.010339690266160518	-0.0017724520726345521	3547264
2021-11-23	0.0022196063267355803	-0.0010358093804139453	0.010210047049125722	-0.008434447811942847	0.0022196063267355803	4028991
2021-11-24	0.013583330270928886	-0.0026576109851935577	0.01771736227444151	-0.0026576109851935577	0.013583330270928886	4881631
2021-11-25	0.03845592021978387	0.0	0.04661319602000884	-0.0007283903647956379	0.03845592021978387	10751700
2021-11-26	0.059194851182566205	0.0022442979065183696	0.09412258249231889	-0.018095118276124075	0.059194851182566205	19417902
2021-11-29	-0.01602435396571697	0.0	0.037610858492627235	-0.018673075919134537	-0.01602435396571697	13779372
2021-11-30	-0.031224763207613967	0.0	0.002691749554841824	-0.03916559734190052	-0.031224763207613967	10614512
2021-12-01	0.0027785078030631706	0.003195276332511404	0.00861343392830927	-0.011530994240164117	0.0027785078030631706	5378662
2021-12-02	-0.03131064006650042	-0.006095899141036393	-0.0009697838736493475	-0.0318648240509837	-0.03131064006650042	6811907
2021-12-03	0.004719708372989273	-0.0002859839898737714	0.01387301241055522	-0.0002859839898737714	0.004719708372989273	4143165
2021-12-06	0.012384384341636967	0.0001423772241992892	0.022064099644128168	-0.016227743772242037	0.012384384341636967	5467142
2021-12-07	0.0016872187139812546	0.012373410614170011	0.012373410614170011	-0.006467927173737553	0.0016872187139812546	4055625
2021-12-08	-0.0016843768019196598	0.007860822792274697	0.007860822792274697	-0.006176235434481569	-0.0016843768019196598	3465016
2021-12-09	0.02994933788177713	0.0002811585933145436	0.03444877526228446	0.0002811585933145436	0.02994933788177713	7002180
2021-12-10	0.012696245733788488	0.0002729965870307658	0.030307180887371964	-0.0073720273037543175	0.012696245733788488	9066609
2021-12-13	-0.00647078727419804	-0.004178983553518601	0.017659719600970517	-0.009166891345376203	-0.00647078727419804	6085765
2021-12-14	-0.0032564180430020907	-0.006784260791760955	0.006105902555192838	-0.012211588014040115	-0.0032564180430020907	3915248
2021-12-15	-0.021372175624450977	-0.006261897716606235	-0.002722529304689974	-0.027089545699558206	-0.021372175624450977	4449971
2021-12-16	0.007372360653392186	-0.00013912922714048257	0.007789650963828683	-0.005703102040660853	0.007372360653392186	2866105
2021-12-17	-0.02485494407221621	0.001104694866188663	0.00497101643112441	-0.025407291505310636	-0.02485494407221621	4123470
2021-12-20	-0.014160293932584512	-0.001416114355021953	0.0050977058157304165	-0.01699242352057094	-0.014160293932584512	3519488
2021-12-21	0.00473993085004606	0.0	0.009767307823873648	-0.002441913138096256	0.00473993085004606	2134917
2021-12-22	0.018870622682085426	0.0	0.019299586245872285	-0.0014295783315043866	0.018870622682085426	2676913
2021-12-23	-0.017117918498018175	-0.0008418409222047156	-0.0004209204611023578	-0.017819518078554197	-0.017117918498018175	2522541
2021-12-24	0.0017129906475521915	0.0001426837911768443	0.011420342123325756	-0.012562526228585558	0.0017129906475521915	3148683
2021-12-27	0.014536183968538806	0.0014250962355734545	0.018811458424154336	-0.0009975773406749617	0.014536183968538806	3224894
2021-12-28	0.00337123181988392	0.0	0.008147141223566712	-0.00828773680888515	0.00337123181988392	3017810
2021-12-29	-0.014279658406831947	0.001680008399831961	0.001819935601287782	-0.01441968360632796	-0.014279658406831947	2629679
2021-12-30	-0.005681039302312788	-0.0008522368497522217	0.003550631810786433	-0.00908971685330393	-0.005681039302312788	2744127
2021-12-31	0.004713526504398604	0.0	0.013569446834182295	-0.0029995571204239685	0.004713526504398604	2481711
