2019-03-15	0.09999994230010625	-0.03192400488038525	0.11424899517237821	-0.08834167876815081	0.11424899517237821	109173025
2019-03-18	-0.03624870707062119	-0.022598718257990015	0.07123640912444029	-0.0383350537422084	-0.023764372738302467	104807434
2019-03-19	0.0	0.004487476473011958	0.04621500856596153	-0.019097839674737018	0.012953896325650423	73778318
2019-03-20	0.023283667548652284	-0.002164818544881674	0.05105299732453191	-0.025749953268052232	0.03653903104882098	71431440
2019-03-21	-0.0215868494719313	-0.01777751669231469	0.05786891656670582	-0.03196135220705432	-0.008912752467952093	77283114
2019-03-22	0.0017887059464791774	-0.010603396662773486	0.05704771767089011	-0.0166435485297253	0.014765748561327766	64100656
2019-03-25	-0.09999983720383228	-0.03467902052419505	-0.020208250063595952	-0.08834146098225056	-0.08834146098225056	63070325
2019-03-26	0.024470805359865296	-0.00848442556813165	0.05047055453322261	-0.017863626947892605	0.03774163837497569	52413969
2019-03-27	-0.023886288639791396	-0.005356492069565396	0.016223544591647078	-0.03020623125520418	-0.011241956613532571	38128540
2019-03-28	-0.054894120875395615	0.0035745476344180814	0.027692494039517544	-0.04533128813147815	-0.04265151630868938	40774744
2019-03-29	0.021693441652981604	-0.0026411225596695	0.034928188388686894	-0.039501578584472015	0.034928188388686894	38083305
2019-04-01	0.031506885240806116	0.006015696342557052	0.06360142240906205	0.003934284557020771	0.04486871633923515	38288820
2019-04-02	0.08100925702469262	0.011608476310470128	0.1145181151904582	-0.003861600122469153	0.09501243390577989	70824265
2019-04-03	-0.03992636796975571	-0.02313429539050051	0.023531325967641546	-0.041800519045459034	-0.02748974757665742	55147420
2019-04-04	0.04350607490375476	0.03693289248995522	0.10109311521277109	0.016194234640156093	0.0570234024736424	64707331
2019-04-08	-0.065603882886142	0.013574885452685169	0.06512311798489884	-0.058468427483902755	-0.05349992314344841	63356912
2019-04-09	-0.06824144643950403	-0.02759095995914681	-0.019614945960178824	-0.06414769078775036	-0.05617167678878237	42032208
2019-04-10	-0.011267612465865431	-0.014866808351789395	0.025794011289012944	-0.014866808351789395	0.0015401890471307426	23499961
2019-04-11	0.005698009192338929	0.019447052784342275	0.03099068537071829	-0.02239861534127121	0.018725575747693655	24765771
2019-04-12	-0.022662903337811777	0.013671145280525113	0.022279817427281107	-0.015741817887558074	-0.010002703123054034	15051534
2019-04-15	-0.0036231447898502672	0.02176206391239155	0.040846700163628735	0.005613525545960028	0.009283647901967234	17428003
2019-04-16	-0.031272791458833146	-0.012830550743309077	-0.012093857124460816	-0.058505555111902315	-0.018724099694095296	23625092
2019-04-17	-0.0037537086504580933	0.003828083185712302	0.028163309444759897	-0.0037766750202400377	0.00915141392987898	16744198
2019-04-18	-0.04446126509144589	0.010663723630188143	0.01524377071612559	-0.03590008841017547	-0.03208338250522771	22640597
2019-04-19	0.0023659821346260373	0.01135610711299689	0.02893101576740921	-0.0006267851513751396	0.015350404534454281	14736513
2019-04-22	0.09992131477096196	0.020126538727390567	0.11416945401632185	0.013750747860344371	0.11416945401632185	42375921
2019-04-23	0.008583732657876347	0.015127501028532154	0.07454252963976675	-0.010957145678839082	0.021648662705374962	55622125
2019-04-24	-0.06099296191121536	-0.018656165281865554	-0.003569620238614652	-0.07828393854804797	-0.048829255368367484	30991168
2019-04-25	0.0	0.012953796989216785	0.012953796989216785	0.012953796989216785	0.012953796989216785	0
2019-04-26	0.0	0.012953796989216785	0.012953796989216785	0.012953796989216785	0.012953796989216785	0
2019-05-06	0.10725084416004213	0.12159385678715393	0.12159385678715393	0.12159385678715393	0.12159385678715393	0
2019-05-07	-0.23260581928781338	-0.2530675534410818	-0.19295365626196448	-0.2530675534410818	-0.22266512268382707	45978329
2019-05-08	-0.0008887882037789757	-0.025763512826651683	0.06877884498591899	-0.052775615058814826	0.012053430298376619	39985183
2019-05-09	-0.09163707562060085	-0.008675173675603496	0.022866979889263634	-0.08257393345614944	-0.07987032029344644	35006254
2019-05-10	0.03134174313178125	0.03676466721888021	0.055614933895587255	-0.04558123457936579	0.0447016216090726	34743291
2019-05-13	0.025641200768806147	-0.0005136917118630626	0.09183538008376836	-0.017829142673543942	0.03892705770085458	32924562
2019-05-14	-0.03425921991872175	-0.00955637410969106	0.007326187695257362	-0.032066456516289005	-0.02174933541326501	26317493
2019-05-15	0.030680550444655584	0.02752155294440769	0.0663692487079014	0.013924859427184848	0.04403182364389249	27313272
2019-05-16	0.0	0.012953842190460384	0.012953842190460384	0.012953842190460384	0.012953842190460384	0
2019-05-17	0.006511644210657878	0.09022101899010483	0.10152841071688198	0.0035310157514793893	0.01954982069774713	44527671
2019-05-20	-0.04898333887555764	-0.013259397065916641	-0.0057699048235327	-0.06194109664141218	-0.036664060323366436	22795513
2019-05-21	0.01943640786304154	0.012953798872067499	0.04347038562137182	0.006062956702869908	0.03264191935548971	17771152
2019-05-22	-0.019065836488795257	0.006194274870452504	0.020678837368587652	-0.01504975012681239	-0.006359012627931336	17922146
2019-05-23	-0.031097976947179726	-0.0008278854663278588	0.015907016944580927	-0.023469224022263327	-0.01854719390140773	17814680
2019-05-24	0.0341021959452595	0.006857604528278599	0.06680170005518922	0.006857604528278599	0.04749766929228584	21607010
2019-05-27	0.026188145100953877	0.005093752256671287	0.07485099214936294	0.004111255920154522	0.03948112403475873	19769779
2019-05-28	0.02173925115335984	0.004336935606205014	0.0598674811401992	0.004336935606205014	0.03497447796978804	28081454
2019-05-29	0.025901720821735003	0.0026460485156996555	0.0682397152410259	-0.006724475302204047	0.03919109140552428	30908034
2019-05-30	0.032461745464702395	-0.003487246600553345	0.05953693303699181	-0.020841730848572992	0.04583602442013413	35971056
2019-05-31	0.06812224733128706	0.04126340195350568	0.1146914923206603	0.027108589352608396	0.08195848818108542	62913502
2019-06-03	-0.09975458026151438	-0.022661093405355975	-0.010237293745254688	-0.0880931049485568	-0.0880931049485568	44031304
2019-06-04	-0.056312495376846315	-0.022007499353218423	-0.006366979587465573	-0.06984908922493316	-0.04408823314016365	31161495
2019-06-05	-0.020211692703184497	0.03147741493431104	0.034402209116544374	-0.01336942919326778	-0.00751984082880094	19405365
2019-06-06	-0.03241650744321937	0.009968538733736295	0.018923924791473843	-0.03480839155495163	-0.019882748125388986	17579811
2019-06-10	0.018273889921038892	0.022209086389830986	0.038663156190874556	0.012953672126743998	0.03146450065291797	11573571
2019-06-11	0.07577288987969193	0.04830123693486428	0.09778751883256002	0.03719207161089161	0.08970812586967089	25383826
2019-06-12	-0.02873033341948296	-0.009577247201163874	0.01389248627748153	-0.020842719270913763	-0.016148772575184614	22963187
2019-06-13	0.015267184426493741	0.022619314688476614	0.05161608164561685	0.009087490108477814	0.028418668079904695	19886332
2019-06-14	-0.04511290292637946	0.007241571849026087	0.026282055248818572	-0.03750356414048647	-0.03274344329053827	17550190
2019-06-17	-0.0029526208784941646	0.01295384519672437	0.031896879703355974	-0.001004180229214802	0.009962839748308909	9211672
2019-06-18	0.014807523296185234	0.006953982203013269	0.042952337078195416	-0.0020456065157822678	0.02795302254686946	12725712
2019-06-19	0.017509712481767203	0.045470683021467416	0.05828040863813015	0.01689514126122004	0.030690230386856802	16785058
2019-06-20	0.009560113718094825	0.005206446452855963	0.03232184192557263	-0.002540809396491681	0.022637772113888118	17166958
2019-06-21	-0.0028409709507674717	0.01487229155957199	0.03022007668712697	0.003361452713905843	0.010076108707210997	18151283
2019-06-24	0.014245229112275383	0.012953881258333083	0.02738342372640054	-0.005323539201218939	0.02738342372640054	15124011
2019-06-25	-0.030898785821380295	0.004417540260165953	0.004417540260165953	-0.03257234082590254	-0.01834546348510695	12405998
2019-06-26	-0.005797324138781418	0.004145280052301738	0.020783164809503613	0.0012091827422073508	0.007081377362396125	7833731
2019-06-27	-0.006802737830034465	0.014922610920409843	0.02378226513794978	0.005078550678698823	0.006062956702869908	9447280
2019-06-28	-0.00587087019373475	0.012953815946688213	0.019891855781939353	-0.0038957093674934808	0.0070069246593299165	8014661
2019-07-01	0.024606403623024752	0.03688188878404859	0.04286389968087969	0.028905874254940515	0.03787889060018707	11035000
2019-07-02	-0.006724319725177225	0.012953741973728249	0.017819033721921056	0.0012770417780655786	0.0061423335262583865	9518143
2019-07-03	0.012572578283741004	0.018831633272337427	0.026668799682124645	0.011974112663773592	0.025689153880901264	11285990
2019-07-04	0.02101225906189639	0.011986231956338736	0.07584004773943452	0.011018749899018949	0.03423831927469022	25338154
2019-07-05	-0.013096195368005362	0.023377155985609938	0.030957727511429278	-0.005049987236212626	-0.00031213003257547604	14123407
2019-07-08	-0.04739336765918205	0.0023921069878826725	0.0033522526842311986	-0.039854303651453336	-0.035053575169710534	13996982
2019-07-09	0.005970077044956975	0.0038824852743743984	0.02202493982752571	0.0018666569906907798	0.019001197402000375	7417456
2019-07-10	-0.01978235620865531	0.017963447898306218	0.01896538042576516	-0.007084865288167851	-0.007084865288167851	6491000
2019-07-11	-0.01614521525011567	0.020108818421652526	0.02521958404500739	-0.008511469069135434	-0.0034007034457803893	8995054
2019-07-12	0.007179503802316187	0.01918721222376361	0.023342919511118318	0.007759017183537799	0.020226139045602286	5285276
2019-07-15	0.008146540350729608	0.011922113561798845	0.02120580267704469	-0.0035507016302776264	0.02120580267704469	6160191
2019-07-16	0.0020201776291111154	0.013976919798006781	0.016023290978224712	0.007837806257352805	0.015000105388115748	4639276
2019-07-17	0.00806441895767475	0.012953758865132392	0.03950295012571044	0.0037636541980092296	0.021122740791464114	8308208
2019-07-18	-0.025999891816528155	-0.004266359052839555	0.005863179512238338	-0.014395897617917448	-0.013382943761409676	6662631
2019-07-19	-0.008213557273070288	0.01087375684367779	0.02335367976767373	0.0046337953816797265	0.0046337953816797265	5724300
2019-07-22	-0.07763975904284046	0.01400235537961804	0.017148174475935297	-0.08771246206797556	-0.0656917283937542	11600916
2019-07-23	0.005611718340192768	0.009543138528645492	0.0277331049886209	0.006132519817399938	0.018638121758633296	5524616
2019-07-24	0.01004463440341263	0.01747582562227977	0.03669481343958949	0.014084239536872243	0.023128469097959185	6135793
2019-07-25	-0.0027762766910506384	0.012953719319814594	0.01631157695291888	-0.0004777112126029482	0.005118718175904394	4608200
2019-07-26	0.03006679189679656	0.00791697457894219	0.05056824967248306	0.003427366674358825	0.03822182793487915	8771496
2019-07-29	-0.014053958754728904	0.00682735732989382	0.00682735732989382	-0.012786162618091094	-0.0062483226354295845	5255416
2019-07-30	0.0010965516974613138	0.005706555825278844	0.02007379233706863	0.0034962117465420143	0.009022071943384285	4564540
2019-07-31	-0.015334135471750962	0.004604954557081231	0.007916839022654151	-0.01637031372487975	-0.007538621816685623	5369236
2019-08-01	-0.005561705704854567	0.0023111456326702457	0.018007293327141658	-0.002173467994321472	0.0023111456326702457	4139894
2019-08-02	-0.029082799019005838	-0.006739626770858543	-0.006739626770858543	-0.040562340955732905	-0.02139613625097082	8483692
2019-08-05	0.02073719367831728	0.013722881606573055	0.07062141677120318	0.0055945194401972945	0.028818411344127864	10059100
2019-08-06	0.01805889284294715	-0.030761491562505898	0.037494741426049985	-0.030761491562505898	0.026118702594624038	13760438
2019-08-07	-0.029933454022621882	0.02579563133977728	0.02579563133977728	-0.023371043800691296	-0.02225361936568067	9638692
2019-08-08	-0.0034287602093334255	0.013676336831745491	0.017132051616399094	-0.00014652230686933458	0.004461097406002342	5575369
2019-08-09	-0.013761419110152585	0.017163948103370817	0.03334610182319703	-0.005953414353524095	-0.005953414353524095	6166672
2019-08-12	0.10000001171996471	0.018464921384235614	0.10870864859549716	0.009088949725922734	0.10870864859549716	20672844
2019-08-13	-0.03276955332232228	0.01963690697778975	0.02283326091815893	-0.029373853441205456	-0.025112048187379696	24967697
2019-08-14	0.00218580282346724	0.020033973960933933	0.02333861966491097	0.003510745441048356	0.010120036849002626	13565451
2019-08-15	-0.00545253381742656	-0.021760014209760155	0.002421198922133287	-0.03714805893005613	0.002421198922133287	11288136
2019-08-16	-0.006578978633156518	-0.0020296484503002556	0.033335856809489806	-0.0020296484503002556	0.0012858676678051848	11723812
2019-08-19	0.022075049539228536	0.010141913813980021	0.03239173570415571	0.007916931624962492	0.030166753515138183	15287223
2019-08-20	0.0043196751154995165	0.016624642916036474	0.017713106131149983	0.00029769468933349457	0.01227079005558245	12578690
2019-08-21	0.0999999891621838	0.014419606216614757	0.10870860807649252	0.014419606216614757	0.10870860807649252	33493442
2019-08-22	0.03519058694263822	0.06703228861380972	0.08772266540133503	0.026636791076260127	0.04338614371378068	61925890
2019-08-23	0.10009443391900368	0.07549212330507674	0.10880382623930475	0.04789099801671628	0.10880382623930475	31391827
2019-08-26	0.0	0.01310793830198624	0.035602222158392406	-0.03534128846565789	0.007916949719738615	45721074
2019-08-27	-0.0025751629191766	-0.013712169372959637	0.007916949719738615	-0.029285135119702353	0.005321455428614727	37057424
2019-08-28	-0.043889754697114446	-0.006828767824929904	-0.005093970912833595	-0.05627047981967126	-0.036320315330565164	35763045
2019-08-29	-0.015301557671626564	0.015174638161457919	0.02424679757308843	-0.01385627195575985	-0.007505760367618443	19965210
2019-08-30	-0.04753194401104336	0.014366133106395299	0.01805138699597357	-0.05381106385080114	-0.03999136176488291	26348393
2019-09-02	0.030710221573406613	0.01855708475613731	0.06208516530127149	0.0011458525380837088	0.038870189010533296	23382986
2019-09-03	0.00931084296101949	0.011670719762424439	0.03044012087118937	-0.004283271180025662	0.017301540095053938	17086088
2019-09-04	0.002767587546981054	-0.0032407692377785205	0.03488155208801541	-0.00974945824462141	0.010706421491170341	17514747
2019-09-05	0.005519805567540335	0.007916923166224039	0.029243592193660285	-0.0032100345872208644	0.013480402042946574	18910485
2019-09-06	0.009148989851484771	0.030970805636367112	0.04295883826004587	0.006994740389009755	0.017138460301353207	16691393
2019-09-09	0.013599478259010297	0.009744629643488985	0.022537774272456155	-0.0012209228956259173	0.02162397822752994	15206975
2019-09-10	0.010733322605059211	0.014227584556153666	0.0304552259090521	-0.021833840672509607	0.018735262709736637	22108169
2019-09-11	-0.018584026514103066	0.0061330409363245355	0.019512469672179948	-0.010814235462425568	-0.010814235462425568	15250197
2019-09-12	0.05500454380580525	0.005190363150921019	0.06971885843456957	-0.002989305265316119	0.06335689411082954	29061444
2019-09-16	0.0008546618309628872	0.01739302728267332	0.057881996192313906	0.0027480810813139325	0.00877835304657959	28280927
2019-09-17	-0.04269858007658971	-0.005854783701974706	0.002752534188051455	-0.04889137315210567	-0.03511966452806375	17431081
2019-09-18	-0.004460369712212214	0.009715204566682087	0.01151345070126207	-0.027148841192208367	0.0034213430956519866	10520102
2019-09-19	-0.0026880496805554085	0.01875484314968641	0.01875484314968641	-0.004727094724331166	0.005207571299291772	8328117
2019-09-20	-0.002695385325363828	0.013350416302281601	0.044140330649267805	0.005200144857491146	0.005200144857491146	12278919
2019-09-23	-0.04324335662468802	-0.002979529389993192	-0.002979529389993192	-0.0447490573026165	-0.03566872514769844	12019029
2019-09-24	0.0178909061781137	0.005069765508397376	0.035440145580416964	0.0041206911311467845	0.025949401807910884	10847735
2019-09-25	-0.036077735843919774	0.007916855903600228	0.007916855903600228	-0.030311257965083972	-0.028446471922709174	8260922
2019-09-26	0.0009596490824184174	0.005982305931987564	0.02822999154394502	-0.005625182213381619	0.008884177968329774	7132086
2019-09-27	0.019175450506495252	0.009849658028183947	0.030143287519659497	-0.003679428299466248	0.02724419759230592	8344915
2019-09-30	-0.047036724207377235	0.005072391761288774	0.006020573262950347	-0.042336683321790886	-0.039492138816806	7827801
2019-10-08	0.021717775088451425	0.010901920524602425	0.042741351092306465	0.006921991703639331	0.029806582424176633	7231067
2019-10-09	0.012560299722340818	0.006943037797174819	0.027393525025163946	-0.0037691221793908153	0.02057669594916757	5552530
2019-10-10	0.0019084061235956084	0.004069945589795866	0.02522850766161155	0.0021464399469035772	0.009840462518472901	6251778
2019-10-11	-0.02666660267193975	0.007916947643514225	0.013676473058620069	-0.020880679432014822	-0.018960837626979428	8971988
2019-10-14	0.0097845848876571	0.02073774190128424	0.027641282184674595	0.0059444412940192135	0.017779081779831302	10019967
2019-10-15	0.020348887745975257	0.0030337130667262924	0.04014693711398596	-0.0067329248404472495	0.02842697162537757	13289279
2019-10-16	-0.046533603119431305	0.006959795981522094	0.006959795981522094	-0.04759981273610794	-0.03898513767542953	15333915
2019-10-17	-0.03884465421072828	0.004905161949853375	0.013940273296055837	-0.0543250124308073	-0.03123528343495648	13896888
2019-10-18	0.0	0.00791690001944817	0.013139267377061779	-0.01610598982557499	0.00791690001944817	9978669
2019-10-21	-0.009326521416615075	0.005827953076402726	0.005827953076402726	-0.02341730412623423	-0.0014833612242565134	7598695
2019-10-22	0.006276181065751982	0.007916998246055703	0.01635145011422354	0.003699772311971691	0.01424283714718144	5329474
2019-10-23	-0.004157919424686906	0.005821506286855826	0.014203352172579632	-0.00675126254172979	0.003726044815424921	6329134
2019-10-24	0.0062630776689386	0.010021092607150589	0.03737583053192756	0.008968987302351496	0.014229513826347148	7851278
2019-10-25	0.02178428258224538	0.04869357142476262	0.063331368034879	0.017326864403084882	0.02987354721175594	13383083
2019-10-28	-0.004061034939205622	-0.03403709461279216	0.0048470053922014585	-0.03403709461279216	0.003823739602596387	8526941
2019-10-29	-0.02956155613742821	-0.0013300188175316109	0.004834610695940284	-0.021878783862438477	-0.021878783862438477	8246118
2019-10-30	-0.014706056733011294	0.01638669448178254	0.01638669448178254	-0.010081709020347213	-0.006905500600091522	5654158
2019-10-31	-0.024520213248585124	0.01006606046943149	0.01651329064264068	-0.02109555203441277	-0.016797398585606582	6472156
2019-11-01	0.01748642258773792	0.009018488281010281	0.03215100820884993	0.006815391145025589	0.02554171680089586	5301689
2019-11-04	0.0	0.019825648788285896	0.02199088371140323	0.004669004326464177	0.00791685671114037	4704748
2019-11-05	0.0021481295672248157	0.004669004326464177	0.01441256148049237	-0.0018267004428878242	0.010082091634257703	4397788
2019-11-06	0.001071870528583795	0.007916955421010615	0.021960814392578906	-0.0007254193307236752	0.008997252264977376	4976866
2019-11-07	-0.005353290519527198	0.007916895849055113	0.01655001701264446	0.00036291483091441127	0.0025211951218116996	5462600
2019-11-08	-0.002152862690042219	0.0068319187417204864	0.014426556059815392	0.005746970553421242	0.005746970553421242	4322022
2019-11-11	-0.03452001139043926	0.0003058543878687834	0.0013931433600296804	-0.037749259637756626	-0.026876369916149393	7245346
2019-11-12	-0.001117267475252575	0.0022861132695925148	0.013547754991722727	-0.007849364280324697	0.006790769958444519	4005344
2019-11-13	-0.0033557769590425394	0.005662035096928629	0.021445968383203357	2.49160661161687e-05	0.004534611290766177	4234486
2019-11-14	0.01346796509598285	0.007916955787626592	0.02262281485074561	0.002260856147965308	0.021491594922813394	4328573
2019-11-15	-0.015503728009299216	0.007917003894711803	0.009033191052956201	-0.008825803478954347	-0.007709616320709951	3604900
2019-11-18	0.0011246946204678367	0.007916852415123098	0.01925449979887022	0.0033817934616241258	0.00905061715349779	3328322
2019-11-19	0.015730413680853927	0.007917018305132025	0.023771892750381156	0.0022545631461143496	0.023771892750381156	5154407
2019-11-20	-0.006637199962136162	0.012376751771352787	0.012376751771352787	-0.0065774385151152635	0.0012272280734304398	4235300
2019-11-21	-0.011135798966133082	0.010161778531233772	0.010161778531233772	-0.00891905506324508	-0.003307045182515923	5125366
2019-11-22	0.10022530575182322	0.007916914957010399	0.1089356147668908	0.007916914957010399	0.1089356147668908	18668303
2019-11-25	0.04401212801472353	0.037834536574898436	0.06878387663180385	0.017201643203627985	0.05227756193478756	38887999
2019-11-26	-0.05686272397867121	-0.02172762703434943	-0.008881626177224822	-0.05137224439694497	-0.04939593657277198	23116694
2019-11-27	0.014552979919087902	0.004773775551140374	0.02991931320831179	-0.023514954313177402	0.02258519805830344	18981434
2019-11-28	-0.02254088647333039	-0.01067163107098305	0.01927672247697249	-0.01790054399635168	-0.01480243845690806	12518500
2019-11-29	0.022012524793804857	0.010029935343292936	0.04383846874390528	-0.002648264681936787	0.030103752049906445	15192782
2019-12-02	0.04615380957461148	0.02652465271833654	0.09992168226818748	0.02652465271833654	0.05443619916687133	27336593
2019-12-03	0.03823533102810215	0.03262083813040883	0.07708776417430215	0.013845913800765082	0.04645499289962011	29315511
2019-12-04	-0.012275743236439525	-0.011118304323916176	0.01457929508248827	-0.025394748438585368	-0.00445596373707054	18267041
2019-12-05	0.06500968072447447	0.014662108363793228	0.1090940994555803	-0.0007553595695597702	0.0734412048597016	37334198
2019-12-06	-0.008079077862843407	0.003392988318750418	0.020583670715554933	-0.02917883095940554	-0.0002261027121557283	29630703
2019-12-09	0.0	-0.0012044835429056576	0.029808345278593152	-0.008501619736199504	0.007916936698711772	22172167
2019-12-10	-0.02443436932904207	-0.0012044835429056576	-0.0012044835429056576	-0.03951444855769831	-0.016710897953655064	19425018
2019-12-11	0.012059379957188875	0.006046940504665321	0.04157647929572235	-0.005172913850405224	0.020071758448503625	20416226
2019-12-12	-0.04124662045276818	-0.002245409751480582	-0.002245409751480582	-0.03919928346438874	-0.03365620240745248	17007655
2019-12-13	0.012428309978599695	0.026225209313808062	0.030079576297146225	0.007916966142951442	0.020443658838800643	12475513
2019-12-16	0.034938646505535714	0.013627532141510348	0.05645686448551776	0.0012546139087970015	0.04313218331182666	18645534
2019-12-17	-0.0009124591039546134	0.011595458929592156	0.024470310225059744	-0.004038289072046989	0.006997297752639399	16811067
2019-12-18	0.020091329244596202	0.0033146201349597143	0.035531144634706094	-0.006810573279246412	0.028167367606192623	20124174
2019-12-19	0.008057380343471454	0.0034052614890352855	0.01784274726585595	-0.010129881426733949	0.016038061543753406	14454973
2019-12-20	0.03463581975509934	0.01955358770076432	0.09474454588062751	0.016868196337197675	0.04282697951834101	32921521
2019-12-23	-0.09489801956864256	-0.03534128846565789	-0.02841997035599444	-0.09503765716150503	-0.08984666857925755	20031831
2019-12-24	0.007604562737642433	0.005580974407964078	0.029477860681917597	0.0008015971531734761	0.013227978015629211	10443794
2019-12-25	0.09999990513387039	0.011272942187632008	0.10613907184876072	0.011272942187632008	0.10613907184876072	23653210
2019-12-26	0.020583278411588968	0.04525235513811384	0.04525235513811384	-0.003905552653034953	0.026279127569600318	32455871
2019-12-27	0.010924327496597809	0.011496156610364083	0.0917736293572183	-0.008784468083578072	0.01656631278384951	33909989
2019-12-30	0.020781338957454026	0.005581016435941579	0.07579614975316443	0.004745121991688944	0.026478377542257906	30167214
2019-12-31	-0.01221494376975799	0.008856565080870253	0.026052983803839556	-0.01734750154460692	-0.006702099478006763	18970289
2020-01-02	0.028029679644934555	0.030451115415664722	0.056150218052740876	0.0022650028459683534	0.03376712865915849	19617408
2020-01-03	0.03448271969102624	0.011225816159630402	0.051545824778435445	0.0055810149529978165	0.04025622236517013	19369506
2020-01-06	0.04186046837938675	-0.005332229948480031	0.07417883003996432	-0.02559975504357368	0.04767514337714954	21195730
2020-01-07	0.07886912834004986	0.031768056146737604	0.09686147230682918	0.031768056146737604	0.08489026933485831	21633864
2020-01-08	0.021379345020033594	0.02707960213668622	0.02707960213668622	0.02707960213668622	0.02707960213668622	30761988
2020-01-09	-0.029034469155451215	-0.01886262073676293	0.03138247688640632	-0.029047437822540382	-0.02361553537679235	19664222
2020-01-10	-0.013212830513942059	0.020965384308503275	0.020965384308503275	-0.013299892288151987	-0.007705561415228676	13128176
2020-01-13	0.015503876518336944	0.0211714132948581	0.0211714132948581	0.0211714132948581	0.0211714132948581	14736029
2020-01-14	0.0020818527589346676	0.007674516106881582	0.007674516106881582	0.007674516106881582	0.007674516106881582	12070756
2020-01-15	0.00484775022481076	-0.01948884309920355	0.026472617380521292	-0.01948884309920355	0.010455744789102002	11204468
2020-01-16	-0.014472811544706808	-0.004121426497300388	0.015976331771021382	-0.011744714116318927	-0.008972609527584833	6538029
2020-01-17	-0.009790209790209751	-0.009186298642782115	0.03089629963781508	-0.009889502121389067	-0.004263874292533319	7426002
2020-01-20	0.0021186085599938414	0.005580974407964193	0.015523159183184218	-0.024245579917695756	0.007711442574082715	9416318
2020-01-21	-0.0394644129557668	0.02046275860138493	0.031092579003482716	-0.03622961687646984	-0.0341036527960502	11352807
2020-01-22	0.024945049018569837	0.004843241134416261	0.0461583817390619	-0.009912166224385689	0.03066520401231987	13737667
2020-01-23	-0.06084477292621962	0.0149385274767973	0.017817785710774095	-0.07287884865949289	-0.055603299255632614	12626593
2020-02-03	-0.09984753030596728	-0.0948237638730138	-0.0948237638730138	-0.0948237638730138	-0.0948237638730138	1226400
2020-02-04	0.017781669543769474	-0.08297141782836391	0.043045508969595414	-0.08297141782836391	0.02346179737261522	13334235
2020-02-05	0.010815097768062103	0.01561996738973117	0.05075673726647639	0.004744300523119486	0.016456557148701277	9530113
2020-02-06	0.03786008700469753	0.0428248436631755	0.0635158127834766	-0.0018676496366748106	0.04365248242798753	10868910
2020-02-07	0.013481405481796587	0.032694304224405446	0.032694304224405446	-0.022329562178284846	0.019137699458525226	10726228
2020-02-10	0.0798123702206377	-0.0015005031839466641	0.10629652681116714	-0.01251625807395819	0.08583869630114557	17667920
2020-02-11	-0.008695724408458021	0.004123537508276834	0.04930180987802521	-0.02720978042558084	-0.0031632806158760933	13308454
2020-02-12	0.10014623558410005	0.06585702696750598	0.10628608661110109	0.0489503292983662	0.10628608661110109	27162218
2020-02-13	0.009302258454613868	0.0396571055852638	0.10647304812563392	0.002240140345691294	0.01493518212340335	33553163
2020-02-14	-0.04542458986494832	-0.03546311507017721	-0.0010390121076852739	-0.051351162591327354	-0.04009712893051268	17636181
2020-02-17	0.03793106915796467	0.005580974407964191	0.05273925458709629	-0.021465686283008677	0.04372370102343874	13487630
2020-02-18	0.04784052996320508	0.008253581187765433	0.061038228579305236	-0.0037733004963828444	0.05368846755010342	17047371
2020-02-19	-0.017121147379970638	0.0030303248651345053	0.023435200957093654	-0.020562886844979974	-0.011635725657369077	12731724
2020-02-20	0.012258032078032992	0.018556212787421714	0.03477526076174372	-0.014530645080195156	0.01790745086844885	10821624
2020-02-21	-0.004461408505587422	0.003658289602202723	0.028012769404701234	-0.00531438987061394	0.0010946668956836275	10287463
2020-02-24	-0.004481466247790432	0.0030058630778542375	0.028113198546427007	-0.015019916232915887	0.001074529580271761	11271084
2020-02-25	-0.012861672082684976	-0.016405973293449744	0.0049343310335167164	-0.05261982306042336	-0.00735251085170643	11971113
2020-02-26	-0.06384371162742437	-0.010796598293276977	0.0023054335174081675	-0.06975574144135983	-0.05861901440227752	15500208
2020-02-27	-0.008350730981118189	0.026574350084666153	0.03427190826526007	-0.012613218834721274	-0.0028163266048743863	10955113
2020-02-28	-0.0982455469344528	-0.026174179897525213	-0.026174179897525213	-0.09462425565835138	-0.09321291389008696	15912256
2020-03-02	0.028793734064770343	0.0298400860245145	0.05331668373024057	0.006363488318788432	0.034535405565659746	12442407
2020-03-03	0.008320764205029245	0.01775139467311354	0.04589549153627133	-0.00354684079089789	0.013948138340254317	13009879
2020-03-04	0.0015003750371811596	-0.004225929368387366	0.011615930846206535	-0.023085286766713363	0.007089685070608259	9104442
2020-03-05	0.03146067297242494	0.03420421412983587	0.06810020075463015	0.013866622154959306	0.03721719071870641	17024963
2020-03-06	-0.03485845955370161	-0.017057413121494742	-0.017057413121494742	-0.04553791898201611	-0.029471992599158007	14783913
2020-03-09	-0.07298724902090159	-0.0261980714635934	-0.012578464071475712	-0.07386669733600484	-0.06781353849506369	16171120
2020-03-10	0.030844239983551503	-0.023802805554823187	0.04067844725551869	-0.032781207844870895	0.03659735530549699	13568174
2020-03-11	-0.006299291778029436	0.015874322964896156	0.04517077655001001	-0.013422130620217701	-0.0007533939347631627	11395775
2020-03-12	-0.03328043010183786	-0.007167992115989497	-0.0023870996221661135	-0.04143105498839126	-0.027885192922558057	7238881
2020-03-13	-0.006557459473850315	-0.04469807431243397	0.012174948010639378	-0.06447999512045952	-0.0010129991947109849	10798242
2020-03-16	-0.07920784439512593	0.011388869229908236	0.024663866693139202	-0.08236580035416029	-0.07406892693964097	10335613
2020-03-17	0.00896057347670245	0.04522753612297346	0.04522753612297346	-0.03136241264465819	0.0145915566159208	9297621
2020-03-18	-0.009769138791339843	0.02701431666887997	0.05201988263994829	-0.004242640794955477	-0.004242640794955477	7975800
2020-03-19	0.012556054377853284	0.005581019752948125	0.02632394661780718	-0.01245630795562503	0.018207149148949157	9343187
2020-03-20	0.0	0.010925116723996937	0.022503994712906223	-0.021139468476059305	0.005581019190654178	7408002
2020-03-23	-0.08857396320054443	-0.03360902938719236	-0.020248785553835538	-0.09150341933173847	-0.08348727303172442	13867840
2020-03-24	0.026239117199539898	0.00851274664342145	0.06226100348972772	0.00264930044200616	0.03196653144908243	11954853
2020-03-25	0.027462168824856813	0.021769304488395563	0.04271890812189471	0.021769304488395563	0.03319636101575872	8621987
2020-03-26	-0.022119907323437348	0.0055809278092061486	0.007434533206089438	-0.01944274504871876	-0.016662336953393822	6304188
2020-03-27	0.0028275687287616503	0.01979753038399544	0.03496180592873888	-0.004844417376212607	0.008424323725437945	6389709
2020-03-30	-0.034774388835480514	0.0018005948049267695	0.0018005948049267695	-0.034113011423929	-0.029387536920132278	7981252
2020-03-31	-0.005842258720795242	0.023205517829135824	0.023205517829135824	-0.003231371148267645	-0.0002939390396671436	6015446
2020-04-01	0.028403475311313937	0.006565822953738886	0.09323685271883567	-0.00032846350484839375	0.034142968788087834	14394598
2020-04-02	0.04190466613514529	0.007496366740169814	0.04963499804869415	-0.013572948914092184	0.047719605716488374	10298932
2020-04-03	-0.00731252301392676	0.015692028205537903	0.020287919735879605	-0.010044964364376283	-0.0017723596097610546	6167769
2020-04-07	0.02117868349820321	0.024099961045311584	0.044470846346393623	0.020396163717842017	0.026877809040913636	8378511
2020-04-08	-0.009017222817601526	-0.0025797820564284544	0.010114657081035235	-0.015274221193892145	-0.0034865277091044094	6766700
2020-04-09	0.00727934519199142	0.00832600954981716	0.02205095523334465	0.0028360312764062943	0.012900991444326378	6189703
2020-04-10	-0.02529358741801046	0.005581020080644511	0.00830617189658116	-0.02621241777195036	-0.019853730201431514	5324188
2020-04-13	-0.011121409230003619	0.005581021265848458	0.005581021265848458	-0.011194195029596626	-0.0056024562644482094	3361663
2020-04-14	0.034676712298557566	0.012178085665890273	0.04422096733501528	0.012178085665890273	0.04045121655041225	6436150
2020-04-15	0.028985507246376715	0.007402679071746766	0.051123591002527696	0.002848417412290342	0.03472824902848483	10835424
2020-04-16	-0.0035211267605633886	-0.005041359828739558	0.013547725085492094	-0.00592655434846486	0.0020401963290630136	6128111
2020-04-17	0.030918683499073635	0.026012389965723335	0.07487012282123387	0.025124067550168456	0.03667225895238013	12794481
2020-04-20	0.02142249473534828	0.06848368636522621	0.09691913930881692	0.013336141262504809	0.027123027538185157	18793450
2020-04-21	-0.040268456375839014	-0.013822014192189553	-0.00791675679214276	-0.04672273399245002	-0.03491221919235658	16674817
2020-04-22	0.050699388599735655	0.0020649570149294458	0.06095824834826301	-0.0067250864676576235	0.0565632266069694	16110478
2020-04-23	-0.024958484233211176	-0.01282408441525305	0.017293146907671385	-0.022026571763924523	-0.019516802487014054	11645276
2020-04-24	0.005972739145945951	0.006438978652339631	0.015877025340468937	-0.009005097746417475	0.011587004118591898	7323745
2020-04-27	-0.01357082215239341	0.014110031876659759	0.014110031876659759	-0.011477269179942313	-0.008065629039061967	7491182
2020-04-28	0.03353400566895169	0.008174862828558165	0.046219197274918807	-0.041974487123462745	0.03930204555739868	16694465
2020-04-29	0.04825282411787879	0.008927249317970168	0.0708348914817594	0.008927249317970168	0.054103096302356816	20480962
2020-04-30	0.021428611332578333	0.011965615515316311	0.044686901190496106	0.005580974407964152	0.027129138145277634	17590446
2020-05-06	0.024087062212878114	0.006362272291002521	0.037615759008114286	-0.00457644805998668	0.029802387328836347	13369503
2020-05-07	-0.021244460531025997	-0.0005227799932432519	0.004817937976258523	-0.018833813031534995	-0.015781974191819637	9426287
2020-05-08	0.005426395988152488	0.011817214362753122	0.03910042122153303	-0.0006551087726891453	0.011037694166787999	12731763
2020-05-11	-0.010794063210962072	0.018761335076650582	0.026514465480582446	-0.01147587349868384	-0.005273369175538321	9344789
2020-05-12	0.0007794623849244758	0.010283573823670216	0.018121305195459715	-0.008526981468624668	0.006364708137775395	6364047
2020-05-13	-0.01168235955014826	0.004797732963294184	0.00558089565461396	-0.013215008937061085	-0.00616654471518296	6957354
2020-05-14	-0.01418431848311791	0.007958274331058914	0.012712794492997769	-0.011852226343686741	-0.008682546235727503	7810968
2020-05-15	-0.009592325753562619	0.0063847556824165085	0.016834437650364985	-0.008084034734742812	-0.0040649262855318264	7585791
2020-05-18	0.004035390605293163	0.0007112922761969113	0.02587110578841277	-0.015520845473619689	0.009638968038596027	9194956
2020-05-19	0.029742808094798092	0.018514574094793068	0.055698439498253836	0.018514574094793068	0.035489816996373026	13300217
2020-05-20	0.0039032400275565452	-0.0038389487824070485	0.02128095164230769	-0.01875388965958137	0.009505998318222639	11373503
2020-05-21	0.04976679670147551	0.004799029637818014	0.061880997858487864	-0.021787092547151478	0.05562543969731856	25149273
2020-05-22	0.0037035916966131066	0.0011116510625339348	0.03165151541786422	-0.013785843744944196	0.009305273206647025	19741486
2020-05-25	-0.022140222223755935	0.015970778632138125	0.023392040711262555	-0.04117293937712016	-0.016682774516009448	14291024
2020-05-26	0.02188683122980956	0.006339941632283309	0.030625671747089564	-0.00504399435903214	0.027589955482738716	13369539
2020-05-27	-0.04283611562636441	-0.009272511181518275	-0.007787162622570057	-0.04937692227312092	-0.03749413380153492	14632359
2020-05-28	0.010030903771402281	0.004029229820350885	0.017219722020463683	-0.013816730215095743	0.015667899408685737	8825305
2020-05-29	-0.005347478557463757	-0.005942069622465472	0.004044602011930221	-0.02130617982922793	0.00020357446023953823	7626306
2020-06-01	0.031489897078563575	0.013304252325116171	0.04883168800114927	0.000174547836147444	0.03724665462852978	11346048
2020-06-02	0.019359643315997335	0.014566099280871086	0.033285031001920366	0.00033971117287353686	0.025048701044658592	10355185
2020-06-03	-0.015339627824845235	0.013660917201532001	0.013660917201532001	-0.01718963245242766	-0.009844263487199195	9903808
2020-06-04	0.029673590504450974	0.005580974407964196	0.04959379153709615	0.005580974407964196	0.03542017246161301	10137738
2020-06-05	0.007204610951008727	0.0012340825877569111	0.01789716789855174	-0.02194934045334891	0.012825794108309823	8009677
2020-06-08	0.02002861230329033	-0.00808571980788092	0.033633662535224894	-0.00808571980788092	0.025721365883946246	8544620
2020-06-09	0.05890596033794015	0.010517206400149193	0.06904681430748512	-0.0014707855808714142	0.0648157583141837	13602732
2020-06-10	-0.018542980997714842	-0.011733599073107382	0.03754653143133337	-0.027716344101574662	-0.013065494492146291	12706012
2020-06-11	0.025641025641025637	0.010330682114344578	0.03679333933560671	-0.002561381660116588	0.03136510195688625	10736101
2020-06-12	0.03289467068546216	-0.016250717799577236	0.03998242879560507	-0.026174214257550472	0.038659295934541864	10662700
2020-06-15	-0.038216562957315174	-0.00018343847739919108	0.0030190489073625482	-0.04693975429491984	-0.03284880980196846	9985931
2020-06-16	0.0	0.006246989083918264	0.015570257017190874	-0.010401703654068471	0.00558104137439881	6047299
2020-06-17	-0.003973443603618866	0.00558104137439881	0.00691293679343772	-0.014397389911185202	0.0015853551172819598	6680732
2020-06-18	0.0033244346548877623	0.0015693481802728506	0.032993753630521656	-0.002442278047418529	0.008923996264373615	6330383
2020-06-19	-0.004638800499791759	-0.005747605164514767	0.031570179092045035	-0.007746772178258998	0.0009162848812994538	7807362
2020-06-22	0.0159786281237701	0.0008945118108564942	0.04775913778193346	0.00022501715412683853	0.021648846169476297	9054451
2020-06-23	0.04390573738677823	-0.0003496469857016999	0.051708611345300054	-0.018141709959588324	0.04973171545931257	11728744
2020-06-24	0.09855621175375767	0.004949692862250063	0.10594966199413447	-0.0070440534721611815	0.10468716237998595	20578472
2020-06-29	0.09999990806117341	0.005006298958861703	0.10613900828805543	-0.02257534904000911	0.10613900828805543	29066465
2020-06-30	-0.023376597868210072	-0.039866088998254244	0.0003572032666284883	-0.09471590952424692	-0.017926139892667708	24943336
2020-07-01	0.01702133008409429	0.021627479318729655	0.06976699405102574	-0.006186462526597182	0.022697299801130225	20578949
2020-07-02	0.07060655936438044	0.0176773447404359	0.10445603305163578	0.0176773447404359	0.07658161391004538	22761058
2020-07-03	-0.013189912356758838	-0.02291128240321597	-0.0008051525835377116	-0.07350954663375975	-0.007682550786264204	19103553
2020-07-06	0.003465371252761146	-0.01383380664500807	0.03544961489486381	-0.025781252994652292	0.009065610720408655	18597670
2020-07-07	0.012826737518034908	0.0021082968460925905	0.07999487833388894	-0.0217042755742116	0.018479372172237815	22124655
2020-07-08	0.00048716554390663193	-0.020378958562911588	0.017336451532416298	-0.0252770637700971	0.006070858536941881	14586762
2020-07-09	0.007789629337191912	0.0060704482384317925	0.06139213524094095	0.0011748259718347934	0.013414126424336419	17531031
2020-07-10	0.02898545866758588	-0.008992662902296136	0.06533288738003172	-0.019679996929820337	0.03472820044969394	17627640
2020-07-13	0.07089199852099323	0.012662625584322828	0.09528078465912031	0.012662625584322828	0.07686864335884082	19505113
2020-07-14	-0.09864097551853221	-0.005881128153478504	0.0029359351416540797	-0.0949329340046553	-0.0936104692933418	24122970
2020-07-15	0.03258762519019715	-0.021808294967839432	0.07405444321572704	-0.037459362248354014	0.03835049489163846	22242110
2020-07-16	-0.09938759027789325	-0.03846946498591115	-0.010049794495336883	-0.09483495611749668	-0.09436129573208785	14290625
2020-07-17	0.030334726438074097	0.020307001961987266	0.06974455772715579	-0.005463638809217487	0.03608499788444087	11232454
2020-07-20	0.0659897933025861	0.025488362672305327	0.09286738899024675	0.025488362672305327	0.07193905505815888	19243429
2020-07-21	0.04761899973423929	0.024734897730020602	0.09368902168942392	0.010369455238478391	0.05346578271310536	18034709
2020-07-22	-0.01499993212328115	0.008323468354982438	0.022950101378564836	-0.017273093728058592	-0.009502694934280373	13248944
2020-07-23	0.060913704170427796	0.0060449939702266805	0.07240317420188806	-0.0018437352260342365	0.06683461307082611	17581099
2020-07-24	-0.09090915453080488	-0.018913407451516706	-0.0053540296677436995	-0.0902095343770905	-0.08583549780368704	16051066
2020-07-27	0.02631581479680241	0.04599671940016943	0.09026152997276178	0.020015248264963807	0.0320437293988204	14749539
2020-07-28	0.01631694637913956	-0.0005134323118817964	0.06886926565677892	-0.009889432032850734	0.02198903265076963	16417569
2020-07-29	0.027981723148955844	0.004197240021314627	0.04156057325132214	-0.03962395327313867	0.033718886030209526	18022040
2020-07-30	0.004462293719036223	0.023081022994913724	0.026222151105124988	-0.02448322739358791	0.010068194635250197	12766164
2020-07-31	0.01243891631515627	-0.008714201417025011	0.06588909777316294	-0.014521733214224185	0.018089379130347943	20868668
2020-08-03	0.026766148146040076	0.019259369078450588	0.05235220573684184	-0.01162727846938137	0.032496503741806966	19355272
2020-08-04	0.09999999999999988	0.015464846994838436	0.10613907184876047	-0.0073110893664968925	0.10613907184876047	23954255
2020-08-05	0.020979020979021063	-0.026063182129349334	0.054023880711999824	-0.07177140823880218	0.026677117833033146	23582802
2020-08-06	-0.0007610732717265827	0.004433050921197073	0.04614093760706773	-0.02503031857249136	0.004815692083452826	16119535
2020-08-07	-0.04417361153233697	-0.002460610020825458	0.009410377228437962	-0.07177137269390338	-0.03883916891984208	15612021
2020-08-10	0.007968007301078722	-2.788383897168577e-05	0.02681431746992623	-0.012447369754728488	0.013593531750618261	10073437
2020-08-11	-0.0023715020384678883	0.016710055039865047	0.05566137784006113	-0.0019706607208339103	0.003196317013533774	13117520
2020-08-12	-0.047147368939402065	-0.003980730453440575	0.012353985567123006	-0.07569407802002207	-0.041829502536980624	14403064
2020-08-13	-0.021621497541385717	0.011852894490799931	0.016452142015136808	-0.01908814413266878	-0.01616121341394097	7632442
2020-08-14	0.021249381928860674	0.005580952682140234	0.028231010952840335	0.0021620630605643783	0.02694901281698979	6099859
2020-08-17	0.014149022584060162	-0.004043833288145725	0.023575120394576026	-0.013250109335486846	0.019808983131640222	8618236
2020-08-18	0.002462002182238585	0.005993543072680017	0.014246197824965931	-0.007623269184530749	0.008056737708052038	6806872
2020-08-19	-0.05444120012284296	0.004346143288170818	0.008050698734725541	-0.049164102050952924	-0.049164102050952924	9301968
2020-08-20	-0.03246755281998859	0.00340430500079308	0.027346751642753582	-0.03359750365186948	-0.027067800880697344	11024646
2020-08-21	0.011633154350422184	0.014129559679722316	0.04292467393306517	0.008730422328702464	0.017279030222229427	7108182
2020-08-24	0.02432545134616204	0.007359909370519664	0.042050449295862116	-0.016656573795050728	0.030042185475551302	6907723
2020-08-25	-0.0038860320721282064	0.00037075371072834904	0.02338271013798425	-0.0074446424634268	0.00167327632088658	5094470
2020-08-26	-0.0411789994761128	0.010375704151881375	0.01386276439054196	-0.054134866675084964	-0.03582780042211739	9826870
2020-08-27	0.02305598967579288	0.009672352442129814	0.043767548229018294	-0.004420283022856432	0.02876566208278744	6206900
2020-08-28	0.020327000912977025	0.006025354506198416	0.03668606701924359	0.0006931088415502295	0.02602148681844561	6469623
2020-08-31	0.04114350721494601	0.01603316004734625	0.07351981976712754	0.005581040098295177	0.04695405844712241	11819990
2020-09-01	0.0253742275139312	0.007672364679514934	0.05201162190493148	0.00014305684878382536	0.031096877930678366	11609588
2020-09-02	-0.013387445151469633	0.0002777688143498131	0.01414789286307121	-0.02664646964974893	-0.007881103688214186	6979828
2020-09-03	0.004934334978070377	0.008888889991499638	0.016331512950453313	-0.011371583618985333	0.010542847552505792	7492951
2020-09-04	-0.0036825492908495582	-0.014580018341565859	0.005169484206516127	-0.04790745561320922	0.0018778935910220803	7100216
2020-09-07	-0.05174542224222087	-0.003504377498491814	0.023338729607199418	-0.05140885201180404	-0.046453175420362744	7271002
2020-09-08	-0.027284518768501593	-0.001387039867738923	0.010807056522320958	-0.04145349967243488	-0.02185581831846386	6211524
2020-09-09	-0.08192333353600173	-0.015014139472027935	-0.006507398631747298	-0.07859049956065166	-0.07679957140578896	11153832
2020-09-10	-0.030067942548264948	0.0289892107311384	0.029476932110120445	-0.03489585263704083	-0.02465477655816272	6905957
2020-09-11	0.09499994972095131	0.005580974407964234	0.10613907184876066	-0.01905575946503081	0.10111116697672076	9327396
2020-09-14	0.06575347359367202	0.04231461976134763	0.10108825906558842	0.01889697955603271	0.07170141645499721	12930546
2020-09-15	-0.0068551411490584795	0.02195285807094846	0.024537985304299955	-0.037072203169751475	-0.0013124684328787847	7233300
2020-09-16	0.04961162364793167	0.02727163248385597	0.088005597242192	0.017293953083532754	0.05546954469308337	13093991
2020-09-17	0.03904650913555709	0.009714127735739478	0.07212384294634502	0.009714127735739478	0.04484544244263695	15824088
2020-09-18	-0.005933643748118576	0.007967638113046361	0.032232092225777095	-0.009534562390889775	-0.00038572463246966783	9603335
2020-09-21	0.011937964010841653	0.021987332319455825	0.04199491439275832	0.011183197984708303	0.017585624248165108	8274324
2020-09-22	-0.04050328559663946	-0.00904995250478256	-0.0015367239538102476	-0.03831180699234316	-0.03514835898902857	9035480
2020-09-23	0.030737725524200406	0.02371440181532098	0.05215095418919264	0.012174906798304465	0.036490225670504084	11335950
2020-09-24	0.0019880915225007506	0.021174496163958507	0.07715116956461893	-0.0004165464167772554	0.007580161195226682	15758024
2020-09-25	-0.013095257524688412	0.029922337627709263	0.04149453907701476	-0.01596722859619989	-0.007587347573184168	7919306
2020-09-28	0.0703659214881854	0.04075809239958704	0.09493897211269685	0.027819374856157965	0.0763396060775097	15631632
2020-09-29	0.02178809062769869	0.016913554037320696	0.0418453127915788	-0.01481777528628082	0.02749070158724649	13715929
2020-09-30	0.09999999999999996	0.012974952160963829	0.10613907184876062	0.0029930452245255285	0.10613907184876062	17784780
2020-10-09	0.09993323910268846	0.10607185386918776	0.10607185386918776	0.10607185386918776	0.10607185386918776	1821265
2020-10-12	0.09996946896284174	0.10610846242616868	0.10610846242616868	0.10610846242616868	0.10610846242616868	10448878
2020-10-13	0.04972384300402282	0.008358850646438577	0.10002781181567708	0.005581058053470685	0.055582296973745546	37040156
2020-10-14	0.03842102515219925	-0.0095027664193441	0.1061390161147257	-0.03331918375089171	0.044216399855609184	33203775
2020-10-15	-0.06158138642603797	-0.00028024262482431966	0.0015035805537764384	-0.09125652439462748	-0.05634408320461388	30258612
2020-10-16	0.04509869276640469	0.015628733080345767	0.05772026881464339	-0.0006648566027352016	0.050931307058168444	25042933
2020-10-19	-0.10000000519680055	0.013376096765256642	0.01649415107899341	-0.09497714161317737	-0.09497714161317737	15771254
2020-10-20	-0.025265631571787347	-0.024445027897580185	-0.014340195727675569	-0.06486464528833805	-0.019825649652033792	29341280
2020-10-21	-0.022091354853140947	0.014466800100398148	0.021871667254415653	-0.06076667980388832	-0.016633612327006747	25284734
2020-10-22	0.003915738490663464	-0.015621004273143892	0.021936901064065033	-0.054087506567701026	0.009518581425664797	19364788
2020-10-23	-0.009900944395266635	0.007692920384419688	0.022174703771486566	-0.034545762832546255	-0.0043753179210633255	12018293
2020-10-26	0.04545444988280872	-0.006608037644560326	0.0604307183263428	-0.01331181877799196	0.05128910441229688	18223792
2020-10-27	0.07652170998316009	-0.007535328318544832	0.10409879177259869	-0.017445401689521762	0.08252975025886422	21535687
2020-10-28	-0.019924501823150313	-0.017162376043324167	0.028053625138463753	-0.028804805518359972	-0.014454753078691568	20472447
2020-10-29	0.09999985358300216	-0.006298196228226231	0.1061390078005174	-0.019006169487399274	0.1061390078005174	17636564
2020-10-30	0.018980944591179497	0.026677155449365074	0.10478299943221325	-0.033095168348930434	0.024667952323605354	25755256
2020-11-02	0.08897066081589353	0.022094341991970006	0.10613923280816781	0.01864384326194738	0.09504824016529981	25038041
2020-11-03	-0.05919423016027442	-0.0043774121468349875	0.014860532157646314	-0.07838711230330307	-0.053943594350377336	20286726
2020-11-04	-0.052153088500175325	0.022420896377810577	0.07294046902608373	-0.08583543382689877	-0.04686317901016568	35609046
2020-11-05	0.03659766617898594	0.0355301310341585	0.05659611389897705	-0.00127182392494974	0.04238292950872107	22400221
2020-11-06	-0.04212319359013713	0.025903247779372644	0.05038781099680095	-0.06346545693336714	-0.0367772830263702	25579773
2020-11-09	-0.021005677110548047	-0.008477681750841874	0.0045585231016003125	-0.05934469246219654	-0.01716851906751815	25225219
2020-11-10	-0.03042922974834015	0.02062969640770462	0.020890741577944582	-0.06762124742672203	-0.0266289572409945	19806665
2020-11-11	-0.002145851147542213	-0.00038912654931264827	0.04619831574719213	-0.02031666068345316	0.001765261146058848	18898106
2020-11-12	0.018279565887938255	0.003919523006542468	0.031176423090968942	-0.0014779206258066764	0.022270739600446555	12037159
2020-11-13	0.018479486529629077	-0.005886524922314789	0.024856522067186818	-0.035834413602483794	0.022471391673335808	14818203
2020-11-16	-0.05832045841802424	0.01354749968767393	0.01354749968767393	-0.06894152518051361	-0.0546294802213691	18717046
2020-11-17	-0.07019000137061407	-0.007410213727362866	-0.0054757688702605075	-0.08671789336622816	-0.06654554970465497	22196187
2020-11-18	0.04440501611487087	0.010457852421025744	0.057117229723996646	0.003919566009540992	0.0484985889104686	18877364
2020-11-19	-0.004818557760289526	0.0024967661440536536	0.013025344017450476	-0.036487609874129356	-0.0009178977628586448	12006796
2020-11-20	0.0065508679386048155	0.01907407053165106	0.021933511248116017	-0.016667866166062195	0.010496034317749245	12634158
2020-11-23	0.046972268016619356	0.019827722415749715	0.08118779867954201	0.013578025310247861	0.05107586705378843	20183915
2020-11-24	-0.01756764144988215	0.002020184479703132	0.024540486377287427	-0.03813656805237852	-0.013716986141434077	12256485
2020-11-25	-0.03961477659130235	0.008062288859282169	0.013033554941327935	-0.03916471130200789	-0.03585056153212227	12147182
2020-11-26	0.014036065469584063	-0.002119532560594257	0.018010649138479808	-0.02771358415791472	0.018010649138479808	9612644
2020-11-27	-0.006779661305348942	-0.0017523216560384584	0.0033523538268376016	-0.021320329418321356	-0.0028867223448748175	4909674
2020-11-30	-0.0216154207062339	0.008487973866570289	0.009344503375065432	-0.04347828073244325	-0.017780625198585333	7248330
2020-12-01	0.024127803383074214	0.0071296083660577535	0.03310322273613747	-0.0022091481168470817	0.028141934483340403	8144487
2020-12-02	-0.011637772942233428	0.013038301996158567	0.032415716279508816	-0.021157113183281877	-0.0077638630733508065	7958727
2020-12-03	0.017231462699502643	0.003919524403937185	0.02410170898414278	-0.014532758640822159	0.02121848209501452	8021188
2020-12-04	-0.0999435344860816	-0.04539779702300158	-0.041996629868754645	-0.09641575782943859	-0.09641575782943859	24599004
2020-12-07	-0.011606008943386358	-0.02694122627385915	0.011792212714552776	-0.027571069268464123	-0.007731975400948182	18533896
2020-12-08	0.021263117462280153	0.003600920101323576	0.04119612917178585	-0.008824583239584223	0.0252659558368442	19109368
2020-12-09	-0.022684899400434246	0.004543468856330046	0.023261607164054312	-0.01916625203252373	-0.018854282020828235	16993156
2020-12-10	0.024483346156582823	0.0007273867611523885	0.05914305239984161	-0.003741603186979978	0.028498800707231858	22716567
2020-12-11	0.01024197263256968	0.003919492264772559	0.03040399065152187	-0.007609098813094264	0.01420165906571048	21083138
2020-12-14	0.06635942306978196	0.014097590728730238	0.08318446743038162	0.014097590728730238	0.07053909031501061	37723489
2020-12-15	0.010371724441164326	0.009993381824201918	0.022430299895743803	-0.03223426456540982	0.014331899462730837	30722728
2020-12-16	-0.03535780513363855	0.022526557135144145	0.051152719747377666	-0.038733402228873066	-0.031576861575814685	39567733
2020-12-17	-0.03901872643660342	-0.05721189573647891	-0.028129983801375005	-0.09638342091242297	-0.03525214403428186	42515727
2020-12-18	0.019071075159268515	-0.011829390367905755	0.03418236540375164	-0.03251921250707778	0.023065415165059125	24142227
2020-12-21	0.08210083243203802	0.034828099759968326	0.09149358624793233	0.03270692954793736	0.08634211227099382	35797067
2020-12-22	-0.009762858522141439	0.005319765456391424	0.035843400088708795	-0.012322391301066556	-0.005881624360302405	30932256
2020-12-23	0.09999999717205764	0.03219892220899277	0.10431142137156836	0.019756004576854832	0.10431142137156836	46350353
2020-12-24	-0.021767005785789873	-0.002250527867558442	-0.00019389400476481846	-0.03849958021767999	-0.01793275312699064	33818066
2020-12-25	0.026178043081183582	-0.0013365795851436012	0.03414219989467784	-0.025777552768980867	0.03020018628752083	30440951
2020-12-28	-0.002551108018538141	0.011346518569757873	0.03593227692146554	-0.02117845040669608	0.0013584413944698734	24516844
2020-12-29	-0.09999999486486137	-0.005580406488329862	-0.0037831336474771333	-0.09647238571505082	-0.09647238571505082	35120643
2020-12-30	0.03069064076487542	0.04985052752708159	0.05412986674201249	0.01932500999640305	0.034730425764610835	30785531
2020-12-31	0.10008277422786158	0.10439453510182235	0.10439453510182235	0.10439453510182235	0.10439453510182235	13175731
2021-01-04	0.0999998867760033	0.01700304887062207	0.10431135592655293	0.0066870847274038666	0.10431135592655293	54313947
2021-01-05	0.004784663604494744	0.004148321804041367	0.05561378014409094	-0.01689537801985307	0.008722937717897585	53757567
2021-01-06	-0.006575878039207059	0.0018707050852647333	0.02122069698789068	-0.023853242712556955	-0.002682149822952736	32174380
2021-01-07	0.02510836761959349	0.023397488088510138	0.049750110898614884	-0.003184264848853686	0.029126314152597185	43344550
2021-01-08	-0.041638786532885635	0.027838346645792045	0.04259198476993042	-0.04973018572779616	-0.03788248222111275	35922592
2021-01-11	-0.06575287756819341	-0.008676159552662398	-0.007509919536226489	-0.06792236063642886	-0.06209104392791511	37805856
2021-01-12	0.004476517606954217	0.008663344119788793	0.027887767433402984	-0.0013234711030075908	0.00841360008682494	24764567
2021-01-13	-0.0344144073070431	-0.006271253597264553	0.03300069270201187	-0.04653737604458034	-0.030629787150908316	32916006
2021-01-14	-0.039487217479031424	-0.015386636688428835	-0.0076642046784913785	-0.05245440815392686	-0.03572246784214129	24631984
2021-01-15	-0.0013347359620571404	0.003115554168280135	0.022143367161705948	-0.03654808507974284	0.002579558681147655	21280007
2021-01-18	0.029136557019744283	0.0041878284324340575	0.045514668160586386	-0.016207168414786408	0.033170322313986	22658753
2021-01-19	-0.049350651788908975	0.003919562731230749	0.0477269618322299	-0.04979667890892244	-0.045624571737041056	31992329
2021-01-20	0.019672160465625636	0.005839575189515837	0.03765790063851476	-0.0026634863811454733	0.023668802656404062	20136555
2021-01-21	0.047695539288520064	0.03566190120517142	0.0622932610367797	0.018983736449708948	0.0518020328778805	30838703
2021-01-22	0.04680311688535765	0.06400069611939119	0.08813589897867745	0.03755475790876814	0.0509061183173938	39128411
2021-01-25	-0.013193264030916292	-0.0019671230940029954	0.027956719073164164	-0.043173716174404624	-0.009325438906981912	38871788
2021-01-26	-0.054221325165370225	-0.010745294819906773	-0.010745294819906773	-0.05126002344334863	-0.05051427948190986	24526670
2021-01-27	0.03324616228101875	0.003919569960814083	0.037558732578382305	-0.03287334545780803	0.037295952695731736	24417810
2021-01-28	-0.07119335399723617	-0.030926543897516468	-0.011595867453432312	-0.07085946874983394	-0.06755289329104312	23300147
2021-01-29	-0.04309868052225274	0.00830103958520875	0.024457954668187277	-0.07275735446343823	-0.03934811283945676	22840573
2021-02-01	0.017388640136464246	-0.001804135947747966	0.03225125527848268	-0.019833504483281635	0.021376386710224328	14176242
2021-02-02	0.024376709796204862	0.012358337701513459	0.02979821328186493	-0.007894509960505535	0.02839176943434659	15769050
2021-02-03	-0.03747275021739001	0.0022719170301184256	0.029731421606286054	-0.038917339834133015	-0.033700061424165734	17873230
2021-02-04	0.0017051227686111928	0.003348966216722029	0.018754410513477458	-0.016620931600866785	0.005631307091329715	13299216
2021-02-05	-0.007943295892499709	0.003919501092164675	0.040658711314246664	-0.008042036003429839	-0.0040548664648935254	14745609
2021-02-08	-0.030597641595788358	-0.01789859057678113	-0.016176080539092957	-0.0911040183795648	-0.026797991322655812	19822565
2021-02-09	0.08849562422871816	0.06610922579236876	0.09957323943832994	0.042714021501113385	0.09276201566546832	24726089
2021-02-10	0.022222233709406916	0.00881669834227598	0.042008534349390565	-0.015125039939127059	0.02622882464481397	22736491
2021-02-18	-0.01961832163668677	0.0454389066965712	0.04810046433936732	-0.024558579512510892	-0.015775668180663574	19550655
2021-02-19	-0.029475354847417957	0.0028336158632970235	0.0028336158632970235	-0.05553374544710422	-0.025671401060402922	16063586
2021-02-22	-0.020897246138854093	0.011192317915042903	0.025178379629715045	-0.018178523574262355	-0.017059610664965048	16220722
2021-02-23	-0.01565166036412394	-0.012079089435234882	0.01220462223540726	-0.027220819223511293	-0.011793455175762324	11935970
2021-02-24	-0.04336514530625376	0.0013074463142482772	0.010014438563141837	-0.055288220979091744	-0.039615553665551334	18269042
2021-02-25	0.009066161242163733	0.01575179831756542	0.027280672245656015	-0.018227920868930252	0.013021252391628354	12698846
2021-02-26	-0.030847421180436187	-0.030055590506161804	-0.0017930142109793415	-0.03787281376140137	-0.02704885284974266	10884099
2021-03-01	0.02286758482483303	0.01756973812035372	0.03463261481118704	0.008572901211162436	0.02687674766832254	10254427
2021-03-02	-0.016314087679122378	0.007255851607703034	0.02029770735094807	-0.01731127403523021	-0.012458520832757062	11133018
2021-03-03	0.0046067755931635005	0.0048444664796961035	0.010702688136237032	-0.019205232467791822	0.008544384587492881	9470408
2021-03-04	-0.058697560585902295	-0.009891661700522988	-0.0068224177360640785	-0.06390867357976755	-0.05500810240753168	17117099
2021-03-05	-0.017862952436257306	-0.02607742015840345	0.004245513255878201	-0.04433649529390315	-0.01401346406349703	11787815
2021-03-08	-0.0787037367484036	0.01188711735238014	0.01587092490101159	-0.07974048946453868	-0.0750926475943429	18806075
2021-03-09	-0.05312276631506184	-0.024547670467051072	-0.0011253195714438196	-0.0703114471186645	-0.04941147108877487	18021390
2021-03-10	0.021228293664810938	0.03740890419555415	0.05377305922904606	0.020283627442182765	0.025230994733570433	13186558
2021-03-11	0.038233009333916955	0.011372424978261473	0.04602892465617999	0.00839122391048475	0.0423023860564457	12523449
2021-03-12	-0.005362875822867678	0.019353429862274566	0.04088906570443535	-0.025512478142226958	-0.0014643514518140788	10827556
2021-03-15	-0.01869156011839745	-0.019175657195613153	0.013301970049565168	-0.030362359382699922	-0.014845342982508532	11184685
2021-03-16	-0.010256380083193036	0.009067857052893029	0.02083537503472807	-0.012996344887172199	-0.006377095337235212	8185002
2021-03-17	0.017024349208822648	0.003919484468395863	0.025469199531003985	-0.010570878331832002	0.021010637793912625	8324596
2021-03-18	0.002547318020491296	0.0017275965102617275	0.01816736383911698	-0.005213623159211321	0.006476815540850184	10345281
2021-03-19	-0.029764082914207537	-0.01940199336516672	-0.006648024494033572	-0.03762194889535686	-0.02596117735603516	14912403
2021-03-22	-0.0011222641454727003	0.0020416786992417386	0.01781594800410243	-0.011479123562067348	0.00279287193820966	10510185
2021-03-23	-0.028464464144996388	0.008807494789206545	0.010311531635984899	-0.03969644332002118	-0.024656450852049462	15762434
2021-03-24	-0.01542015000431127	0.010498854355191895	0.013207927759900241	-0.02781573114833382	-0.011561058510474394	10550316
2021-03-25	0.009005440858430566	0.0035264539271902544	0.02121489431310264	-0.009838175174674824	0.012960270456068287	7079478
2021-03-26	0.04307329025530325	0.005088200778296633	0.05651139793437993	0.005088200778296633	0.04716166197651459	13659144
2021-03-29	-0.014136853435920376	0.01885889824382416	0.02259364341874512	-0.021103749075678767	-0.010272734100657047	11638410
2021-03-30	0.04754718213426323	0.0020253792372318183	0.05506259949694925	-0.003278422344627101	0.051653061473440266	25923408
2021-03-31	-0.03061961760720055	0.0024729112606390684	0.0024729112606390684	-0.030798196662553484	-0.026820093246619665	17964575
2021-04-01	0.025269449430155348	0.0035464735470185837	0.03898770588418106	-0.012122281802042605	0.029288000191904983	17524454
2021-04-02	-0.0061616787804709946	-0.004085613993568164	0.01010531039215347	-0.009179841427293304	-0.0022662964354161264	11627027
2021-04-06	0.018234905894076683	0.004285659994348451	0.03357579954941515	-0.0023046214055415393	0.02222587047182686	12285456
2021-04-07	-0.024713499103501943	0.01039175333352881	0.010751359309510577	-0.02844180871630083	-0.02089083831772283	12364621
2021-04-08	-0.01138451378735819	0.0017074374251761172	0.0065002591093069025	-0.012671101363501996	-0.007509598252273055	8463596
2021-04-09	0.011144103550198115	0.0069029537237098775	0.025549304718593395	-0.0035390401261268297	0.015107310868756687	9712725
2021-04-12	-0.06392356402804981	-0.004194406921424218	0.003181967686772395	-0.06468033939710091	-0.060254573642884765	14012003
2021-04-13	-0.01883826651305813	0.003919541443595316	0.016133672596148525	-0.015780606543916366	-0.014992600624415915	8895023
2021-04-14	0.030400007710101776	0.0039195025217454585	0.03805276560748486	0.002313191160930558	0.034438655398406584	7444687
2021-04-15	-0.009316809400427752	0.0023605748343261215	0.0023605748343261215	-0.021802044846829672	-0.005433792210800599	8692237
2021-04-16	-0.018025076273494686	0.003919534747810861	0.007066617928838554	-0.033058692629263725	-0.014176232881637654	13378281
2021-04-19	0.032322483310739135	-0.0064962727584472295	0.03997406474439708	-0.014508359853474193	0.03636868764562032	16454687
2021-04-20	0.010050215765074852	0.003919515849257381	0.033412240809198704	-0.003453723600206634	0.014009081221975314	13342106
2021-04-21	-0.01645613492217201	0.0004617338193282666	0.02005595285658519	-0.0183642351387735	-0.012601130099093681	9825077
2021-04-22	0.03424115387768971	0.003919504721605152	0.05626394378707253	0.003919504721605152	0.038294918179196294	15401618
2021-04-23	0.010534281227780821	0.0042972515908140385	0.03866771037034172	-0.0017459059967952282	0.01449511778963961	13835549
2021-04-26	-0.02829486962370921	-0.006172011927580433	0.004293307007668314	-0.024860014711943344	-0.024486254656256028	14580382
2021-04-27	-0.02988503005988899	0.0035348737023089757	0.003919517195487383	-0.036083444559410094	-0.026082675272423778	11120173
2021-04-28	0.024881502212468844	0.003919488828937405	0.0304844989993713	-0.00837178453350214	0.028898567892196466	9340628
2021-04-29	0.09248551357697643	0.044540523259093294	0.10257055232904293	0.007014476480545196	0.09676754942204802	36668764
2021-04-30	0.0031746166647455103	0.002503035218807537	0.013126593191088352	-0.03078382035824887	0.007106617139969488	27886277
2021-05-06	-0.09915611456882073	-0.029262065495935508	-0.029262065495935508	-0.09633123187985264	-0.09562520535519763	35408886
2021-05-07	-0.016393433629673753	-0.01645667820821447	0.015675015969843872	-0.02468556590222238	-0.012538139733214498	20233373
2021-05-10	0.007936501613003823	-0.004048106229344512	0.021846643008692473	-0.06261003774498336	0.01188712407098592	21898366
2021-05-11	-0.029921346858421693	-0.020585567281520025	-0.013471256064968334	-0.043114548837186545	-0.026119060981114783	12893562
2021-05-12	0.061688374390956154	-0.005858832443128823	0.0821470662364481	-0.007081096413847621	0.06584971079048163	24085939
2021-05-13	0.019877722138786094	0.0031519850148889763	0.039609346352819014	-0.01603607970184818	0.02387513328509454	19191489
2021-05-14	-0.012743606635742295	0.0065534721090241945	0.01106888979898881	-0.024677906651741726	-0.008874076435450575	13764216
2021-05-17	0.059605108235021145	0.012685669838401756	0.06756965043935395	0.012685669838401756	0.06375826289762111	22835468
2021-05-18	0.03582946000603652	-0.0014759523504036258	0.053198311012400086	-0.0061520735578422135	0.03988941705871144	22567512
2021-05-19	-0.0020753805006048444	0.0004469195522928516	0.010170145780851906	-0.024208281318599513	0.0018359816355303913	15662481
2021-05-20	-0.014904707335022025	-0.004431965297860966	-0.004431965297860966	-0.025310741792462173	-0.011043601633051583	11590349
2021-05-21	0.030612268687863008	0.01416356653821059	0.05125422471025335	-0.006677760413086501	0.034651790759998115	20695840
2021-05-24	-0.024581803604280045	-0.006020295146164045	-0.00499200600391168	-0.04338022198377373	-0.02075861490778988	14616354
2021-05-25	-0.00035005412802442904	0.004270927417847143	0.010244547350003746	-0.012595764155300636	0.003568113463358641	15756687
2021-05-26	-0.006302512885216413	0.004622599705980855	0.028173934268717348	-0.009437898540428905	-0.002407684568469552	12291205
2021-05-27	0.014799146930137543	0.009225730748560005	0.018776691817599254	-0.018366174320409538	0.018776691817599254	21095778
2021-05-28	-0.017361080973189988	-0.008280802718753689	0.009496870019290874	-0.03372744496856251	-0.013509620216179512	16602733
2021-05-31	0.0731449748505739	0.0025005755687134345	0.08657436755729359	-0.008496387485983197	0.0773511494169285	27211065
2021-06-01	0.035561359064303445	0.009869549642130963	0.07168477418473193	-0.0033529322959962326	0.0396202744921389	33915391
2021-06-02	-0.018441985247778077	0.0032810770622972206	0.014772715338577987	-0.023213459812080922	-0.01459472312458826	16152298
2021-06-03	-0.03854875320318457	0.0016430198146134597	0.007822019216782113	-0.03835762800128271	-0.03478033138579883	14841169
2021-06-04	-0.03301883840761992	-0.014007619979121316	-0.003860151711586313	-0.034640702854605174	-0.029228737818469984	17670569
2021-06-07	-0.004529670717907284	0.002520292640780498	0.024557584576718545	-0.01636874977044527	-0.0006278869243859397	13094585
2021-06-08	-0.01820095229340632	-0.0006484891520468643	0.003919538010073298	-0.023137481527458904	-0.014352746333111045	10985791
2021-06-09	0.014616782779540167	0.003203809812177552	0.02002524294048586	-0.006101719422551159	0.01859359277406963	8512777
2021-06-10	0.10014051699035084	0.00815252522277328	0.10445257370792545	0.00815252522277328	0.10445257370792545	36356768
2021-06-11	0.04247849564814803	0.025723010474911587	0.06868865240934123	-0.012112381150077577	0.046564490033701424	41802346
2021-06-15	0.004595576983988288	0.004534677453634295	0.02852537077510279	-0.036065009448961974	0.00853316222410735	23758407
2021-06-16	-0.08813660408830086	-0.020267601657952144	-0.004959282933857647	-0.09221669966119633	-0.08456254029914907	27462356
2021-06-17	-0.00033448315134291623	0.010298938356789933	0.033466345394514166	-0.006824772462816727	0.003583724067315136	14716843
2021-06-18	0.1000334796590583	0.0002250002367892405	0.10434512772550383	0.0002250002367892405	0.10434512772550383	25773501
2021-06-21	0.06234792168658229	0.01674328931852515	0.09826601296686653	0.01674328931852515	0.06651183670894655	40345387
2021-06-22	0.09991405034686664	0.03927084343755495	0.10422521367060779	0.018864835152991435	0.10422521367060779	49461012
2021-06-23	-0.009929397172411418	-0.014632820587887507	0.005487405708445715	-0.04285330882048401	-0.009929397172411418	35237679
2021-06-24	0.016099261443633103	0.029295355748095872	0.04354716398910418	0.002903167139170336	0.016099261443633103	30849512
2021-06-25	-0.013506493506493588	-0.005194831168831177	0.018181844155844163	-0.03142854545454554	-0.013506493506493588	22202146
2021-06-28	0.027119483938915383	-0.016587730384412785	0.034491864139020535	-0.03791466561348079	0.027119483938915383	33413741
2021-06-29	0.02486547166703248	0.025378160747406266	0.03870807683712262	0.002563522305230414	0.02486547166703248	25580454
2021-06-30	-0.011255652826413215	-0.024512256128063955	0.013006503251625893	-0.046773361680840425	-0.011255652826413215	17225851
2021-07-01	0.02352643621367172	0.0002530230268915531	0.08778145934180276	-0.02858580897004313	0.02352643621367172	23991500
2021-07-02	-0.0474542275693088	0.008403361552233262	0.023974320908905517	-0.06574394626159046	-0.0474542275693088	21449607
2021-07-05	0.03295277548124618	0.0064867668270169486	0.05033728463058422	0.0	0.03295277548124618	17930483
2021-07-06	-0.01004775156875789	-0.00025124339986829105	0.004270258621696521	-0.04546598730303975	-0.01004775156875789	17452476
2021-07-07	0.09997457498096937	-0.025881781273788217	0.09997457498096937	-0.03425523978685605	0.09997457498096937	22228222
2021-07-08	0.0011534948629063667	0.02514419954529181	0.05651675001230681	-0.0034601385679417806	0.0011534948629063667	25195861
2021-07-09	-0.0327189385843808	-0.0327189385843808	-0.009216635519970727	-0.04331801643695771	-0.0327189385843808	25803329
2021-07-12	-0.019294949976179067	0.01953308718437358	0.02334442591710354	-0.03525488327775124	-0.019294949976179067	25792795
2021-07-13	0.01020165218370921	-0.006315229842857973	0.04639310402686929	-0.011416007355647658	0.01020165218370921	20559392
2021-07-14	-0.05025246453474401	-0.023803847078624766	-0.023803847078624766	-0.0911276989660977	-0.05025246453474401	28036150
2021-07-15	0.07012658227848109	-0.010126632911392422	0.09822787341772152	-0.01949367088607603	0.07012658227848109	27415308
2021-07-16	-0.03146441920984156	0.014904234681807368	0.018925952211970597	-0.035012987934705614	-0.03146441920984156	15662214
2021-07-19	-0.02418168109872206	-0.005862188711826787	0.03273082639791946	-0.04103568737263519	-0.02418168109872206	31926375
2021-07-20	-0.013767183635364607	-0.01727166414839382	0.009261551708096326	-0.03128911060602977	-0.013767183635364607	17593716
2021-07-21	0.09263951306398409	0.01624362861707459	0.09999994416243946	0.01624362861707459	0.09263951306398409	38887734
2021-07-22	0.02183514568722748	0.00023233450017037322	0.032752614001222244	-0.013704994511149612	0.02183514568722748	24704065
2021-07-23	0.03887244651636987	0.0	0.058194973485111524	-0.032734779143679	0.03887244651636987	29227848
2021-07-26	-0.01838074358029015	-0.004376389400954287	0.028446366992420848	-0.0632385106512361	-0.01838074358029015	28582147
2021-07-27	-0.10008920864714196	-0.0020062638875106976	0.017610365189247405	-0.10008920864714196	-0.10008920864714196	32105830
2021-07-28	-0.04632150226211301	-0.06192717517778487	0.00024775824245128333	-0.10007424077469013	-0.04632150226211301	22722734
2021-07-29	0.09818179220779212	0.029090883116883116	0.09999994805194803	0.016103870129870128	0.09818179220779212	24571938
2021-07-30	0.013481528228039998	-0.009697256615356037	0.046357687946019126	-0.022942242737517493	0.013481528228039998	18376428
2021-08-02	0.10011671412446749	0.08238047058952024	0.10011671412446749	0.040840141929528215	0.10011671412446749	20959591
2021-08-03	-0.03139582162485847	0.03988122698093396	0.04624524917787964	-0.04476028945185184	-0.03139582162485847	42970500
2021-08-04	0.10008760402978538	0.00832240473061761	0.10008760402978538	0.00043802014892691915	0.10008760402978538	28748884
2021-08-05	0.04837746366713119	-0.021501055146326824	0.08102725462870801	-0.021501055146326824	0.04837746366713119	30261859
2021-08-06	0.011963558678313712	-0.006836327383213007	0.03646034941131796	-0.008735263957462899	0.011963558678313712	18766504
2021-08-09	0.013323306186464576	-0.00544194022439588	0.034715668329599145	-0.05610812429896553	0.013323306186464576	24391609
2021-08-10	-0.04259257407407407	0.0	0.015000018518518513	-0.07962961111111111	-0.04259257407407407	22753698
2021-08-11	-0.055319167208526684	0.0	0.005802688475770043	-0.09284330574771169	-0.055319167208526684	28873263
2021-08-12	-0.007166216216216348	0.003276003276003206	0.015151556101556038	-0.03767403767403774	-0.007166216216216348	22913483
2021-08-13	-0.021654010243183672	-0.002268529500163702	0.010105134662605292	-0.03072802512979886	-0.021654010243183672	13736313
2021-08-16	-0.03351604202183901	-0.01285828441944107	0.0012647765865256395	-0.054384444653972346	-0.03351604202183901	18147127
2021-08-17	-0.0645583234267534	0.0032715813858923315	0.013086216492310445	-0.08222456192909755	-0.0645583234267534	27289840
2021-08-18	0.033807438419385376	0.008859897618556718	0.07087901774024281	0.008859897618556718	0.033807438419385376	24138126
2021-08-19	0.026161479476770333	0.0	0.02796576454668464	-0.024582769508344683	0.026161479476770333	24641826
2021-08-20	-0.0692308131868132	-0.014725230769230761	-0.014725230769230761	-0.08439560439560446	-0.0692308131868132	35499381
2021-08-23	-0.005666989641888589	-0.014639859014869434	0.008264534038466801	-0.039197144708247665	-0.005666989641888589	23671053
2021-08-24	0.060080691995234255	-0.0021372832548732018	0.07100443906424991	-0.013061030323889026	0.060080691995234255	30083798
2021-08-25	0.09991037410193482	0.0002240815462383308	0.09991037410193482	0.0002240815462383308	0.09991037410193482	30826630
2021-08-26	0.04276992027576052	0.02240332066815972	0.0991854011888148	0.016904318407507887	0.04276992027576052	41628994
2021-08-27	0.05468747940063516	-0.013085976306914599	0.09999997851562542	-0.013085976306914599	0.05468747940063516	31818523
2021-08-30	0.08333333333333333	-0.016296314814814816	0.09962964814814815	-0.016296314814814816	0.08333333333333333	26365271
2021-08-31	0.002564136752136763	0.00034188034188039533	0.009401692307692302	-0.0547008717948718	0.002564136752136763	20586140
2021-09-01	-0.07416884657565742	0.006649599091232699	0.013128661103881957	-0.09803921234307886	-0.07416884657565742	23007147
2021-09-02	0.10000002025782721	0.01988953996113334	0.10000002025782721	0.0	0.10000002025782721	28017360
2021-09-03	-0.08371002846140968	-0.01222166415536576	0.007533902561526919	-0.09593169261677545	-0.08371002846140968	23379872
2021-09-06	-0.07674038004750595	0.00036543029417144396	0.004933308971313779	-0.0999452219989036	-0.07674038004750595	26908934
2021-09-07	0.021175519912438608	-0.00039582427064749196	0.02869584462093499	-0.04413219956723128	0.021175519912438608	23940705
2021-09-08	-0.05038756009254108	0.0009690698050027302	0.009302403461333486	-0.07926356896370415	-0.05038756009254108	30515632
2021-09-09	0.004897999999999937	-0.006734734693877558	0.004897999999999937	-0.05673467346938769	0.004897999999999937	28521384
2021-09-10	0.0700649240428545	-0.0048741265282644984	0.08245322573301282	-0.042851358941861886	0.0700649240428545	37719985
2021-09-13	-0.06414875809733837	-0.014993300721072316	-0.014993300721072316	-0.08217874515427498	-0.06414875809733837	29273899
2021-09-14	0.010951064470674005	-0.012573554804835626	0.038734535819620115	-0.03772054273533678	0.010951064470674005	22937452
2021-09-15	0.01865598871237662	-0.0060180343437526256	0.03470419397007801	-0.023269790301696684	0.01865598871237662	18099842
2021-09-16	-0.0823158937045272	-0.00118152818396064	-0.00118152818396064	-0.08389127774500338	-0.0823158937045272	24383440
2021-09-17	0.012875601410970038	-0.01008577296505462	0.04163096745197279	-0.046351911860597055	0.012875601410970038	21194565
2021-09-22	0.016525402192258357	-0.025423749461361247	0.02436434270414526	-0.04555088886544728	0.016525402192258357	16455508
2021-09-23	0.021258857857440666	0.004585264693622415	0.052521884118382725	0.004585264693622415	0.021258857857440666	16790321
2021-09-24	0.011020428571428502	-0.016326510204081626	0.04591836734693878	-0.036734673469387746	0.011020428571428502	17621624
2021-09-27	-0.06560355136044507	0.010092854055453088	0.01090030256559752	-0.09164313500922208	-0.06560355136044507	22373940
2021-09-28	-0.010153402243391535	-0.01685035608445966	0.015770122796065753	-0.0254914662887996	-0.010153402243391535	12128319
2021-09-29	-0.022915757311217748	-0.008075054561326931	0.007420340462679972	-0.03360979921431698	-0.022915757311217748	11346739
2021-09-30	0.03082425731516635	0.00513736877373234	0.05204373464373455	-0.016082220236765768	0.03082425731516635	15500268
2021-10-08	-0.06825572835294787	0.010184116568402301	0.010184116568402301	-0.08429044055079342	-0.06825572835294787	20542901
2021-10-11	0.008372116279069695	0.0	0.028139511627907055	-0.04465111627906976	0.008372116279069695	15275186
2021-10-12	-0.006918819028624957	-0.00023069648914439699	0.022601452430778463	-0.026522185735189295	-0.006918819028624957	11214544
2021-10-13	0.06363209327375538	0.005341383991142891	0.08406871611545016	-0.007431467546877271	0.06363209327375538	15689005
2021-10-14	0.03209609240384489	-0.006550196649567606	0.0711790845235608	-0.006550196649567606	0.03209609240384489	15051926
2021-10-15	-0.0052887666596149775	0.00909669980960434	0.010154431986460691	-0.02686693463084415	-0.0052887666596149775	9139272
2021-10-18	0.05338151850276464	0.005316886431305827	0.0774138664398127	-0.016376010208422012	0.05338151850276464	18232281
2021-10-19	-0.008681627471868054	-0.000605673341523721	0.0	-0.029678942654531387	-0.008681627471868054	12621052
2021-10-20	0.016293361152479095	-0.0020366192275608516	0.03462323969952097	-0.007942953480364622	0.016293361152479095	17339255
2021-10-21	0.002605150196186283	0.0	0.03947889621327068	-0.016032143646006292	0.002605150196186283	18985999
2021-10-22	-0.029582251240900425	-0.004197461606984967	0.002198680835472464	-0.04037579533031759	-0.029582251240900425	11499325
2021-10-25	0.04243052610567504	0.0	0.06282181385832777	-0.00494331627071712	0.04243052610567504	14551570
2021-10-26	-0.008891542997598445	0.0057301125127423675	0.027069728767640217	-0.01798063588261926	-0.008891542997598445	13564468
2021-10-27	0.03488835725677831	0.006977631578947498	0.040271132376395596	-0.009170633971291793	0.03488835725677831	21248885
2021-10-28	0.027932980157965717	0.047197091119244854	0.07012134463494517	0.004816027740319784	0.027932980157965717	22479791
2021-10-29	0.03092198217912339	-0.004872619848713975	0.04347824131412597	-0.05003751780289503	0.03092198217912339	22686251
2021-11-01	-0.010725323058546619	-0.01836026243811176	0.03490278258144995	-0.03635702731710697	-0.010725323058546619	21890053
2021-11-02	-0.03417855693416232	-0.0005512495608690864	0.003307607618802186	-0.046857756224099816	-0.03417855693416232	11451283
2021-11-03	-0.041286186429105975	-0.011605783645247636	-0.0003805174965655561	-0.060121745431473625	-0.041286186429105975	13383391
2021-11-04	0.0011907521569904619	0.008136535188262189	0.036713693921684616	-0.005755130100320179	0.0011907521569904619	12049872
2021-11-05	-0.05550047461842468	-0.008919742142324246	0.002775004900396396	-0.05569875013481164	-0.05550047461842468	15821862
2021-11-08	0.008604385787853674	-0.0031479956705983063	0.02434415427726528	-0.01133265429873442	0.008604385787853674	9592525
2021-11-09	-0.0012484602320336979	0.010195547020483831	0.029338326480684088	-0.008530981928194282	-0.0012484602320336979	11619405
2021-11-10	-0.030625020833333405	-0.0079166875	-0.0004166666666667318	-0.05124997916666674	-0.030625020833333405	14504234
2021-11-11	0.007736944073435431	-0.002793831996428711	0.029443434976218336	-0.009241371357003408	0.007736944073435431	10348856
2021-11-12	0.019833674980457926	0.00042655151261558984	0.03177654151794707	0.00042655151261558984	0.019833674980457926	10923978
2021-11-15	-0.03764115432873269	0.001045566708490165	0.001045566708490165	-0.04475115014638228	-0.03764115432873269	12741060
2021-11-16	-0.01760106475445458	-0.00673622338113863	0.009778378965667108	-0.01781831812255547	-0.01760106475445458	9048225
2021-11-17	0.05551873602120628	-0.0013270736856243403	0.05684583182583112	-0.013713758321472203	0.05551873602120628	16037688
2021-11-18	-0.0245180631911555	-0.012992518587751162	-0.004191135704293056	-0.03541496153782576	-0.0245180631911555	9902528
2021-11-19	0.019334092789131976	-0.009667046394565988	0.03136410378870262	-0.010311471757496695	0.019334092789131976	11103530
2021-11-22	0.007376143153295179	-0.001053719682745627	0.010748113577489768	-0.009483687892862221	0.007376143153295179	10756315
2021-11-23	-0.006066966654120571	-0.0041841214264460615	0.013598368485321529	-0.011506255470842159	-0.006066966654120571	9163434
2021-11-24	-0.025889266507651852	-0.008208777445118037	0.00021052410905174245	-0.03599240311481392	-0.025889266507651852	11156074
2021-11-25	-0.0051857823073850964	-0.004969749459156144	0.009075237879758896	-0.014261020187143838	-0.0051857823073850964	5700977
2021-11-26	-0.0008688314320409469	-0.0056473065671740555	0.009122458533395923	-0.007384882550284835	-0.0008688314320409469	5517581
2021-11-29	-0.0036956086956521665	-0.011086913043478327	0.01413047826086958	-0.01913045652173913	-0.0036956086956521665	9082988
2021-11-30	-0.006545995786777487	0.01440104672044301	0.019855988660004785	-0.026838401621714983	-0.006545995786777487	17225132
2021-12-01	-0.025917000349593624	-0.0006588842666128009	0.009664001969339094	-0.033604195774306886	-0.025917000349593624	11679649
2021-12-02	-0.03066507466358854	0.00022554679709337397	0.0024802932347371023	-0.04148816421592615	-0.03066507466358854	15263190
2021-12-03	0.030704790383587397	0.00023256570213704713	0.0421027428656552	-0.007211025484483514	0.030704790383587397	13912596
2021-12-06	0.060708619708674805	0.015572082699795025	0.09952606410458	0.015572082699795025	0.060708619708674805	32097153
2021-12-07	0.010000021276595819	0.001063808510638291	0.02446812765957448	-0.015106361702127731	0.010000021276595819	18726950
2021-12-08	0.014746091958161033	0.009058373518888217	0.021697892949275405	-0.004002569959920727	0.014746091958161033	15283923
2021-12-09	-0.006020282583362358	-0.0006227735363409514	0.0020760225067894644	-0.020136953296115964	-0.006020282583362358	11745645
2021-12-10	0.04866328219166084	-0.008563074173703476	0.0797827886427989	-0.01503761455644087	0.04866328219166084	28855247
2021-12-13	0.02011555507101285	0.012746445185151188	0.043616870018260645	-0.003983290260571411	0.02011555507101285	18381286
2021-12-14	-0.02791878118081268	-0.008199960792659956	0.005466594973319047	-0.0433424630350945	-0.02791878118081268	13440490
2021-12-15	0.005221891841295666	-0.002008475557170533	0.030729041359127584	-0.015866659653210224	0.005221891841295666	12874807
2021-12-16	0.009390629558254406	-0.0003996004075844862	0.014385634653059703	-0.010389610597195079	0.009390629558254406	7689854
2021-12-17	-0.027513836104513124	-0.0001979809976247044	0.012668250197941279	-0.02771181710213783	-0.027513836104513124	9683701
2021-12-20	-0.08121314713590169	-0.03704457486170212	-0.034398574508475985	-0.08548750080424383	-0.08121314713590169	16668541
2021-12-21	-0.012405782286348803	0.005095259306496592	0.01617190997279368	-0.02658396159911308	-0.012405782286348803	11273965
2021-12-22	-0.0074024671421055645	0.0058321666293331045	0.008299663153895775	-0.01570213029600134	-0.0074024671421055645	8395687
2021-12-23	0.05310729943502823	-0.00045197740113001413	0.0729943502824858	-0.01333333333333341	0.05310729943502823	18188354
2021-12-24	0.010515064828972827	0.0006438412293494234	0.01931334846838407	-0.01931324117224209	0.010515064828972827	12440980
2021-12-27	0.0036100658313866986	-0.012316882565300495	0.01783818220428958	-0.016776406880441786	0.0036100658313866986	6832537
2021-12-28	0.01629286992352377	-0.004443483048814419	0.03152776265458151	-0.004443483048814419	0.01629286992352377	8781448
2021-12-29	0.04101605332117545	-0.0006245888116715671	0.044763711113131675	-0.010826587774861157	0.04101605332117545	15571457
2021-12-30	0.053599999999999995	0.0	0.05760002	-0.008000040000000012	0.053599999999999995	17841713
2021-12-31	0.0998481207289294	0.007023519362186787	0.10003798405466971	0.007023519362186787	0.0998481207289294	28836165
