2020-09-21	0.04908766306186165	-0.02146823760795954	0.07175612499337389	-0.039983503268601714	0.06444265060321713	13625379
2020-09-22	0.06670724859643208	0.0015762869375047712	0.12732485159705934	-0.004600809063617596	0.08232011978887696	14906814
2020-09-23	-0.030574831902487706	0.006529311992076876	0.02472911108329671	-0.02788474225792647	-0.01638580442060533	9574978
2020-09-24	0.028595443870708843	-0.0032838638437321954	0.09741179621367697	-0.01437747629125551	0.0436505420471604	12499073
2020-09-25	0.006786566119366306	0.014304699283716355	0.06673726590082711	0.0038513545364548493	0.02152243200429442	9397204
2020-09-28	-0.007146887977910631	0.021805679291553796	0.04627958162463114	-0.03167429502288834	0.007385034624132674	7835827
2020-09-29	-0.07018404784549469	0.0009420308812034577	0.012561606904063318	-0.05790270471472589	-0.056574788265068274	7380372
2020-09-30	0.0075657679863046865	0.014011677879975773	0.04793111889960168	0.012226481725929342	0.022313014949013922	4682179
2020-10-09	0.06618354506203837	0.03651857825335656	0.10996080090497115	0.010915692316317024	0.08178875749603372	7426276
2020-10-12	0.025141240210369696	0.0290113917314711	0.052360295786941076	0.003751479515518465	0.04014575401751111	7246188
2020-10-13	0.09074921149051321	0.014150232298513471	0.18582303764589284	-0.00246590396119117	0.10671405289997808	12624999
2020-10-14	0.19972181389178742	0.07007232641147382	0.2172815670091589	0.055581785951158605	0.2172815670091589	9364836
2020-10-15	0.007203473417798838	0.08394721496672687	0.12588051200166173	-0.026801251452365497	0.021945465240550494	16067945
2020-10-16	0.0004849457095046812	0.033147078848893265	0.045323430536586676	-0.03277755042734013	0.015128544866764094	9956342
2020-10-19	-0.019809837937718924	0.026561033588468213	0.029511513059668683	-0.025255639582640786	-0.005463245991371607	6938229
2020-10-20	0.025772570302505852	0.00027605889314087363	0.0553975862925943	-0.05308952650356319	0.0407863061795635	10800471
2020-10-21	-0.07350730032404965	-0.0059655210289299605	0.01463651525857239	-0.06263651276431609	-0.05994661643789024	8299995
2020-10-22	-0.004552212390688563	0.002957378191288279	0.03964449014410942	-0.006940227514546802	0.01001771645027729	5728449
2020-10-23	-0.04390148638448882	0.007543932163445794	0.031406854538787936	-0.04548469584515662	-0.0299074965961586	6927678
2020-10-26	0.03956262240201231	0.026075874178860283	0.05838342605708306	0.014497869734759333	0.054778259942539986	5712075
2020-10-27	0.037005471454783036	0.013702909139947584	0.08706298809086484	-0.016308032249064023	0.05218363177513926	8149747
2020-10-28	-0.005514472541757443	0.02261104938315668	0.03528034598866795	-0.009415861475396093	0.009041397130733674	6549969
2020-10-29	0.037858588522634996	0.017287985340499135	0.09631195302339797	0.017287985340499135	0.05304922490492272	8834992
2020-10-30	-0.07320067427844716	0.0032340013254452604	0.014823438630038143	-0.06443336465160696	-0.05963556191919523	7888853
2020-11-02	0.01921549610562979	0.02243523254753913	0.03749480647549481	-0.004994657896994345	0.034133301941363034	4459265
2020-11-03	0.0011701696944934762	0.011734190115217506	0.02835668944304213	-0.005284170485081396	0.01582383751873971	3772250
2020-11-04	-0.002467589478161098	0.021620389313668727	0.039343599206232635	-0.0024937262519048	0.012132859038627257	3525668
2020-11-05	-0.009894470330270978	0.023421025292726563	0.02744998857724731	-0.0033286249360412515	0.004597270741153185	4106308
2020-11-06	-0.04983564389283984	0.007365260522536197	0.00903297341220707	-0.07261818962841485	-0.03592850605565565	7501420
2020-11-09	0.06739544838207956	0.018006484659182958	0.08470346124030184	0.0018587745299720702	0.08301844988615961	6558847
2020-11-10	-0.052314251173493455	-0.046270539936964	-0.020355395246569	-0.04955926221304344	-0.03844336776500589	5114876
2020-11-11	-0.031055430389205826	0.014705956045074813	0.01914789045334234	-0.018192102664147326	-0.01687349155315573	3419315
2020-11-12	0.008471609703618408	0.01728685634761059	0.03834604748467417	0.010410349811145227	0.023232146458588454	2322609
2020-11-13	0.006440281766509062	0.009309433710878393	0.03615805080465733	0.006326160908052341	0.021171113264067797	2486674
2020-11-16	-0.012172159197651505	0.01273105264888813	0.019717873595073907	-0.015498384358746382	0.0022861891855003704	2490273
2020-11-17	-0.04464175455723569	0.00034786413698920533	0.01092143073631088	-0.032658970627788685	-0.030658567873832924	4244598
2020-11-18	-0.026827739136799686	0.009551493811658764	0.02361047052368394	-0.015649865346769456	-0.012583909807177954	3344555
2020-11-19	0.022417427822737406	0.013253378682454003	0.03738211045615932	-0.007955283820867857	0.03738211045615932	3549281
2020-11-20	0.03562963952435424	0.008623884723697106	0.07476317987912243	0.0080978370000182	0.050787678527089195	4342616
2020-11-23	0.036478176402080606	0.023345226181074777	0.0674693324086239	0.023272689936139207	0.05164857866479914	4086908
2020-11-24	-0.027672415274354593	0.008824949590611643	0.02646961139640576	-0.019882631536928964	-0.013440953836414662	3206594
2020-11-25	0.0259757969797131	0.01009986054184537	0.07051718133942707	-0.009847245570024093	0.04099258327339502	4835026
2020-11-26	-0.0325815423101042	-0.0012258460987325	0.013373255755558758	-0.020878485369906757	-0.018421865980303688	2591879
2020-11-27	-0.020736522215341356	0.007744052675603585	0.01354821610395222	-0.01322340182614701	-0.006403520861982495	2050292
2020-11-30	0.09529029947758545	0.05205102459323365	0.13354793494904751	0.05205102459323365	0.11132150485200738	6839869
2020-12-01	0.003599903209090254	0.01355418389178406	0.04473735211140475	-0.002274118293235036	0.01828913388512024	4506734
2020-12-02	-0.00013277086582721696	0.011064364631893035	0.02690335804877265	-0.005111546904737227	0.014501815086721352	2922196
2020-12-03	0.023053367763385936	0.01787212228508062	0.0612159012333469	0.014636529257210755	0.038027372185696504	4280236
2020-12-04	-0.022988525211115548	0.0020516163185263776	0.011210287585713264	-0.020482671415808004	-0.008688448932507028	2849253
2020-12-07	-0.0033898100706898798	0.014299328133223595	0.01827836925533438	-0.008630271384293566	0.011197136676044033	2316762
2020-12-08	0.013538752775515533	0.01504256540396324	0.048877317584095345	0.01504256540396324	0.028373464529885702	2707689
2020-12-09	-0.05277359882729196	0.010830866217123708	0.01116471415507976	-0.03991091575264528	-0.03890947208714973	3528206
2020-12-10	0.0026398665588325473	0.0009623787349824653	0.034724916377770185	-0.01546072123327874	0.01731502859883053	2398439
2020-12-11	0.00581998398205786	0.015198935751540195	0.03692153504373695	-0.0061018860400595485	0.02054167571834722	2408700
2020-12-14	0.05559007376135627	0.0086257104421392	0.08152414690592097	0.008066552551451684	0.07104019855423982	4016471
2020-12-15	-0.0010441671100402633	0.014768839974371995	0.05608531421335574	-0.003174625560647943	0.013577065905649735	3438984
2020-12-16	0.02573817572824175	0.014835353719100459	0.05182041185771229	0.01344339678136583	0.04075142224259118	3691511
2020-12-17	0.01815052365795734	0.01534733669129212	0.05547524111493734	0.01534733669129212	0.033052685514139486	3989047
2020-12-18	0.006067440155611331	0.004481942846114863	0.022379402701935138	-0.012717476015368335	0.02079274395823833	3110096
2020-12-21	0.016475990090854344	0.01564586046308993	0.06169690287500385	0.014510399932889127	0.031353706865465035	3668287
2020-12-22	0.09187105282246569	0.011595541115239449	0.16662408449362298	0.006816813427871971	0.10785223918100424	6800089
2020-12-23	-0.008682943620954073	-0.010827424079157082	0.019695197407682295	-0.03941753553292585	0.005826506722903451	4700360
2020-12-24	-0.0382007602801552	0.008444125339532928	0.04559851306213773	-0.025270090777399133	-0.02412336690884155	3316937
2020-12-25	0.02350171850635691	0.011476964021721561	0.07228360114203711	-0.009447643255367372	0.03848226660645689	3556251
2020-12-28	0.006314609983949396	0.03094532071043113	0.08045399430386992	0.020461113534641626	0.0210436034653929	3713302
2020-12-29	-0.03730750302893318	0.01000615119792091	0.012900151631152776	-0.05545612702578219	-0.023217002715585213	3902741
2020-12-30	0.001837011679539689	0.0023114005771403888	0.03952749006794279	0.0023114005771403888	0.016500440263054774	2445613
2020-12-31	-0.01815823653187816	0.014996605915783993	0.020217689969815038	-0.023471626281729475	-0.003787432147121785	3387062
2021-01-04	0.010602457155182677	0.014269854957150878	0.029917250213603894	0.0023509496267961425	0.02539414092728749	2702380
2021-01-05	0.027956605248738456	0.013668864489388241	0.05056248459084263	-0.006894877389497562	0.04300230538290313	3888407
2021-01-06	0.06981733677109082	0.023756197850910928	0.08588759671179157	0.011988885231934941	0.08547578195572152	5492626
2021-01-07	-0.039405949751848385	0.01524153021444227	0.017441370449748587	-0.043055143468885115	-0.02534615844029291	4056236
2021-01-08	-0.00039504526669137716	0.007651694748774262	0.04177448539800465	-0.006260728914166956	0.014235748175199911	2641539
2021-01-11	-0.0018627502461015643	-0.004092470756013531	0.04745553652174033	-0.03777053081526127	0.012746556409832082	4087552
2021-01-12	0.06718692773555722	0.015095555957411145	0.11781019814952833	0.00637348624946005	0.08280686749981925	6408184
2021-01-13	-0.04122946938416424	0.014636554626288068	0.040338524915546244	-0.04676857313616279	-0.027196362733832347	5128499
2021-01-14	-0.06809636467694065	0.01508523210821149	0.01985224060436276	-0.05776538800511351	-0.05445648495052012	5071905
2021-01-15	0.04045077256418221	0.008016729972424187	0.06211867291293607	-0.0009501355066358629	0.05567935973569662	3434386
2021-01-18	0.02713484687351968	0.00954654295481318	0.04563899590522258	-0.01266415282973589	0.042168536369612576	3184700
2021-01-19	-0.02120101074425682	0.030516661748155163	0.030516661748155163	-0.007775777549317208	-0.0068747568501567324	2831092
2021-01-20	0.04717623901601705	0.01457906048233223	0.0793027012086401	0.012737992206962997	0.0625032458905824	3686967
2021-01-21	0.020305411205388292	0.016339725018001804	0.07243367702214386	0.015735382260391926	0.035239105327685157	3740225
2021-01-22	0.05742180991890855	0.015013459859257266	0.08770673152026508	0.0015517428849965592	0.0728988428485783	4351790
2021-01-25	0.01079047791913515	0.01463657434005135	0.10655222408031562	-0.01668091044976979	0.02558494345930684	4662231
2021-01-26	-0.011916543674310382	0.024762794698015067	0.0504057740175658	-0.006220442538723435	0.0025455588944632837	3001952
2021-01-27	-0.020603051101750213	0.017185857278300604	0.033501605106536124	-0.030792704053690494	-0.006268082804884027	2598535
2021-01-28	-0.039353514400649596	0.006307077666279357	0.01250214966033939	-0.0312797717610205	-0.02529297877854058	2697047
2021-01-29	0.016717436519195723	0.0222776210036735	0.04888590787203028	-0.0034635724097522988	0.03159865345703766	2308042
2021-02-01	0.04995791278521071	0.014316736722123817	0.07502649202858191	-0.0025796478080206803	0.0653256852395698	3121147
2021-02-02	-0.009806327821400122	0.009204764628222365	0.05078116762613712	0.00011782008565797136	0.004686700152567551	2772619
2021-02-03	0.03243900828847468	0.014739037620191213	0.04872946419044359	-0.00028232539806490823	0.0475503305171731	2811511
2021-02-04	0.024372315996414765	0.0025698960816160276	0.051581164997376965	-0.001650883580914807	0.03936557295639778	3168761
2021-02-05	-0.08002485561401121	0.014685049735586918	0.054725624726541806	-0.08764631221548665	-0.06655959959090522	4212241
2021-02-08	-0.0035313156433254976	0.022224197351404476	0.032604520500922315	-0.030362366569576076	0.01105352628303345	2678051
2021-02-09	0.07358761216187049	0.024789228012273592	0.09194516155159446	0.011146512754678217	0.08930122653573104	3090642
2021-02-10	-0.004514541578884649	0.024438156587439565	0.04261289774651484	-0.022008589676577497	0.010055939671011283	3304174
2021-02-18	-0.04852004523872736	0.015131289770503525	0.03828683202077098	-0.0360284976156709	-0.034593682725657604	3247560
2021-02-19	-0.0774907659467527	0.0047564364485342325	0.011724507060291125	-0.08983274424664496	-0.06398841929031888	4022460
2021-02-22	-0.02544444082244243	0.013903722389759671	0.01407282284349557	-0.01833917785590467	-0.011180330806123611	2804289
2021-02-23	0.014365580659683288	0.017991283866082827	0.05200147613363395	0.0015646294671365008	0.02921233572223488	2013389
2021-02-24	-0.07468815323923525	0.011044130505858427	0.017715607714964176	-0.07254907441534642	-0.06114482037541508	3961108
2021-02-25	-0.010081956196085191	0.014698191969443481	0.027022960186617137	-0.0040970980488985185	0.004407016670487649	1509168
2021-02-26	0.013743079980131091	-0.016426970645680078	0.03885235478806371	-0.022714336732912482	0.028580808265330146	1689431
2021-03-01	-0.007141474552342438	0.01469803943752389	0.03373431815207602	-0.008022819971160455	0.007390531208347035	2303620
2021-03-02	-0.04206041609052828	0.017419728691329774	0.023357297454136873	-0.04133703375588988	-0.028039487785263866	2489694
2021-03-03	0.017117432501858078	0.007147096240188136	0.03678234210290342	0.00172357798682427	0.03200450461196731	1523700
2021-03-04	-0.06831827120048152	0.007780873492766533	0.019460943732226437	-0.05836347032642887	-0.054681718370040044	2903136
2021-03-05	0.01128120179292791	-0.006620966508178812	0.03555336872878571	-0.006620966508178812	0.026082889752358066	1527666
2021-03-08	-0.05717129198991755	0.014569129544803668	0.024068741530547246	-0.04613385214452388	-0.043371541248249296	2111316
2021-03-09	-0.01260661025643093	0.015136698812853153	0.033287166026559845	-0.03652762876140271	0.0018454465144502148	1811161
2021-03-10	0.0052068298706496015	0.03490037972955539	0.039097892247344966	0.0026230165274822082	0.01991960329359146	1305795
2021-03-11	0.011495207190121324	0.015500584756974415	0.039331175562026886	-0.010057940912741573	0.026299952674289962	1550190
2021-03-12	-0.025815562022339717	0.01791060790013675	0.01791060790013675	-0.017749326610221418	-0.011556912301556714	1430197
2021-03-15	-0.03434864327342631	0.006818734528975574	0.006818734528975574	-0.03088219859396831	-0.020214837431839276	1739003
2021-03-16	-0.03467569062130392	0.0214461471119427	0.028104500568900157	-0.024708131599610935	-0.02054666163479602	2238914
2021-03-17	-0.003167225919930508	-0.015461548816215837	0.022082693297126425	-0.015461548816215837	0.011422926817637418	3221834
2021-03-18	0.046187225151651606	0.012277715746436815	0.08807666557400336	0.01039056564754005	0.0614998160499448	4308040
2021-03-19	0.0034074427139762047	-0.0003950844480889306	0.05371884332002392	-0.0034013699262187315	0.01809390118719002	3251791
2021-03-22	0.0005167185974412243	0.011265858620698427	0.025272801353192417	0.00010537359177803789	0.015160846481013492	1883647
2021-03-23	-0.005386250612118856	0.015984183138689646	0.024144367639191904	-0.00804732648877995	0.009171497095626317	1824645
2021-03-24	-0.005563798724919496	0.00500206039717458	0.03435722732434612	0.002518142781839608	0.008991350923322601	1626561
2021-03-25	0.029615844746209593	0.014258107434336253	0.05747766633923776	0.014258107434336253	0.04468588093372776	2943823
2021-03-26	0.0030430274331120907	0.030662504211325964	0.047570684684921594	-0.006755956102803838	0.01772412409068005	3583326
2021-03-29	-0.027737652133825532	0.0076006054017581145	0.008333556442459453	-0.023034858665138623	-0.013507044816321624	3118643
2021-03-30	0.01441298752871473	0.013731937245709468	0.046070710669227355	0.002726281664612948	0.02926052745722583	2145177
2021-03-31	-0.019994100780437285	0.01805492165536051	0.01805492165536051	-0.021626897391500456	-0.005650167659898146	1917491
2021-04-01	0.012032000672127643	0.014560789592153463	0.030332750908725826	0.0010636509492399258	0.02684467127738279	2053588
2021-04-02	0.037512999422394465	0.015011211764161845	0.07262868578706401	0.008717527911328377	0.05269856204448351	2953853
2021-04-06	-0.01067616416503765	0.01846395067997103	0.025396741649050376	-0.011505696306541163	0.003804085289087819	1679746
2021-04-07	-0.009424491382243267	0.01814026281114905	0.020403099318906607	-0.0021524601143286313	0.005074124197333867	1451333
2021-04-08	0.010894045490233496	0.012573254599286396	0.030774672826692294	0.009699347621642264	0.025690046066960227	1492850
2021-04-09	-0.03132408012125246	0.010189906004447592	0.012887013876275333	-0.019405771140933403	-0.01714601615491764	1535196
2021-04-12	-0.05925986016859319	0.008390524063941644	0.008766811760768309	-0.04631840194182916	-0.04549067135292342	2195213
2021-04-13	0.04241564075567963	0.015996484833002953	0.08415085745310365	0.015996484833002953	0.05767305035249217	2150493
2021-04-14	0.030101386612696845	0.009955540162833662	0.04648302496576915	0.009955540162833662	0.04517848564039832	1581221
2021-04-15	0.020925195064247625	0.020596227846543365	0.042200044906233886	0.017988820523012965	0.0358679455755514	1780689
2021-04-16	0.002516998918574704	0.012082514220835843	0.021276703956423143	-0.004846277322917472	0.01719033497808531	1549565
2021-04-19	0.038809156176211786	0.008959196973844348	0.05867203481696907	-0.0028320951431524233	0.05401373947433792	2587844
2021-04-20	0.0017955024351206034	0.0019544838843468084	0.09584388299150301	-0.006453504750602568	0.01645834958589918	4156637
2021-04-21	-0.014269019329010967	0.023239302795667476	0.023798846124605526	-0.009353309276835602	0.00015869650925738794	2808684
2021-04-22	0.0033565951419315455	0.016623259142634714	0.05493816379049603	0.009740752268862255	0.018042309975813083	2765492
2021-04-23	0.0025090970608893717	0.01293945962170921	0.030972016006790712	-0.002901013535562205	0.017182370387580144	2147229
2021-04-26	0.020926166954625538	0.017740296982235764	0.06500157355432726	0.017740296982235764	0.035868933699418085	3434994
2021-04-27	-0.03098406731288149	0.01567284069543224	0.016363816056701595	-0.04167469416708894	-0.016801032122595008	2799711
2021-04-28	-0.037315514500321514	0.012497434085508014	0.012497434085508014	-0.03306494331807615	-0.023225151000979508	3026897
2021-04-29	-0.008759907408031401	0.014710562699965587	0.02656124144874901	0.001897093980048146	0.005748468657331373	1661957
2021-04-30	0.005597007411450319	0.013067517212975523	0.022631799480541025	0.0023823524926304997	0.020315463003418126	1860946
2021-05-06	-0.0030025438731838415	0.01471080277290386	0.016865710907060134	-0.017834880112206786	0.011589994859199617	1812534
2021-05-07	-0.057147108697394845	0.014636485422012265	0.015828977690309394	-0.0503527259229681	-0.04334698663097535	2293119
2021-05-10	-0.014490489695249695	0.018114606091547178	0.0335285842071742	-0.004808789149212995	-6.60351647607168e-05	1417375
2021-05-11	-0.035415026371005354	0.010706348575248997	0.016802148584723245	-0.03749892941808001	-0.02129685212581109	2721844
2021-05-12	0.010572052204539082	0.013888172500121488	0.03301345617448207	-0.007399047051554091	0.025363311106484227	2041359
2021-05-13	-0.019463075507751868	0.003857412619725199	0.013320019441262165	-0.009554755995011828	-0.00511144446491291	1913675
2021-05-14	0.02936058861771225	0.019587552415296704	0.05567174611199166	0.008342752070553598	0.0444268786339117	1994987
2021-05-17	0.019444026774404953	0.014881113389084006	0.04838717461560961	0.014881113389084006	0.034365127246316136	1960101
2021-05-18	-0.010245869750385526	0.00767931433601291	0.013996810196419041	-0.01583135269426389	0.004240681701402743	1492185
2021-05-19	-0.0063705000521820905	0.01318218680634342	0.029826143999218922	0.0034866232442427535	0.00817280893275702	1287291
2021-05-20	0.004390966153552353	0.007155675952371938	0.015612343978284085	-0.007968743144210217	0.004390966153552353	1597915
2021-05-21	-0.028578360473891555	8.097474289932234e-05	0.0038050600017420365	-0.03189762868922358	-0.028578360473891555	1787282
2021-05-24	-0.0035002750812614127	8.335694780159981e-05	0.007417276563334913	-0.03325275495045845	-0.0035002750812614127	2133203
2021-05-25	0.05076523375428628	0.0	0.05076523375428628	0.0	0.05076523375428628	3500867
2021-05-26	0.0745781285783041	0.014645049463905147	0.0956702092937774	0.001989812177569342	0.0745781285783041	5982781
2021-05-27	0.00881417705407657	0.0013332864726051516	0.019035679543577523	-0.009999193022709296	0.00881417705407657	2948417
2021-05-28	0.014317158905664266	0.005947122010582771	0.041116050832218504	-0.0013950220571590224	0.014317158905664266	3701208
2021-05-31	0.0008686934868778042	0.0	0.03423822805232998	-0.015562751309276151	0.0008686934868778042	3262284
2021-06-01	0.007738424597138316	0.020467215723809537	0.04831122301840677	-0.0015188109779760534	0.007738424597138316	3204017
2021-06-02	-0.0286349225960937	-0.013133350455959607	-0.0004305798889215545	-0.029496197200981785	-0.0286349225960937	2759385
2021-06-03	-0.005762829445312353	0.004802319698456403	0.011304018708355311	-0.012781757837528421	-0.005762829445312353	1230925
2021-06-04	-0.01010626387200837	0.006167696788482655	0.013747424416794364	-0.011815493180438076	-0.01010626387200837	1287466
2021-06-07	0.004879468251961137	0.0006755948898044387	0.01629005244328244	-0.014863830763104687	0.004879468251961137	1341352
2021-06-08	-0.03765123234983397	-0.006349962600104922	0.008292245567815177	-0.05378751640678689	-0.03765123234983397	2108060
2021-06-09	-0.016224218960025422	-0.006520757291994306	0.0031826500366514956	-0.020493765382267035	-0.016224218960025422	1181850
2021-06-10	0.0037875482414373484	0.0100212812273034	0.013493245163104718	-0.004971237947496909	0.0037875482414373484	1304367
2021-06-11	0.04229224936948563	-0.002043880214164612	0.04457201512909386	-0.03183708066847792	0.04229224936948563	3003517
2021-06-15	-0.03378833347276066	0.008296297105250528	0.014405340203796267	-0.03454258343894972	-0.03378833347276066	1951614
2021-06-16	-0.0377800637125903	0.002810085061196629	0.003824877028921391	-0.039263125132596145	-0.0377800637125903	1896240
2021-06-17	0.0025148455223860324	0.00016227793045212884	0.010708193657212433	-0.008436716356860195	0.0025148455223860324	1308529
2021-06-18	0.005340637557199641	-8.093542513456236e-05	0.009872155528853371	-0.007930118013754312	0.005340637557199641	1103062
2021-06-21	0.020202849649112196	0.00032196555573031903	0.029459144067275345	-0.014005135447603597	0.020202849649112196	1186461
2021-06-22	-0.026035526627218964	-0.005049301775147954	-0.0027613254437869775	-0.032031542406311585	-0.026035526627218964	1643189
2021-06-23	-0.01579584485530604	8.10206581049983e-05	0.0042122641768877495	-0.016605873226550143	-0.01579584485530604	1760219
2021-06-24	-0.022304518518518487	-0.003950641975308612	0.002798320987654315	-0.025843613168724307	-0.022304518518518487	1812330
2021-06-25	0.013469130284795598	-0.0027780284301875497	0.01801497585642754	-0.0027780284301875497	0.013469130284795598	1474816
2021-06-28	0.04310991812534187	-0.0032394634374903774	0.044106637130215384	-0.006728108702783607	0.04310991812534187	2422989
2021-06-29	-0.0027870599970208384	0.007246344843982458	0.01512980546058602	-0.012342753426616362	-0.0027870599970208384	1660487
2021-06-30	-0.012856344018453784	-0.005749428912814099	0.004391886822840747	-0.021959593820340323	-0.012856344018453784	1761058
2021-07-01	0.0071994740203978405	-0.00242681599028924	0.028959666017804572	-0.00242681599028924	0.0071994740203978405	1942733
2021-07-02	-0.041924350784284754	-0.005381141990504512	-0.005220472167368555	-0.05148183998904763	-0.041924350784284754	2310605
2021-07-05	-0.022550112980550686	-0.00578424842162592	0.008466778368121566	-0.027496009493704367	-0.022550112980550686	2158526
2021-07-06	-0.01809605519890317	0.004717015518302164	0.008061775438452446	-0.03087476896869243	-0.01809605519890317	1761881
2021-07-07	-0.0006114071204717217	-0.005590007958599148	0.009957192941867315	-0.008559664749055196	-0.0006114071204717217	1441483
2021-07-08	0.00026218318934063825	0.000699195956986411	0.00943892692604306	-0.008040535012070239	0.00026218318934063825	1177277
2021-07-09	-0.004980340890703503	-0.004019213735759174	0.009698567314073385	-0.013542988559449203	-0.004980340890703503	1117337
2021-07-12	0.017738014165911836	0.009834940547109402	0.02370921207523381	-0.00333681954698333	0.017738014165911836	1431879
2021-07-13	-0.007506496850621254	0.000862795498484973	0.004314063773700366	-0.02070752337001686	-0.007506496850621254	1136913
2021-07-14	-0.012605381314486583	-0.0038251152205956668	-0.0012170738174134956	-0.013996357593639524	-0.012605381314486583	902244
2021-07-15	-0.04005989540306567	-0.005018489082259333	-0.0025532751795513224	-0.04842401746039765	-0.04005989540306567	2424551
2021-07-16	-0.03292669020385845	-0.0011923048811548005	-0.0011923048811548005	-0.034027323067296465	-0.03292669020385845	2032114
2021-07-19	-0.036418853633936835	-0.005500768105068984	-0.0053111247095765785	-0.03689300954300061	-0.036418853633936835	2634801
2021-07-20	0.007381889909092321	-0.00875983284960304	0.03937007951515904	-0.01417316957033797	0.007381889909092321	2123126
2021-07-21	-0.01709819281090753	0.006057674764194885	0.024425989729867897	-0.020517811832297245	-0.01709819281090753	2809041
2021-07-22	-0.030218688473532637	-9.942346122114302e-05	-9.942346122114302e-05	-0.031212714338224968	-0.030218688473532637	3173515
2021-07-23	-0.07585069856192486	-0.0026649754543864312	0.004407544165796384	-0.08897090178292122	-0.07585069856192486	5590615
2021-07-26	-0.039929079861176664	0.016082485976819567	0.020297181885661843	-0.05079860023076316	-0.039929079861176664	3125381
2021-07-27	-0.019870633545994235	0.004967652610158411	0.010859542764776946	-0.020332659896780375	-0.019870633545994235	2402401
2021-07-28	0.04160781667174993	0.0018859501124917628	0.06046682274713918	-0.039368177245081425	0.04160781667174993	4301252
2021-07-29	0.0020368902782543397	0.001471053475012364	0.027158469147047632	-0.021387347921669762	0.0020368902782543397	3545907
2021-07-30	0.08469790791537296	-0.012535301664529552	0.09892709997988355	-0.027216306249024075	0.08469790791537296	4987815
2021-08-02	-0.01769916654765752	0.013014054773116457	0.03258716191815218	-0.028630920500856204	-0.01769916654765752	4065861
2021-08-03	0.05023845363515535	-0.007949125764687351	0.0506624176081064	-0.011128723076390479	0.05023845363515535	4649435
2021-08-04	-0.025128651735943152	-0.015945040506409942	-0.00968815257596737	-0.037743446876312314	-0.025128651735943152	3322415
2021-08-05	-0.026708085439090753	0.0001035507267815631	0.022774379353506864	-0.031987536894151895	-0.026708085439090753	3046952
2021-08-06	-0.0567963961964389	-0.010848724021975916	-0.010848724021975916	-0.06615607528683498	-0.0567963961964389	3703784
2021-08-09	0.08434826341903466	0.022891283265674214	0.08987372575552541	0.0031574086603517078	0.08434826341903466	4977127
2021-08-10	-0.021942605160457325	-0.00228787428087039	0.0024958193637346347	-0.026934316683264774	-0.021942605160457325	2668824
2021-08-11	-0.019564103575839414	0.00010627325551482777	0.004784656944667999	-0.021690600052399825	-0.019564103575839414	1805396
2021-08-12	-0.017785478991275156	-0.013122210314740338	0.014315150355874176	-0.019846025592083493	-0.017785478991275156	1712182
2021-08-13	-0.011593275919178421	0.00529980125869505	0.022413580655846376	-0.018659633432703878	-0.011593275919178421	2021040
2021-08-16	0.0	-0.012957953964185306	0.01608581376516347	-0.012957953964185306	0.0	1415745
2021-08-17	-0.037198336814063974	-0.0031277816061589417	-0.00011165103144500249	-0.03820374346080468	-0.037198336814063974	1956971
2021-08-18	0.0008121591643540416	-0.0022044552220802462	0.010558022727508377	-0.010558103943424936	0.0008121591643540416	1302313
2021-08-19	0.0011592742601605416	-0.0006956294761041608	0.02782288365817567	-0.005680558644086241	0.0011592742601605416	1501806
2021-08-20	-0.028717044595680283	-0.0011579318995144157	-0.0011579318995144157	-0.048170495042027625	-0.028717044595680283	2130579
2021-08-23	0.03707678959502105	0.00023849547824849837	0.04196477260245965	-0.006080043135910055	0.03707678959502105	2042113
2021-08-24	-0.009081515325474588	0.00022995747166243335	0.00931147279713702	-0.013564777872509053	-0.009081515325474588	1568448
2021-08-25	-0.016473295236889538	0.001508178706781127	0.004292378339641903	-0.018213457710445087	-0.016473295236889538	1334467
2021-08-26	-0.03137527755809488	-0.0011795116911949579	0.0020051663364609447	-0.032083050626127166	-0.03137527755809488	1741339
2021-08-27	-0.0028008279541830252	0.007306356284473094	0.00852407421368453	-0.00681934948297559	-0.0028008279541830252	1243050
2021-08-30	-0.03065089791978139	0.0013432775838719561	0.0037855416263955885	-0.03065089791978139	-0.03065089791978139	1837088
2021-08-31	-0.013605367105267076	0.006802733943162075	0.007810569708134367	-0.019904183165942915	-0.013605367105267076	1520659
2021-09-01	0.025670433243789138	-0.0012772157875908074	0.03205612903999492	-0.007918301101469906	0.025670433243789138	1825881
2021-09-02	-0.019922787197678638	-0.0053542648575335555	-0.00024899764036838087	-0.024280874717491543	-0.019922787197678638	1315223
2021-09-03	0.009020442243939178	-0.00038113327888607203	0.027442561649632352	-0.012323732846191452	0.009020442243939178	1428331
2021-09-06	0.0201460468432648	0.0	0.027952670056727982	-0.01070256889203162	0.0201460468432648	1597736
2021-09-07	-0.0070353001864466545	-0.0040730068158358074	0.003456010989484487	-0.01258944751627186	-0.0070353001864466545	1197965
2021-09-08	0.003480497333020413	0.00062154135319612	0.012927296939489057	-0.003604636554554446	0.003480497333020413	935894
2021-09-09	-0.00594578201613589	-0.0009909698628401608	0.013130161781364079	-0.006069676474556758	-0.00594578201613589	1106874
2021-09-10	-0.010591875389408091	0.000623090342679175	0.0017445358255452098	-0.01557632398753894	-0.010591875389408091	1174459
2021-09-13	0.0025188412463767787	-0.0036524054495616224	0.02392948302444631	-0.0036524054495616224	0.0025188412463767787	1204163
2021-09-14	-0.002638178458245643	0.003015050327011314	0.01633170895305803	-0.008793919818942694	-0.002638178458245643	1394705
2021-09-15	-0.026955523705196206	-0.0002518705158316745	-0.0002518705158316745	-0.029726666201368757	-0.026955523705196206	1526281
2021-09-16	0.02148872491909386	0.0	0.04155338511326856	-0.0027184336569578806	0.02148872491909386	2268306
2021-09-17	0.05411222637879991	0.0011404891070592178	0.06982630491312618	-0.000126751989519606	0.05411222637879991	3728398
2021-09-22	0.01995667227698957	-0.009978384226977728	0.02560709305121407	-0.020197162779514388	0.01995667227698957	2352545
2021-09-23	-0.020627063678786594	0.027227794777359506	0.02887794808476894	-0.02663830865810043	-0.020627063678786594	2187274
2021-09-24	-0.01781195175409567	-0.001083114747050888	-0.001083114747050888	-0.019135829540778884	-0.01781195175409567	1766960
2021-09-27	-0.016051929713859374	-0.03565744350376862	-0.0017154760235819698	-0.04876858168400211	-0.016051929713859374	1857973
2021-09-28	-0.011207982146650768	-0.0002491158063842181	-0.0002491158063842181	-0.018555478758824087	-0.011207982146650768	1081452
2021-09-29	0.013098236445888329	0.0	0.02644833686528118	-0.014735503407166214	0.013098236445888329	1596843
2021-09-30	-0.0013674788322359023	0.006961685555403057	0.011312729703810703	-0.005469940192194511	-0.0013674788322359023	892675
2021-10-08	0.023776869817580818	0.0038590438476524607	0.030250217098214526	-0.009087563573071913	0.023776869817580818	1705455
2021-10-11	0.014834642870492243	0.004377432013069837	0.022616732067527522	-0.005350133884974026	0.014834642870492243	1764717
2021-10-12	0.01809252358126676	-0.005631452260141967	0.019410532223945953	-0.019889719864482534	0.01809252358126676	2278091
2021-10-13	-0.011298093311779486	-0.014122678426236488	0.015652606618187605	-0.01730023517358787	-0.011298093311779486	1806457
2021-10-14	-0.021902201597376384	0.005118438159304017	0.011546256123169672	-0.025592202699864276	-0.021902201597376384	1503534
2021-10-15	-0.021905744722057918	0.0	0.0006085311088846513	-0.023366168269835015	-0.021905744722057918	1383312
2021-10-18	-0.02015681149097378	-0.0018663928630188137	0.00024879929393565063	-0.023142975371047293	-0.02015681149097378	1216381
2021-10-19	0.005714247619047571	-0.001015898412698327	0.012952342857142902	-0.0019047873015873096	0.005714247619047571	878052
2021-10-20	-0.008838346294381757	0.0	0.004419267844164282	-0.012878750487831325	-0.008838346294381757	915400
2021-10-21	-0.008152853503184752	-0.003057299363057324	0.0031847133757961785	-0.008152853503184752	-0.008152853503184752	994447
2021-10-22	0.0023118417375823925	-0.0010275109038335776	0.010660171966861521	-0.0019265604684490132	0.0023118417375823925	928999
2021-10-25	-0.0019221168385172192	-0.007303946600410825	0.004484853863597456	-0.007303946600410825	-0.0019221168385172192	704648
2021-10-26	0.00783157026359696	0.0042367698579633215	0.011939928257028096	0.0	0.00783157026359696	1381579
2021-10-27	-0.016305719745222977	-0.01694270063694259	-0.003821694267515972	-0.01770699363057329	-0.016305719745222977	1131597
2021-10-28	-0.03522404771789625	-0.0012949753782054388	-0.0003884874334563846	-0.042864503459408086	-0.03522404771789625	1619391
2021-10-29	0.00939593288590599	0.0	0.02107382550335561	-0.006308738255033508	0.00939593288590599	823381
2021-11-01	0.010106409977649335	-0.0055850800100429865	0.021143671056263573	-0.007712686477899717	0.010106409977649335	816366
2021-11-02	-0.01658770427313987	-0.0021063191430530756	0.005924236518223288	-0.02066877331054195	-0.01658770427313987	1289750
2021-11-03	0.05502009591780836	0.0	0.0681392798449511	0.0	0.05502009591780836	2888956
2021-11-04	0.04035021038828103	0.002410887004463658	0.05481536746137223	-0.00774014738586844	0.04035021038828103	4369345
2021-11-05	-0.002561275827814952	0.0093914382093289	0.03463842016437167	-0.007561836993824575	-0.002561275827814952	2918350
2021-11-08	-0.024944986854304116	-0.0009782587549311103	0.0	-0.0388848256161021	-0.024944986854304116	2317982
2021-11-09	-0.00012534487397408172	0.0031351894440729733	0.013794808472405521	-0.00426380748090813	-0.00012534487397408172	1000183
2021-11-10	0.006772782888268639	0.0	0.00890504168173693	-0.00802717892786229	0.006772782888268639	1030376
2021-11-11	0.020431133191645655	0.0028653669938469837	0.02391933563919285	-0.0078484866518682	0.020431133191645655	1565101
2021-11-12	-0.009888975222123068	-0.0031742398645225323	0.007202978527506839	-0.013429446298159228	-0.009888975222123068	1445559
2021-11-15	0.010727534173305367	0.0002466707829018394	0.0192355861710379	-0.0060418867088011825	0.010727534173305367	1947513
2021-11-16	-0.013907514774826013	0.002927876016495351	0.006465767885009586	-0.017323386393517215	-0.013907514774826013	1938069
2021-11-17	-0.0017320301439555372	0.0	0.008165235477787155	-0.009649869858966346	-0.0017320301439555372	1139242
2021-11-18	-0.007188015685016465	0.00024782500315205573	0.006072598684530952	-0.008551270081763125	-0.007188015685016465	1074010
2021-11-19	0.0014979652790167797	0.00012485332511729798	0.004868293535535009	-0.005118012668605518	0.0014979652790167797	657600
2021-11-22	0.005858082792294048	0.009971282189781388	0.021936868181346117	-0.005982836620360047	0.005858082792294048	1401963
2021-11-23	-0.002478277663380783	-0.0061957870952585046	-0.0004955762266012911	-0.010284932228683964	-0.002478277663380783	879289
2021-11-24	0.04372667080745346	-0.004596310559006174	0.05093165217391304	-0.006086931677018632	0.04372667080745346	4729822
2021-11-25	0.02427994611806508	0.0	0.03725309583146018	-0.011306796404670312	0.02427994611806508	4490581
2021-11-26	-0.02079945435276433	0.004647931783591294	0.01615151094937282	-0.021264176650341044	-0.02079945435276433	3096510
2021-11-29	0.011035956249054958	0.028361303964446527	0.06372377110681515	-0.00011860686312832701	0.011035956249054958	4119613
2021-11-30	0.013849765745883851	0.012676080258547514	0.02640845163410041	-0.009272218636345675	0.013849765745883851	2983124
2021-12-01	-0.027436849760483356	-0.003472968400311588	-0.003472968400311588	-0.034498669871451865	-0.027436849760483356	2285563
2021-12-02	-0.017974074087035493	0.0	0.009403654102996019	-0.020354707288305938	-0.017974074087035493	1582564
2021-12-03	0.008484812121212075	-0.0037575515151514315	0.014303030303030385	-0.0037575515151514315	0.008484812121212075	1191978
2021-12-06	-0.025600926403879596	0.008413521937987624	0.009254856102939526	-0.02644227258806267	-0.025600926403879596	1560100
2021-12-07	0.013691871222400565	0.00407058097940061	0.022819760700629254	0.0016035154804490321	0.013691871222400565	1196630
2021-12-08	-0.006935981990752128	0.009978096860549929	0.009978096860549929	-0.015818970552445896	-0.006935981990752128	1354814
2021-12-09	0.012375958676927356	0.00012255850848476361	0.016664624229081916	-0.005636551824083378	0.012375958676927356	1782700
2021-12-10	0.007988331832909843	0.0004841563610207534	0.01791327700629595	-0.0038731540593141007	0.007988331832909843	2372660
2021-12-13	-0.01380886183728221	-0.007444704700344712	0.002281484177251163	-0.014409186051983627	-0.01380886183728221	1820605
2021-12-14	-0.011445209233357163	0.006940216983083454	0.006940216983083454	-0.014976196821241846	-0.011445209233357163	1462624
2021-12-15	-0.018844660208285326	0.00381817948471036	0.00381817948471036	-0.019583741357710613	-0.018844660208285326	1798050
2021-12-16	0.002385061391661475	-0.0032638963964902647	0.006402133748323764	-0.012930039521464218	0.002385061391661475	1067851
2021-12-17	0.0023794991203381667	0.00012527238886089317	0.02066377008550458	-0.002880338206145007	0.0023794991203381667	1259406
2021-12-20	-0.012493752967344415	0.001998950499763143	0.010119902422290019	-0.014242865889019704	-0.012493752967344415	1072729
2021-12-21	0.00404858294472938	0.0017712423864974785	0.00594636885189306	-0.0034160424669022983	0.00404858294472938	929904
2021-12-22	0.008316481750044418	0.0015121219567524893	0.0118447831168753	-0.00403225801370634	0.008316481750044418	870849
2021-12-23	0.035241178526912414	0.0022494377249225915	0.03586605983001973	0.0017496501530735761	0.035241178526912414	2538467
2021-12-24	-0.017382835218871795	0.0018107436895578874	0.0018107436895578874	-0.02209070604011134	-0.017382835218871795	1502776
2021-12-27	-0.01597056471816796	0.0	0.01326782522683471	-0.018304643284898198	-0.01597056471816796	1224742
2021-12-28	0.0021223346347649624	0.005618040090338135	0.015480624606257792	0.0	0.0021223346347649624	897323
2021-12-29	0.022548960603548916	0.002491640805717144	0.02902704730386368	-0.00946798341103717	0.022548960603548916	1840124
2021-12-30	-0.003655007220881764	-0.0018275097020585653	0.0007309575845284441	-0.01035573805176073	-0.003655007220881764	1420279
2021-12-31	0.008192687798883349	-0.0004891293774655552	0.013206187493350216	-0.00721444127188112	0.008192687798883349	1438713
