2020-10-19	-0.07836732021236274	-0.03946740552196294	-0.02924897366581361	-0.08258920839177676	-0.07707123475259255	113690787
2020-10-20	0.06067315834874482	0.006728248423089994	0.09099182042204042	0.006728248423089994	0.062164823537287674	106877312
2020-10-21	-0.00814199765670928	-0.017409270760255273	0.048236131521065415	-0.04040603324923953	-0.006747157851089012	113833107
2020-10-22	0.023994989890981224	-0.01334810774778019	0.050728344472143305	-0.019460691155010465	0.02543506742019252	85572590
2020-10-23	-0.01623844626204774	0.013344948136828497	0.01849092085740959	-0.025352807889723026	-0.014854961788065002	73790557
2020-10-26	-0.03008780257624212	-0.00926480770979906	-0.006544690246053693	-0.04044099623480861	-0.028723810196554955	50535188
2020-10-27	-0.04114606534135441	-0.006575585286091964	-0.0011824015928962915	-0.056840014161206	-0.039797618408912	71956923
2020-10-28	0.017748830862016476	-0.0033183425359150135	0.023679829306900598	-0.013442671038506989	0.019180115251049835	52170006
2020-10-29	-0.01832222125987001	-0.0204786713490924	-0.0014674913656887798	-0.02600519643679725	-0.016941695292961217	41264843
2020-10-30	0.0341803131634078	0.0050092832185229495	0.0781950348939531	0.0050092832185229495	0.03563472797678032	75923371
2020-11-02	0.12307028689887722	0.04517291787129194	0.14032718049472168	0.02339848208230669	0.12464965204995969	119153657
2020-11-03	-0.009486991306223222	-0.005767440818005322	0.05491799141985808	-0.021859700017463058	-0.008094018727440932	106681430
2020-11-04	0.05043004685587187	0.013933660629037344	0.062477203619453414	-0.0007468463237094703	0.051907297335503526	92860870
2020-11-05	0.002977273704725474	-0.004929326505633192	0.05581839416767848	-0.026358787588047935	0.004387814282997928	97970002
2020-11-06	0.1298701371086884	0.0014063534790397605	0.14260646481907263	-0.006396849780097548	0.13145912183243014	109924453
2020-11-09	0.012479430062013516	0.003050655242018379	0.06290480904579371	-0.036742469013463154	0.01390333446266967	110605581
2020-11-10	0.03292247630413691	0.0014063539054506432	0.07010482739902361	-0.02181795822696574	0.034375116426075276	93708096
2020-11-11	-0.0551106668801868	-0.014788471578589264	0.04637456386976503	-0.07029111617029128	-0.05378184199807691	108239803
2020-11-12	0.09155865716769467	0.003403134138893537	0.10923479344189012	-0.01989307483094488	0.09309378078746224	103324622
2020-11-13	-0.017963070927373898	-0.015514953348703411	0.02122405177689948	-0.03350337575613107	-0.016582063152533768	81176223
2020-11-16	0.11858616652052285	0.03198712884847705	0.131646515675221	0.003734790434516765	0.1201593258901421	93899977
2020-11-17	0.026468976068414942	-0.00886311211273936	0.05414112462981894	-0.02065902916709729	0.027912508283875644	91380240
2020-11-18	-0.0047252939158610304	-0.0015680586998501373	0.017765166935324015	-0.022388440978022128	-0.0033255828784316804	54011667
2020-11-19	-0.07745522163722338	0.007926582190099436	0.013088538475153542	-0.08267811537282353	-0.07615779458047915	93425084
2020-11-20	0.06440227998472778	0.0015535270897271392	0.07915116494285686	0.0015535270897271392	0.06589917703865555	77297860
2020-11-23	0.0037298270711385003	-0.0012220643390639275	0.014824839381422782	-0.030134003080828878	0.005141437890023212	58355231
2020-11-24	-0.04183867570369023	-0.010859786977751515	-0.0009366718560352872	-0.06295605522872956	-0.04049118745219437	65125435
2020-11-25	-0.027865604199819184	0.006728293763640924	0.013201100908267795	-0.04116996704018366	-0.026498458795166352	51077040
2020-11-26	0.0175827894709049	-0.0008131099832235595	0.0400244119426998	-0.0012569809732648437	0.019013847653337843	43664027
2020-11-27	-0.030927910452438073	-0.008772112601571883	0.003151121834590257	-0.041052103298541066	-0.029565070215854913	45347117
2020-11-30	0.04540000445036147	0.010259103618865556	0.05377243086863776	-0.005195609518798057	0.04687022924358371	59051033
2020-12-01	-0.0008599292352859647	-0.005339432425175139	0.006717001369215632	-0.01825711592769841	0.0005452261088713945	37557627
2020-12-02	0.012767248980669341	0.008445342238566828	0.04579525751694405	0.007008824715944835	0.01419148415564942	55278508
2020-12-03	-0.023796052172644685	-0.00710422599987234	-0.00710422599987234	-0.035330806063710994	-0.022423217738610612	36993856
2020-12-04	0.02974470299351919	-0.005277478185702838	0.04615867100187074	-0.010362942665332173	0.031192804543908794	46648858
2020-12-07	0.00986326606767409	-0.002685721634345768	0.037105255516066485	-0.0073421407980304035	0.01128342297450314	41652108
2020-12-08	0.002232450032975655	0.0002884614672557503	0.016496572673964902	-0.010749685294756882	0.0036419360572376262	31853264
2020-12-09	-0.03870245121904858	-0.0016607619058399907	0.006564571830974248	-0.05268611526090528	-0.03735055965968399	47385684
2020-12-10	-0.010282462846848226	-0.006425112583517607	0.010687985255122889	-0.01962255960517365	-0.008890645898056515	29509540
2020-12-11	0.009657592592793283	0.0025785700275068996	0.020748746564277956	-0.023211145251014417	0.011077511751724535	40963642
2020-12-14	0.09434788992582174	0.007066445589043908	0.09980538030662461	-0.0041086105575599795	0.09588687730866798	68667047
2020-12-15	0.0050324014145623095	-0.00031780823821698606	0.01957504593160574	-0.008142277830736129	0.006445788703328301	46549678
2020-12-16	0.0675978298367727	-0.0034760503827326802	0.09324696123521686	-0.0034760503827326802	0.0690991871784522	65185515
2020-12-17	0.008146135218604227	0.0011591321552179691	0.04565506886436019	-0.016021240592147757	0.009563924869607538	59307108
2020-12-18	0.019711116831409116	-0.007053171586757754	0.03217925094904347	-0.02666934607430813	0.02114513364336395	49051768
2020-12-21	0.08356344096376912	-0.004485011277994063	0.09638901598336538	-0.01193938636482355	0.08508725213646468	53823337
2020-12-22	-0.0005540634016124969	-0.006915639758259986	0.06853661307857707	-0.028663621355907432	0.0008514672016968125	67406862
2020-12-23	0.029933534373983262	0.006957342732075884	0.06102443691265491	-0.011916135971264062	0.03138194319592469	56148485
2020-12-24	-0.045209958411025285	-0.01034327657917974	0.015419479447882151	-0.05141277030599446	-0.04386722240799319	54444306
2020-12-25	0.001127502262704157	-0.006496519260555301	0.020147449012723872	-0.03664029547154806	0.002535364433785628	43858313
2020-12-28	0.11508993919287627	0.0025339750467832755	0.11947741795655138	0.0025339750467832755	0.11665814362445749	55855165
2020-12-29	-0.010502823314698508	-0.0010207933306780371	0.02244175763061136	-0.03864180654600612	-0.009111291179525334	54430148
2020-12-30	0.07144311157430952	0.0026327132365008663	0.10146510398093549	-0.007894399000220848	0.07294992241963143	53530627
2020-12-31	0.03181560754022514	0.020770538561521366	0.04547656194606616	-0.0026954408531019523	0.03326663555229153	40724952
2021-01-04	0.1460487371089857	0.0014987535348407242	0.16171268394496205	-0.014957138156117175	0.14766040770788857	53377911
2021-01-05	-0.01723865191449618	0.006327009829850684	0.12853821753293823	-0.05780362511336599	-0.0158565515090839	94109899
2021-01-06	0.047541043849720604	-0.015010153562625748	0.04901421108054977	-0.023628839343698964	0.04901421108054977	59430397
2021-01-07	0.08865413024576947	-0.002433237053891319	0.09527832312934542	-0.015362144439943545	0.09018514568294891	64846465
2021-01-08	0.04219074532152583	0.0003986695439528982	0.04653540050810654	-0.02688040682388332	0.043656391579187104	58344926
2021-01-11	-0.1130345248776987	-0.011024958629660665	0.005688153607109361	-0.13948120978805467	-0.11178712483063531	85815611
2021-01-12	0.009252867073673081	-0.014244279397061995	0.051317088795148104	-0.06563437329317681	0.010672176247021105	67960899
2021-01-13	-0.07627121390082742	-0.011632059079081604	0.005958112733997922	-0.08191566582230157	-0.07497215542794361	72539321
2021-01-14	-0.021768176010913652	-0.026990539115811386	0.00892313986127357	-0.06891761700946158	-0.020392440857373843	54504889
2021-01-15	0.01474976171242004	-0.006192343682041235	0.028898286878831177	-0.02582947036148864	0.01617682337789381	43503936
2021-01-18	-0.008485921734549585	-0.015084652743545486	0.020169040621759764	-0.01979634447476278	-0.007091542069179784	31771471
2021-01-19	0.0632997312487202	-0.005042892367551171	0.09873810077971039	-0.0052974571289317205	0.0647950605594115	58148886
2021-01-20	0.09061206585879172	-0.0064147063647804975	0.10188215620330776	-0.010325186739966604	0.09214581040555468	59531873
2021-01-21	0.003361315095450596	0.006528576168878161	0.04275041058388878	-0.02310751008456735	0.004772328363318984	53620840
2021-01-22	-0.03874445426864557	0.0045423413487552505	0.015481890189508763	-0.05336435176769841	-0.03739259587413321	47972792
2021-01-25	0.07015681587299483	0.002316754519161851	0.08319405017616906	-0.026286221391200983	0.07166180080364695	62115448
2021-01-26	-0.07355754455765413	0.00020110365823765023	0.011473542922961847	-0.07225463871968128	-0.07225463871968128	50859536
2021-01-27	-0.0002292153773893688	-0.012827306672099668	0.03216944040256337	-0.02009716013832774	0.0011767863754619727	35521123
2021-01-28	-0.08736527964123843	-0.022551535359168547	-0.014897279387331434	-0.08623494504485328	-0.08608182165413669	49982158
2021-01-29	0.021105484961489892	0.02505761797495133	0.046528289145217866	-0.01285159897454986	0.02254149657052319	35768197
2021-02-01	-0.004265044826445386	-0.001961227060847969	0.018326458945432195	-0.02257746667011748	-0.0028647268815730656	23719205
2021-02-02	0.0504117912209745	0.009737636911275232	0.06228255553113445	-0.011791781894037954	0.05188903048898609	41863606
2021-02-03	-0.049874458257374556	-0.009901845213736256	0.00046402997333643757	-0.0529359645233262	-0.048538273386953615	38579158
2021-02-04	-0.04440415346235684	-0.02471160122824512	-0.005701717812649898	-0.054135539779521756	-0.043060255639784877	37473595
2021-02-05	-0.01796511582196866	0.005384976609187046	0.03410037732987954	-0.016584043434776784	-0.016584043434776784	30808531
2021-02-08	-0.04001751941497512	-0.006520309203635262	0.012767948753641395	-0.061302618652980666	-0.03866748800190555	40020418
2021-02-09	0.12010995486937555	0.018195813765733607	0.12168515824774506	0.00920468991364778	0.12168515824774506	43904700
2021-02-10	0.0060526106062078755	0.006566468157352625	0.01770595399346582	-0.022838443746170316	0.007467463510634171	34621595
2021-02-18	-0.04829266609970788	0.03405383216916588	0.05017405622723999	-0.051676312285815616	-0.046954274312861706	38102420
2021-02-19	-0.009140608680016466	-0.02477087954211999	-0.0016733734057260343	-0.04923716252228363	-0.0077471602504275315	26672270
2021-02-22	-0.05233210946901818	0.0014926557349138325	0.0014926557349138325	-0.05324406350119591	-0.050999390384513586	29943271
2021-02-23	-0.09497809756173865	-0.132333177543831	-0.050704722852552564	-0.132333177543831	-0.09370537680040526	46037362
2021-02-24	-0.059107430537104585	0.018217178361306034	0.02476035355720994	-0.07590372535811288	-0.057784241485394267	43118996
2021-02-25	-0.028846129979632117	0.019808245237392687	0.03029308724072243	-0.033899626475437414	-0.02748036580260708	28728074
2021-02-26	-0.015401529888849607	-0.01952517565206477	-0.01236438242986469	-0.05257488883233225	-0.01401689012202019	35742575
2021-03-01	0.02983234120076541	0.01818964471368859	0.04504302035865719	-0.008887464119584422	0.0312806320536417	29461944
2021-03-02	-0.03341652926528326	0.001406336541332164	0.013792180616723214	-0.03738091201055088	-0.03205719374278462	23542348
2021-03-03	0.042092294350483186	-0.005225455140827399	0.04648031793039411	-0.015341828925260682	0.04355779396189157	27132619
2021-03-04	-0.07442908458537718	-0.018440567838387663	-0.014233895344062391	-0.07485330162831652	-0.07312745048739171	30939063
2021-03-05	-0.0036075682496328797	-0.02691229622290704	0.02051844574562903	-0.03670139537047521	-0.0022063219561939186	23382901
2021-03-08	-0.07790239137855852	0.003628489590082157	0.020236781241136245	-0.07719040110087791	-0.07660566263791872	34517645
2021-03-09	-0.0210259684889712	0.004577295737939758	0.02360338160517672	-0.050978836942220475	-0.01964920286344623	32519961
2021-03-10	0.039591141177975624	0.031206173897362664	0.05452787637155023	0.022007086209747378	0.04105312444343812	28038070
2021-03-11	0.05513383075871582	-0.00046316444899104997	0.08877234687768104	-0.013175441403957917	0.056617644492900805	35098369
2021-03-12	-0.014272283906314317	0.006131020843117964	0.013099960546151233	-0.044777897699272096	-0.012886013009399452	25352439
2021-03-15	-0.03924850211743458	-0.01273342626668577	-0.011535153766321318	-0.04472759800268504	-0.03789737644839183	18031203
2021-03-16	0.018184049374806468	0.012756125347583023	0.03894816990845516	-0.0012128628114765059	0.01961596435976366	17303440
2021-03-17	-0.015168188553189332	0.0014063419927236405	0.006551157415650451	-0.03228010987859122	-0.013783160897286062	15712146
2021-03-18	0.0054651834675041285	0.0038939792916234573	0.028770549524058314	0.0012819518555029598	0.006879142842945407	17244397
2021-03-19	-0.03743056385335909	-0.022716509394743754	-0.004407870180234292	-0.03620049794696864	-0.03607686540006846	19718397
2021-03-22	0.008085276846063463	0.007575217608610272	0.01991286016796945	-0.003862817095415165	0.009502989118316513	13195137
2021-03-23	0.019605304406481002	0.004338479665077779	0.033277961705356116	-0.005223006363232633	0.021039170348582464	22284100
2021-03-24	-0.06205509687946833	-0.02472599676879222	-0.02135008580660735	-0.06373699440857908	-0.06073607630063673	26542014
2021-03-25	0.0	-0.013524196671761265	0.01820295809166848	-0.02498865852768134	0.0014062879114148748	16816384
2021-03-26	0.03940358952683177	0.007671649022680431	0.048997066714198914	0.0062053593870657585	0.040865306713790274	23967751
2021-03-29	0.005635180408060659	-0.0010305583845511218	0.03372622968279012	-0.005006390121209305	0.007049410268149079	19649675
2021-03-30	0.03922569353606619	-0.0006342070127547791	0.05560876252996621	-0.004842893922002906	0.040687157584743096	25879090
2021-03-31	-0.05049017060171689	0.0011609072814940684	0.0011609072814940684	-0.05504550170671668	-0.04915483944640152	24237573
2021-04-01	0.009421762438120818	0.005542243609969909	0.017562221122789087	-0.01513736514312257	0.010841321782384705	16440678
2021-04-02	0.05868818511858219	0.0014063094308915391	0.08578518258207034	0.0006381036373213228	0.06017704238938496	35771725
2021-04-06	-0.019202908896591375	0.0012853557646406804	0.0012853557646406804	-0.03451369745409272	-0.017823628962619454	20767069
2021-04-07	-0.009235318826937806	0.003132622336095503	0.005598898243445067	-0.021282837103281	-0.007842018754203059	15341166
2021-04-08	0.02423568778068253	0.0004105815614191956	0.042976024695281764	-0.011537579594749759	0.025676077446468177	24004100
2021-04-09	-0.03846630980019723	-0.012081885698170031	-0.010137692084599954	-0.03711406503341981	-0.03711406503341981	19846774
2021-04-12	-0.05918714768479244	-0.014264303239799787	-0.014264303239799787	-0.05811691674612784	-0.057864113452820255	23002230
2021-04-13	-0.007780127138427117	0.0014062671749396104	0.028943192165771413	-0.02210092124940082	-0.006384713568200088	15954783
2021-04-14	0.002568647203462745	0.007633824649701837	0.011289045793782648	-0.009288683489652283	0.00397861704362731	13712091
2021-04-15	-0.025485520354872587	-0.016148000721887514	0.019500753856666785	-0.03518773768799237	-0.024115014268621848	27338421
2021-04-16	-0.0009685804345976463	-0.005660377907520142	0.004177695081190685	-0.029077823604017502	0.00043639536211517407	20063190
2021-04-19	0.03656509178915837	0.0040416456341276	0.03802284543603217	-0.009412165855864902	0.03802284543603217	22451667
2021-04-20	-0.005611983607014906	-0.006354354366248208	0.026963388748500842	-0.014115146801439101	-0.0042135070132031	24437860
2021-04-21	0.019080909425025237	-0.008012892818041755	0.02926059163202908	-0.01218425775420177	0.020514069726223792	20750736
2021-04-22	0.016877685156197045	0.0035190508188648996	0.025966147869324295	-0.012325947213049332	0.018307792233000136	21826963
2021-04-23	0.023340220945140645	-0.0014503511258861246	0.05568384054287031	-0.00651451696376094	0.024779378966021032	34227166
2021-04-26	-0.043334959286334844	-0.00633388253341003	0.005974343136685382	-0.04300474388981604	-0.041989608163091136	27574488
2021-04-27	-0.002648938494739648	-0.0050928738681423	0.012415156680824295	-0.02299878767499375	-0.00124639934751279	16728940
2021-04-28	0.04249652832543327	-0.0025834418744196683	0.04835132362496809	-0.01388746960206802	0.04396266417144075	24650203
2021-04-29	0.006879036680239729	0.004595562264482217	0.030746977076277507	-0.013901714579921702	0.008295038044193528	23978554
2021-04-30	-0.004421682722172124	0.032573565703688565	0.04651011609788397	-0.00986961687251051	-0.004421682722172124	29184280
2021-05-06	-0.05001272461153657	-0.010816988780427837	-0.007381038244310471	-0.05828457474460224	-0.05001272461153657	23983343
2021-05-07	-0.010046885196332614	-0.00602819809703427	0.02277288619496619	-0.010314869114136094	-0.010046885196332614	15757877
2021-05-10	0.007171826598868105	-0.001353166404515075	0.015832178191280598	-0.02422193439182862	0.007171826598868105	12900744
2021-05-11	0.03211070804782999	-0.012494961708988402	0.03251374445787979	-0.019212683057906847	0.03211070804782999	19701348
2021-05-12	-0.008070853944285304	-0.009112171309554756	-0.0009112210361884039	-0.02225981515230404	-0.008070853944285304	14662514
2021-05-13	-0.026246720193440428	-0.015747992745983916	-0.00787400293467199	-0.02834640531547518	-0.026246720193440428	14474293
2021-05-14	0.06428577079322524	0.007816738860515149	0.07816715949462914	0.0	0.06428577079322524	36606913
2021-05-17	0.030137988728150114	0.002406014911915784	0.05862982070875247	0.002406014911915784	0.030137988728150114	33590228
2021-05-18	0.021880750384284012	0.005777529336878334	0.034173313685883604	0.005777529336878334	0.021880750384284012	28184530
2021-05-19	-0.012751077087131494	-0.0015637796787121624	0.009142331618272524	-0.016359918790806637	-0.012751077087131494	21057446
2021-05-20	-0.008041866699159163	0.0026806506640673885	0.02339463872304139	-0.008529267698306277	-0.008041866699159163	22778933
2021-05-21	-0.019530818350039725	0.0027022845988313956	0.009581107501235428	-0.026900907657491386	-0.019530818350039725	20717209
2021-05-24	0.12766226509646714	-0.00012530694061638773	0.12979203207216256	-0.00012530694061638773	0.12766226509646714	57382779
2021-05-25	0.02544162814261468	0.002333062941160653	0.029441194768554727	-0.021553182500762602	0.02544162814261468	44396863
2021-05-26	-0.02156018348125092	-0.0002167280536274753	0.04008664008385781	-0.024810410894569566	-0.02156018348125092	40701099
2021-05-27	0.017052375529894335	0.01040861500185181	0.026575141768910276	-0.015834359779301404	0.017052375529894335	27874290
2021-05-28	-0.007185585349713263	-0.007076766621159895	0.014044649189867198	-0.024387556328526024	-0.007185585349713263	25634624
2021-05-31	0.009101820175417878	-0.0020835836805882173	0.011075720779126524	-0.027744247664343795	0.009101820175417878	25895240
2021-06-01	-0.0067376116084855225	-0.005650913029262581	-0.0020647142598799514	-0.0256465233312277	-0.0067376116084855225	20711224
2021-06-02	-0.007439835723417209	0.003282220934743476	0.039387285790212556	-0.0075492667932327215	-0.007439835723417209	31631837
2021-06-03	0.06216931148402435	0.0	0.08575836545680819	-0.024360658902550018	0.06216931148402435	51818047
2021-06-04	-0.0020755188659659332	-0.014425072494550936	0.013594821361614658	-0.01867998112619368	-0.0020755188659659332	27719121
2021-06-07	0.03733356749860368	0.00010393094409611353	0.04794085699081297	-0.011855313566750653	0.03733356749860368	31337258
2021-06-08	-0.07749376441102754	0.001203037593984932	0.001203037593984932	-0.09523809523809523	-0.07749376441102754	43094326
2021-06-09	0.0057596828654536926	-0.008911106571759694	0.025103293580850578	-0.01097582083163949	0.0057596828654536926	22251797
2021-06-10	0.024311182356201545	0.003565575249089935	0.03716904255529842	-0.0027012424840223937	0.024311182356201545	23257796
2021-06-11	-0.03196208759613647	-0.007067573616005062	-0.003270094833224888	-0.04113924975297736	-0.03196208759613647	23310922
2021-06-15	0.004576713672552515	-0.002833115489804402	0.03051109394718613	-0.010025052087557594	0.004576713672552515	18671805
2021-06-16	-0.059008589673314106	0.0006508080995593547	0.002060906778155793	-0.06529996604187079	-0.059008589673314106	27526773
2021-06-17	0.02040342363112396	0.002651331412103705	0.031008668587896332	-0.0008069164265128896	0.02040342363112396	17839840
2021-06-18	-0.011522786201630842	0.003727982503207674	0.008585653250756437	-0.028468109866745743	-0.011522786201630842	25703879
2021-06-21	-0.013714251428571385	-0.005714285714285714	0.005714285714285714	-0.025371439999999957	-0.013714251428571385	16657874
2021-06-22	0.02155273389735568	0.003476187596424482	0.026998770787991736	0.003476187596424482	0.02155273389735568	18217253
2021-06-23	0.007372889865113804	0.00034026767966124623	0.01916962254221312	-0.017127971092197318	0.007372889865113804	18227801
2021-06-24	-0.0261231849143831	-0.011259993497578957	-0.005629996748789478	-0.03468072367257566	-0.0261231849143831	15083716
2021-06-25	0.022777211764995028	0.00023128685931985028	0.027402047113008338	-0.013643196060659023	0.022777211764995028	18924070
2021-06-28	-0.005200079190595472	-0.0027130680840274477	0.009156658480179356	-0.01198278331429775	-0.005200079190595472	14456041
2021-06-29	-0.04204542045454541	0.0010226818181818102	0.009090943181818224	-0.04727277272727273	-0.04204542045454541	22517019
2021-06-30	0.007829133766460156	0.0014234281818471936	0.014946559373194675	-0.005338137413826716	0.007829133766460156	13331331
2021-07-01	-0.036134652026066916	-0.0008239171471740858	-0.0007061793868429264	-0.0383710221088868	-0.036134652026066916	18802054
2021-07-02	-0.022469117382697724	-0.007204738151236261	0.013554780969041126	-0.022957589729607923	-0.022469117382697724	14537647
2021-07-05	0.005246695618487267	-0.001998800674623344	0.019987494566364936	-0.008994390668542643	0.005246695618487267	10644578
2021-07-06	-0.012054193959808654	0.0	0.0048465265956688704	-0.028209319893012057	-0.012054193959808654	14130771
2021-07-07	0.02641506918238993	-0.006289308176100629	0.04176100628930809	-0.009056616352201213	0.02641506918238993	16524560
2021-07-08	-0.016176458729815112	-0.004779399626946107	0.005024558946680375	-0.01776955925905781	-0.016176458729815112	12746199
2021-07-09	-0.005231664240553949	-0.00959139274528396	-0.001121038877940155	-0.03450419823747137	-0.005231664240553949	12365305
2021-07-12	0.03405961640295993	0.0030052216002351725	0.04395194034620661	-0.003380979171287484	0.03405961640295993	17596462
2021-07-13	-0.003632877121993647	0.00024214094836188212	0.009566492865912062	-0.010898546599695972	-0.003632877121993647	11493451
2021-07-14	-0.021876470854113733	-0.007292161002578486	-0.006076810963500376	-0.02527955791540551	-0.021876470854113733	10777955
2021-07-15	0.031187809473615498	0.0002484716607180494	0.037027781919938545	-0.009940394758682969	0.031187809473615498	19552606
2021-07-16	-0.028798651133839052	-0.006024822412937039	-0.0016869502756223776	-0.03036506881226824	-0.028798651133839052	14326204
2021-07-19	0.0049628040933698365	-0.00856071981540246	0.007940446847157497	-0.02506198573354811	0.0049628040933698365	10597650
2021-07-20	-0.023209839506172877	-0.01629629629629621	-0.006913555555555471	-0.024691358024691357	-0.023209839506172877	9979638
2021-07-21	-0.03968655056800239	-0.000758404925743037	0.014282064675857041	-0.06028823077774653	-0.03968655056800239	30830636
2021-07-22	-0.012898170061930591	-0.012898170061930591	0.010792313340656322	-0.020136956298883013	-0.012898170061930591	16669884
2021-07-23	-0.020533346666666716	-0.0025333600000000916	-0.0025333600000000916	-0.028266706666666627	-0.020533346666666716	14535705
2021-07-26	-0.02150833135731452	0.00013615573286354207	0.0014974271916338702	-0.047100449865238855	-0.02150833135731452	17131645
2021-07-27	-0.0449359367669423	0.004034516028151806	0.011129702746092264	-0.04563159622836383	-0.0449359367669423	16622204
2021-07-28	0.014420931844983814	-0.004952716534516744	0.018499577028417365	-0.03131830935707767	0.014420931844983814	16227499
2021-07-29	-0.004020649110003666	0.0067490236465970336	0.01938539660231754	-0.013928791124767194	-0.004020649110003666	14408934
2021-07-30	-0.023933159977895628	-0.0051903257613851094	-0.0051903257613851094	-0.03546711309880166	-0.023933159977895628	14476392
2021-08-02	0.0720827949224281	-0.01004431359132841	0.09896610482863101	-0.01610038476072605	0.0720827949224281	27966822
2021-08-03	0.005924496943386787	-0.0161201152901593	0.013777899868341145	-0.024249131324080155	0.005924496943386787	17218732
2021-08-04	-0.013011970606438375	-0.006848376747065422	-0.0015066428843543852	-0.020408231190022382	-0.013011970606438375	11913981
2021-08-05	0.005828545818166736	-0.011379406366344796	0.04024425590464217	-0.014571135569556817	0.005828545818166736	19169979
2021-08-06	-0.01917779997884378	-0.013521012133512141	-0.0017936671443018158	-0.022489030526116248	-0.01917779997884378	11408528
2021-08-09	0.05373481804669115	-0.011815952275479089	0.06892674462944126	-0.013222591825719032	0.05373481804669115	25311029
2021-08-10	0.029101480224190065	-0.004004845601129641	0.0381790528271765	-0.01748773101120114	0.029101480224190065	25670441
2021-08-11	-0.007134453606665067	-0.011285446168657252	0.02464654428053156	-0.014139266526878524	-0.007134453606665067	20966547
2021-08-12	-0.045727723468412286	-0.02273318496559727	-0.009014933250392881	-0.04651160116917175	-0.045727723468412286	22290594
2021-08-13	-0.0032858433285070728	-0.0020536965764828045	0.011911322399899706	-0.01588176319986634	-0.0032858433285070728	12472134
2021-08-16	0.003708749847166756	0.0013736125807576798	0.013598873065980503	-0.011263735799571429	0.003708749847166756	10124127
2021-08-17	-0.028602668673874326	0.006705871082523607	0.006705871082523607	-0.032434692760366736	-0.028602668673874326	11642432
2021-08-18	0.0	0.0002817272352045913	0.00986189025661228	-0.011693448364604828	0.0	8661672
2021-08-19	-0.0069034232078011674	0.0	0.0135249219417476	-0.013665834869012282	-0.0069034232078011674	8315307
2021-08-20	-0.019435310524480408	-0.006951312440099657	-0.003404709984528584	-0.027237878485966288	-0.019435310524480408	9776141
2021-08-23	0.010561269796241219	-0.002748885876060945	0.01736106695481475	-0.006076475430708543	0.010561269796241219	7715888
2021-08-24	0.019470308359922885	-0.0007157480519898593	0.030780272892778043	-0.0050107088048878595	0.019470308359922885	10643810
2021-08-25	-0.009549220749181483	0.0004212751077275491	0.010672686570322802	-0.014183429492816032	-0.009549220749181483	8467380
2021-08-26	-0.03204313103704992	-0.0015596342203265435	-0.0015596342203265435	-0.03232665578231475	-0.03204313103704992	10826871
2021-08-27	-0.0026366047738365112	-0.003222411156690102	0.01494073597220167	-0.006298535504549741	-0.0026366047738365112	7309512
2021-08-30	0.005874607482720379	0.0	0.011308636293648741	-0.008958628812373595	0.005874607482720379	8470388
2021-08-31	-0.013140634052872956	-0.000584041482962282	0.012264622930781708	-0.027011228705248275	-0.013140634052872956	10949121
2021-09-01	0.01671852443962265	-0.008581062795150916	0.023820107934316152	-0.030921676633920786	0.01671852443962265	14878945
2021-09-02	-0.016298064372845353	0.0001455471457283603	0.005675203642677488	-0.01804420811926356	-0.016298064372845353	8995034
2021-09-03	0.0041419971639644676	-0.0090236689060257	0.014053328818145888	-0.019230695835227622	0.0041419971639644676	8809564
2021-09-06	0.040365440793994053	0.006923998538184914	0.04964648127488864	-0.009722982162182574	0.040365440793994053	18282059
2021-09-07	-0.010478702471876048	-0.00014163125991371124	0.0	-0.01600120294529012	-0.010478702471876048	10687081
2021-09-08	-0.010303277488692541	0.0	0.006010389496725376	-0.012592974209772834	-0.010303277488692541	8757360
2021-09-09	0.0007228889113423934	-0.0013013880103304725	0.009976777907647297	-0.011567422697083763	0.0007228889113423934	8446751
2021-09-10	-0.008380320883980844	-0.0010114145500853596	0.009536252124494334	-0.01213691680590834	-0.008380320883980844	8499130
2021-09-13	-0.02127348191491246	-0.003351231386473795	-0.003351231386473795	-0.023604765711996212	-0.02127348191491246	8749473
2021-09-14	-0.006401667601657615	0.00014890576593436946	0.015185410605490862	-0.013398854053859032	-0.006401667601657615	8899682
2021-09-15	0.007641624442362136	-0.006592673257197223	0.013934672278533884	-0.014534028005215048	0.007641624442362136	9660950
2021-09-16	0.014275078066914443	-0.0037174721189591076	0.02721192565055752	-0.014126349442379126	0.014275078066914443	13562754
2021-09-17	0.001319513287194265	-0.005277833239669113	0.015833485058400418	-0.020231593904582863	0.001319513287194265	11043044
2021-09-22	-0.01932649988316995	-0.01713039456235457	-0.004538872421425865	-0.0216691498534782	-0.01932649988316995	6301603
2021-09-23	0.002836592885790261	-0.00044798445291201617	0.016721333977844147	-0.0011944012603283367	0.002836592885790261	6226699
2021-09-24	0.03841003538514313	0.0019354623175662	0.06773862044777773	0.00014890576593436946	0.03841003538514313	20983711
2021-09-27	0.05017921146953405	-0.009319025089605745	0.08387093906810035	-0.009319025089605745	0.05017921146953405	28290094
2021-09-28	-0.032901078498293525	-0.010511904436860117	-0.010238907849829351	-0.041365174061433495	-0.032901078498293525	14377902
2021-09-29	-0.02315074947209205	-0.010446048020669	-0.0004234613451983564	-0.030208909102705246	-0.02315074947209205	10736131
2021-09-30	0.0031792053401391122	0.009248540863376094	0.0244219952784103	-0.001011560737495309	0.0031792053401391122	9300745
2021-10-08	0.04033424201481523	0.008354969990059538	0.043071248720001315	0.0	0.04033424201481523	15710366
2021-10-11	-0.020354486010045837	0.0001384934901897892	0.01772360817330927	-0.021323746589258417	-0.020354486010045837	14409169
2021-10-12	0.007491151943462949	-0.007208508833922263	0.01908124381625441	-0.02756179505300348	0.007491151943462949	14498423
2021-10-13	0.029461251816235285	-0.0037878367534769967	0.052048247082607225	-0.010101024271900039	0.029461251816235285	22143730
2021-10-14	-0.02452977750871276	-0.01594437241527833	0.01171982877023008	-0.02575632430183941	-0.02452977750871276	16137773
2021-10-15	-0.05057282619243287	0.0018161078006117273	0.0032131320700438076	-0.05224931399135745	-0.05057282619243287	28559552
2021-10-18	-0.07577984219805531	-0.017068805430676837	-0.014861712990902195	-0.09579161412289008	-0.07577984219805531	40151418
2021-10-19	-0.00573157131457456	-0.01257763075023668	0.007642095086099376	-0.019264495792636595	-0.00573157131457456	16897154
2021-10-20	-0.008486837334077875	0.00016009607429795012	0.009607653969453088	-0.00992792618209886	-0.008486837334077875	13173367
2021-10-21	0.005813969826032567	0.0016150194320097278	0.016795882325448454	-0.024547739810973492	0.005813969826032567	21774181
2021-10-22	0.015414306605881617	-0.0046563423997485875	0.033558189363490525	-0.006743705952853334	0.015414306605881617	20348701
2021-10-25	-0.012017741555416146	0.00015809613668265002	0.005692536189356895	-0.018817251144299416	-0.012017741555416146	10900041
2021-10-26	-0.009443037772086969	0.0043213828425096535	0.004801520486555693	-0.010083258642765646	-0.009443037772086969	11465730
2021-10-27	-0.038132170595123235	-0.020035498788746182	-0.015996073937567884	-0.04411050321716771	-0.038132170595123235	20253772
2021-10-28	0.002855736651364697	-0.005543389980570909	0.017638216321824628	-0.005543389980570909	0.002855736651364697	11483383
2021-10-29	0.01976549380627313	-0.00653266320715808	0.03266333278620884	-0.00653266320715808	0.01976549380627313	16110301
2021-11-01	-0.00952697093418248	-0.030880436417864053	0.006898784380768976	-0.049934312583207685	-0.00952697093418248	19327106
2021-11-02	0.06135988493134138	-0.00033167496404109604	0.07462693324422781	-0.010281907301524167	0.06135988493134138	46072161
2021-11-03	0.0031249531249999407	0.0	0.02421879687500006	-0.024375015624999996	0.0031249531249999407	34379109
2021-11-04	0.07102811858386854	0.011526558171023134	0.09750782387108212	0.0026480686595670836	0.07102811858386854	55036306
2021-11-05	-0.02370571484276567	-0.011052966519692656	0.0177428877910736	-0.02414200046125654	-0.02370571484276567	31115627
2021-11-08	-0.013853717288263945	0.0011917474091350435	0.01266208905089022	-0.02428120174055725	-0.013853717288263945	22247719
2021-11-09	-0.008761239067729855	0.016918475086939912	0.016918475086939912	-0.01812684372176023	-0.008761239067729855	18405405
2021-11-10	-0.010667555135588614	0.0	0.0091435228980407	-0.022401721011807884	-0.010667555135588614	16762351
2021-11-11	-0.008780037239064722	0.004312985345439928	0.012939063861338893	-0.020332717816781313	-0.008780037239064722	19433827
2021-11-12	-0.008080746171895747	0.00031087802054007225	0.009790287794569892	-0.009168609453569778	-0.008080746171895747	14122658
2021-11-15	0.03164649752008466	-0.0036033838758144014	0.04919315214810734	-0.005013379131650306	0.03164649752008466	29084223
2021-11-16	0.0037965073286714453	-0.00485951419467007	0.01260443470324794	-0.01746394889791801	0.0037965073286714453	20009431
2021-11-17	-0.017095265267632883	-0.0001513161921729569	-0.0001513161921729569	-0.02193640005859	-0.017095265267632883	13902833
2021-11-18	-0.006618439177798268	-0.0038479297545339426	0.009850700171606903	-0.013544789694554523	-0.006618439177798268	9534420
2021-11-19	0.001394422042230822	-0.0017043848511870475	0.0071273472710357754	-0.006352711398315607	0.001394422042230822	9454186
2021-11-22	0.0054155348328423	-0.0026303265958685833	0.012687606963682718	-0.005105895332162854	0.0054155348328423	12276401
2021-11-23	-0.002924007251892443	0.003077823803732518	0.009541319965774748	-0.0073869341003261636	-0.002924007251892443	11121289
2021-11-24	-0.03982099027904013	-0.002160811820330163	0.00787161586862763	-0.040284009256304903	-0.03982099027904013	23378527
2021-11-25	0.0014467127704020104	0.0009644912548543804	0.004340154385792443	-0.009805513740644875	0.0014467127704020104	10734392
2021-11-26	-0.013322600534873143	-0.004815393335720594	-0.0016051043596324835	-0.015569775530815006	-0.013322600534873143	9374280
2021-11-29	0.009272815856957497	-0.015780071322920645	0.013990580543507667	-0.01903370718995114	0.009272815856957497	11286657
2021-11-30	-0.008381705216284466	0.0	0.008220470531584987	-0.01547387144626249	-0.008381705216284466	11755566
2021-12-01	-0.005201544213264024	0.002925894018205416	0.0060142880364109225	-0.014141710013003942	-0.005201544213264024	10652040
2021-12-02	-0.005065392074094855	0.0016339542216674042	0.009967320098573191	-0.008169934507027214	-0.005065392074094855	10158842
2021-12-03	0.020528822803889353	0.004270044412383675	0.02266383679855209	0.0	0.020528822803889353	12634565
2021-12-06	-0.01528805946713972	0.00032186997621280126	0.0012874477194632775	-0.018345655267873483	-0.01528805946713972	11164929
2021-12-07	0.033829041245776174	0.005883314363185386	0.03905871938321163	0.0013074195343589215	0.033829041245776174	24366932
2021-12-08	0.005690815861233459	0.001422700013363837	0.009168542812789851	-0.012646206533234472	0.005690815861233459	17609891
2021-12-09	0.01776172615155181	0.0001572147148257589	0.03740963592281729	-0.004872650186618208	0.01776172615155181	30821210
2021-12-10	-0.007567536679536678	-0.011583011583011582	0.012818563706563603	-0.014362934362934359	-0.007567536679536678	23323198
2021-12-13	0.0037347960244383423	0.011515685916100655	0.025210005440087023	0.0007780267420469897	0.0037347960244383423	17821371
2021-12-14	-0.002325612403100785	-0.007751937984496124	0.008527178294573702	-0.015038775193798502	-0.002325612403100785	13325160
2021-12-15	-0.023776193435157512	-0.0007769231010698023	0.0010878011216100953	-0.025640979817901456	-0.023776193435157512	14847897
2021-12-16	0.008914374403056348	-0.0007959248646927277	0.010824578159821708	-0.009551082457815932	0.008914374403056348	10964788
2021-12-17	-0.01877567026229614	-0.00362888918225166	-0.001577816320955935	-0.01877567026229614	-0.01877567026229614	8511736
2021-12-20	-0.011416610571098471	0.00016082971797442972	0.009808651066226894	-0.012059816884705208	-0.011416610571098471	9620138
2021-12-21	0.006994144437215351	-0.004229001301236068	0.006994144437215351	-0.004229001301236068	0.006994144437215351	9078072
2021-12-22	-0.0017767888870941191	-0.0017767888870941191	0.01049912776611215	-0.004199612340494201	-0.0017767888870941191	7873946
2021-12-23	0.005663479056043366	-0.001779935303882439	0.007443349635005712	-0.00355982206407478	0.005663479056043366	7414784
2021-12-24	0.022687030645630536	0.0016089782265815433	0.035559113899948	-0.0030571680432125692	0.022687030645630536	19761084
2021-12-27	0.017306528991401383	0.0069225769835969675	0.019509156395387785	-0.00896788846809494	0.017306528991401383	16752187
2021-12-28	-0.01330041674603053	-0.005567599408128661	0.004639575957959971	-0.01886800068864828	-0.01330041674603053	12243664
2021-12-29	-0.02068963982272167	-0.0029780251250474594	0.006896536158252922	-0.022570501921167784	-0.02068963982272167	11809828
2021-12-30	0.00672218309859161	-0.0059218790012804095	0.011043501920614643	-0.006081978233034532	0.00672218309859161	7270002
2021-12-31	0.00047691572410441386	-0.00476953879906079	0.00476945930780733	-0.009379983803498144	0.00047691572410441386	7352321
