2018-10-08	-0.048447879646523036	0.02028227413908885	0.033590204580879975	-0.011755672079124216	-0.0028836034436052664	22330159
2018-10-09	0.025210134961575183	0.07481939537757223	0.09657477591051594	0.06756765366511612	0.07430141012678777	25560416
2018-10-10	-0.008196636413265535	0.03828434997207238	0.054957530126036665	0.02615840076918942	0.03929489626376768	16678697
2018-10-11	-0.10014582246032666	-0.00917135399911407	0.002545334228899758	-0.057057208507269495	-0.057057208507269495	26345071
2018-10-12	-0.02863327451180981	0.029202109649199948	0.04109052625119237	-0.044393257333532055	0.017879754207514618	25630670
2018-10-15	-0.003893314907357846	0.049632523711729146	0.08285243145829672	0.04263880064243801	0.04380446972110314	18124903
2018-10-16	-0.015075256633630796	0.04788421294856071	0.05666040412991595	0.0063433562590428485	0.032086904998793825	15237835
2018-10-17	0.036848154764638215	0.07045755169487238	0.08709057300547242	0.04134971984842749	0.08649665321624685	21187142
2018-10-18	0.0005465726286738911	0.03527960169178545	0.07653042341274212	0.008925003933145745	0.04845687192474108	28499520
2018-10-19	0.05956288227015469	0.030133140843307378	0.149809531302591	0.022116540525460797	0.11029908676034411	37276609
2018-10-22	0.05054157614096966	0.05707131567663868	0.12678619931718385	0.04842456914884237	0.10084585164878805	42542450
2018-10-23	-0.036327934321074326	0.03913890781259059	0.047369710635323845	0.004157944373456593	0.009816569871568162	28791970
2018-10-24	-0.007131910830242339	0.0430797799048396	0.06443248669139168	0.02599750771206401	0.04041063817475352	16831137
2018-10-25	0.0328372130133759	0.008635446352906622	0.09465984522284776	-0.002655302707304392	0.08229373808361214	27489341
2018-10-26	-0.022851371499777996	0.061939273939624895	0.06974759889804014	0.02081520705369216	0.023938505803550246	17946313
2018-10-29	0.0015252653538726825	0.04308950539018367	0.07611895056032776	0.037762184116485194	0.04948234419183482	14090074
2018-10-30	0.0035531777986255067	0.05054359380910144	0.05639477587809362	0.014904899740640696	0.05160743542308532	14990826
2018-10-31	0.04299462700996858	0.07120571338010745	0.11042859361442645	0.07120571338010745	0.09293735645922235	36302401
2018-11-01	-0.016003911422402404	0.042293855517642455	0.05398218251759635	0.02908096412638996	0.03111376746693415	23134078
2018-11-02	0.024149671088902237	0.06286110744859563	0.07680534938305258	0.054081399563937746	0.07319022719353377	23093759
2018-11-05	-0.029836306683508843	0.06351665371771686	0.07360221058164278	0.00955919428301049	0.016619048788486118	35932996
2018-11-06	-0.052579504822813386	0.0364488478213524	0.03696863157052148	-0.01760871407059808	-0.0072130390872180185	31933601
2018-11-07	-0.0020941773574172204	0.050627345223801294	0.059405377840431366	0.042946518679084375	0.045689616153436564	14214229
2018-11-08	-0.010493080611097856	0.056130798370050895	0.0649274172559136	0.0335897442382042	0.03688854504312879	13299573
2018-11-09	-0.002120881700505714	0.03788300758271324	0.06066309500824389	0.032326888698437396	0.04566157402069935	8921231
2018-11-12	0.024442089458448352	0.05400873262660364	0.07349653560748282	0.04287287702568869	0.07349653560748282	13534505
2018-11-13	-0.0025934042115263217	0.029404777427100046	0.048970967580110186	0.024513148362602443	0.045166463820310025	18105494
2018-11-14	0.0015600557716259418	0.0506087127390168	0.06641138184082877	0.04679415323203569	0.04951881524038648	17693577
2018-11-15	0.026479692812190016	0.04788405766822636	0.07563176636037554	0.04679591222931837	0.07563176636037554	23383519
2018-11-16	-0.004552332986512115	0.047354079354032866	0.056894807169711126	0.04099357647566417	0.04311377943761968	19726984
2018-11-19	0.0010163623800450918	0.04735163534613176	0.05693594110933986	0.03404009956389826	0.04894907288614283	14557350
2018-11-20	-0.0416244521016217	0.03511783721425418	0.0393733100543512	0.004266430408721166	0.004266430408721166	18514744
2018-11-21	0.009004199306664747	0.03289850954029637	0.05842952813024844	0.027348220539638174	0.05731942592824877	11082458
2018-11-22	-0.007348940627655512	0.05063447595975062	0.05063447595975062	0.03798291162277315	0.04018313824077921	6845097
2018-11-23	-0.04970932164003443	0.05010060184891947	0.05619606147460384	-0.006422015959200978	-0.0042055002992093665	13870978
2018-11-26	-0.0027823453035487264	0.04788410785987783	0.05721418390816145	0.0414697972026334	0.04496851740776452	5615611
2018-11-27	0.01339291770694905	0.0613334980008336	0.07419820493712458	0.05840971425978463	0.061918254749043514	7669245
2018-11-28	0.009361193507596666	0.04442185826075948	0.058847574535079356	0.03403534254324918	0.05769351723313359	7446788
2018-11-29	-0.036552174422333224	0.05760258187659059	0.06046091006530666	0.00901003081739581	0.009581707888680542	9168509
2018-11-30	-0.003397316372246298	0.044323956886509655	0.05263107927083399	0.020589380839313744	0.044323956886509655	9701286
2018-12-03	0.05681805394494658	0.07943948687504515	0.11039975403305807	0.07467637801056007	0.10742281099275514	19157882
2018-12-04	-0.006451754656534944	0.04225029161881472	0.04506712796101195	0.030982664560757697	0.041123534546794405	10049611
2018-12-05	-0.016233643253031834	0.02690391718176313	0.03540941426447165	0.022934658748109606	0.03087311891172468	8444468
2018-12-06	-0.013751317276190566	0.04846054701970642	0.054224485938784664	0.03347424819071407	0.03347424819071407	9112689
2018-12-07	0.0	0.047884034011054545	0.06015701779567737	0.047299603428784136	0.047884034011054545	4528365
2018-12-10	-0.026770836352891327	0.039117633720054806	0.04320858935289043	0.014571549264692786	0.01983142450512752	8361819
2018-12-11	0.008596132557038377	0.047884159865678615	0.05809277287247234	0.047884159865678615	0.05689169952689085	4956835
2018-12-12	0.0011362396196228555	0.0520516704431174	0.061577888172087134	0.04847939833361441	0.04907478694167491	5368545
2018-12-13	0.010783095905122298	0.05383114924040005	0.0686989710337365	0.04609994137915218	0.05918356508600116	8553750
2018-12-14	-0.02638944236381027	0.04553071509770475	0.04611914237298281	0.017289088889703486	0.020230872245030992	8020920
2018-12-17	0.006920264250466247	0.038819265642447746	0.05815731723338835	0.038819265642447746	0.055135676798266225	4887397
2018-12-18	-0.0011454105437064244	0.04488328875724797	0.05208530136690661	0.03648101073162963	0.046683836921866284	4722384
2018-12-19	-0.005733860407786888	0.04968652705334348	0.05749764932092127	0.04007291205951691	0.041875524955953015	5419508
2018-12-20	0.005190228403649859	0.04546662078699596	0.05634436923127511	0.04184078521436961	0.05332278922775311	4386113
2018-12-21	0.015490647800345226	0.04487799335318085	0.06652109715802774	0.041872075183124045	0.06411637464589573	8926382
2018-12-24	0.03389803817186528	0.04788397308323687	0.08636552653739385	0.04788397308323687	0.08340534328440213	18081025
2018-12-25	0.00765047072904454	0.03643189823590143	0.06391738503994725	0.02039869760020786	0.05590084198353137	18955488
2018-12-26	-0.01952286273720013	0.048452302639803914	0.05072531301271866	0.027426374216871458	0.027426374216871458	12133048
2018-12-27	-0.023230164084851623	0.06527147007528826	0.06932865927579959	0.022962049498959972	0.023541631396693182	11618207
2018-12-28	-0.007927368218183824	0.05322444515542869	0.06153150820316471	0.03839029804056349	0.03957702980975269	9291912
2019-01-02	0.0034245829756651604	0.053865124889589215	0.0610423526957412	0.04429528844561951	0.051472635873231684	5567585
2019-01-03	-0.03299213520684839	0.050268393628888526	0.06874638076161134	0.010927916841636794	0.01331224054363598	12726409
2019-01-04	-0.004117506772876073	0.02199527379580067	0.04665137207796729	-0.0008116787554489386	0.04356935979269643	19759379
2019-01-07	0.01890115402174551	0.052216686324550135	0.07387997104299684	0.04107556846934904	0.06769046112344058	13529800
2019-01-08	-0.013333096825354196	0.04484695483624997	0.04484695483624997	0.03391244984886767	0.03391244984886767	8097526
2019-01-09	0.004700209133509554	0.047883988529672135	0.06758568514127586	0.047883988529672135	0.05280941268257317	10498306
2019-01-10	-0.012865566024728391	0.035015324233123334	0.045432885839825195	0.03011294230055791	0.034402526491552766	9590709
2019-01-11	0.06812811750208742	0.04415950436566686	0.13913953062485065	0.04415950436566686	0.11927448917196647	30838185
2019-01-14	-0.027731498976351687	0.051952382939494376	0.05602070707240956	0.017662222390637937	0.018824658833244	20107525
2019-01-15	0.00513397403100781	0.04788405441560562	0.05505718798506853	0.03533090628336479	0.0532639494251612	11270895
2019-01-16	0.0005674750222080486	0.050857644353019954	0.06929374337675706	0.04728942659390631	0.04847873339479894	12354789
2019-01-17	-0.02552462709024797	0.052044833274381176	0.052044833274381176	0.019948492601123625	0.021137243758001367	10644019
2019-01-18	0.009895246357367602	0.05032381021391779	0.06496247043981784	0.04361454626588205	0.05825314549736464	8390280
2019-01-21	0.008645436193070346	0.05150788102438968	0.0708348495440798	0.04667613889446705	0.05694359092055252	9988527
2019-01-22	0.01142882360510591	0.04369263844600809	0.07662614109347253	0.04309384748878158	0.059860054170222735	14665523
2019-01-23	0.0033896380502397815	0.041963665779734705	0.05262017156405374	0.03545139286861119	0.051436062741368666	9767013
2019-01-24	0.0	0.040803757797399455	0.06204471102028921	0.03431360256835441	0.04788411487335212	12748191
2019-01-25	-0.029279097620730863	0.04788411487335212	0.052604313588997746	0.015432689700803675	0.017202823221654687	11914841
2019-01-28	0.0023200538967302455	0.052746489163397324	0.06733413954750397	0.04970738267043135	0.05031526475115434	8186484
2019-01-29	-0.03125004927116868	0.047884117121903935	0.047884117121903935	0.001190148871093061	0.01513767971545092	9571394
2019-01-30	0.0017921697767563334	0.05038807705691534	0.07417510894645768	0.047258133605724784	0.04976203828858361	7850377
2019-01-31	-0.00298156442652975	0.06600482301600771	0.06787945446793815	0.03851126981489673	0.04475970806462686	7709635
2019-02-01	0.023325386252149066	0.057911640933236114	0.0723264399647956	0.053524566332975365	0.0723264399647956	6723294
2019-02-11	0.06253650905289766	0.052171153337593465	0.11953956549373462	0.052171153337593465	0.11341510871230787	24309831
2019-02-12	0.0610561369032329	0.04788409548840947	0.12973202813931944	0.040390917254218665	0.11186387512956626	47890744
2019-02-13	0.029030625756273173	0.03593307991813572	0.12447906608487097	0.03376022793787105	0.07830475282511773	51720674
2019-02-14	0.009067971300752915	0.06319310797439215	0.07427908746563901	0.03785389973338878	0.05738629956834564	31206841
2019-02-15	0.09985027238184635	0.050499850638591935	0.15251557570059918	0.050499850638591935	0.15251557570059918	43951342
2019-02-18	0.03177466888077938	0.08974229996700328	0.10353655386192824	0.026479215769879032	0.08118037879746769	61045634
2019-02-19	-0.03211596818783986	0.03681987566644144	0.0395859119367888	0.0008607587327065091	0.014230202964060173	41740417
2019-02-20	0.034545449349335615	0.07169955831688878	0.10742287692745173	0.045026194718759856	0.084083642101884	41642204
2019-02-21	-0.023725871330984465	0.034532198285254743	0.06261700930310127	0.01749722294621063	0.02302204870441526	33450677
2019-02-22	0.08325830257119242	0.038452157348987215	0.15210654877546584	0.033264612512094026	0.1351291293092699	37715978
2019-02-25	0.06979639355478588	0.07922922226975261	0.15280309208955054	0.067039417942405	0.12102264430913616	40403815
2019-02-26	-0.04116495738794515	0.04910498895387709	0.05317436042851019	0.0002715138950653422	0.004747952739653282	30343566
2019-02-27	-0.04819774135794903	0.03557593810447492	0.06995362147696213	-0.023842353426109648	-0.0026215350223294243	32977601
2019-02-28	0.030638214041611336	0.05501864252722177	0.10273081275140299	0.05234319372960419	0.07998945338083982	21959301
2019-03-01	0.019405629872504774	0.055671941464202276	0.07600664917568246	0.022357660701932843	0.06821890534520884	17344228
2019-03-04	-0.006480371082509695	0.05255255038586234	0.07377336878964257	0.029634108951416584	0.04109339333109459	26010819
2019-03-05	0.00856090920962766	0.046602474193880146	0.06027238406090227	0.03763163856211523	0.05685490659414666	18012192
2019-03-06	0.04284549741497926	0.041954245332447425	0.12708957358742562	0.041954245332447425	0.09278123933426408	26493699
2019-03-07	-0.008139419931942742	0.03976103042267676	0.06900430940331449	0.007268457606302791	0.03935487377016784	22230921
2019-03-08	-0.04572103574185465	0.01553431787478469	0.04337965575924074	-0.013129917433371155	-2.6248287258230254e-05	18184158
2019-03-11	0.044225986976371284	0.04402211730603329	0.09723162924435977	0.029861521386962624	0.09422786647364778	20211227
2019-03-12	0.07843145795903149	0.05445911486828032	0.1456866355443703	0.052404481147146305	0.1300711480466761	31611336
2019-03-13	0.0007272696511701185	0.02959373229671304	0.07570063148542598	0.013970771502933648	0.048646169977999365	22697363
2019-03-14	-0.017078454265895347	0.035699415214431415	0.08024971930452622	0.004476049014016092	0.02998776161261736	15971322
2019-03-15	0.0003695679754240264	0.06531649100243372	0.09553277930419328	0.030064199845625906	0.04827138840761334	11394605
2019-03-18	0.010347449499902614	0.032007129949447134	0.06414844018802286	0.022326012407707478	0.05872701436464863	9211737
2019-03-19	0.00731533476792009	0.04635093339106015	0.08927819107150632	0.037152243529794855	0.055549699908074374	11075667
2019-03-20	-0.027596296319689764	0.03494723709810849	0.04331809551147209	0.01135649083497172	0.01896643475985831	9167109
2019-03-21	0.009708814603200411	0.047101530227759154	0.08231794940582274	0.03418884319580241	0.05805778865695577	10239799
2019-03-22	0.04474856247283893	0.05408457369759911	0.10330094322739451	0.0486590610850514	0.09477529824198075	16663550
2019-03-25	-0.05097356583721607	0.02340245819119046	0.03601415937948349	-0.008868696648562794	-0.005530305157544056	12539589
2019-03-26	-0.056695182195428635	0.053746918591402904	0.06703601227130537	-0.018952201866023265	-0.011525904547566992	12966440
2019-03-27	0.017793601236412004	0.058242753585656906	0.08103180736170638	0.030481492147084847	0.06652965586394484	9488093
2019-03-28	0.0	0.03444961479270272	0.07678840400301463	0.027935961177321663	0.04788402537442606	7318248
2019-03-29	0.03884995420290847	0.03811354495135455	0.10121452364002334	0.03811354495135455	0.08859436047055762	9016650
2019-04-01	0.07068056702835394	0.06669425755196644	0.12939491668047715	0.06003231668327514	0.12194917887464073	15436524
2019-04-02	-0.014669865976968906	0.05630241754161759	0.08704718538604554	0.023727530790335988	0.032511750174458204	15761742
2019-04-03	-0.0038992358209504847	0.04788406902647747	0.05717052866997548	0.03674035460011843	0.04379806392917697	8197061
2019-04-04	-0.002847037462226333	0.04788401080029073	0.057952684494243976	0.03483207472270698	0.04490071112541439	7724787
2019-04-08	0.01498926741571556	0.04900597050838352	0.06620895848138947	0.028437262653041345	0.063591155574173	11768037
2019-04-09	0.007735588037997651	0.03535665605002382	0.060780041389211406	0.032040567116055775	0.05599009830582496	8207773
2019-04-10	-0.0034891688600873563	0.03837782276521259	0.06616539830400002	0.020462149062573407	0.04422780210551589	7893370
2019-04-11	-0.02170862856592921	0.03650999124084843	0.04384815176326121	-0.004583538907814931	0.025135935992187435	8606106
2019-04-12	-0.0003579832860622592	0.047508976398081285	0.055384946234623374	0.040758112962647905	0.047508976398081285	2919380
2019-04-15	-0.008234875811477074	0.061765808145814984	0.07189576715977745	0.032876847805545624	0.039254946525082345	5248776
2019-04-16	0.0472924849951129	0.041831382131518054	0.10046745845092235	0.02367302596130979	0.0974410783658047	8965063
2019-04-17	0.0999654642561554	0.05294104494591728	0.15263632055657708	0.05294104494591728	0.15263632055657708	20999988
2019-04-18	-0.0034472135855432226	0.07382673513893621	0.14738544050587937	0.04427180609540152	0.04427180609540152	29001194
2019-04-19	-0.03584903838673034	0.01427277484690591	0.03239652383226244	-0.023951928876216486	0.010318462199079744	17152259
2019-04-22	-0.001956904758169639	0.04241568933360281	0.06873241329382818	0.02054208281695311	0.04583344569207369	9166240
2019-04-23	0.009477083940033099	0.04308977996626499	0.09411426812627102	0.030761766505132782	0.05781494805919545	11089216
2019-04-24	0.014891555869065197	0.06484560535422977	0.07536182956153295	0.030922520318316583	0.06348871587587834	7416761
2019-04-25	-0.023923411070957298	0.03919350561884807	0.06292545640031723	0.022815093983169908	0.022815093983169908	7165739
2019-04-26	-0.0411764669623389	0.030761766505132782	0.053705633068536006	0.0033660706923130325	0.004735888015302135	7427604
2019-05-06	-0.09952291274908098	-0.017831922184001793	0.010740204364533497	-0.05640434124004821	-0.05640434124004821	9818429
2019-05-07	0.017032678477137964	0.05700652341590715	0.07842433128274068	0.035588794874141134	0.06573232049500745	5444559
2019-05-08	-0.0022330809923082075	0.02565494603007374	0.07050305569138884	0.022535082957744187	0.04554407311617512	4222199
2019-05-09	-0.04252142573214113	0.03654930703239287	0.06000068790602566	0.002935717136168992	0.0033265728326367728	3818075
2019-05-10	0.03817690373639465	0.07360150947561538	0.09931900188202754	-0.02028755866436461	0.0878890233997784	7892059
2019-05-13	-0.07692306482454551	0.032155963838445246	0.054175251746771604	-0.0421592262376956	-0.03272241103139983	9702106
2019-05-14	0.0028455163342120367	0.04362434975813473	0.07216428095560216	0.030845318684539207	0.050865824838089206	7454750
2019-05-15	0.017430087932635986	0.05807830467566537	0.07039640047792341	0.02622127021132378	0.06614875340663195	6401396
2019-05-16	-0.04103589057118114	0.04078681980636102	0.04078681980636102	-0.009728747492175477	0.00488322313434057	10208125
2019-05-17	-0.04694638220524786	0.05702644368343568	0.060509232481289386	-0.003922447348722613	-0.0013102686806125675	7194564
2019-05-20	-0.009154459434119864	0.048340892122072536	0.0574767143855888	-0.04073386600011377	0.03829139170559116	9516365
2019-05-21	0.03915550951974909	0.06862982294122338	0.11934137919079921	0.06724678175536325	0.08891447310187739	8166531
2019-05-22	-0.0012701489747661686	0.06163691813324219	0.06873520091223587	0.0163853654171575	0.04655306722788063	5330743
2019-05-23	-0.04620600014223505	0.04166518412619605	0.04166518412619605	-0.0071976173808912525	-0.0005345141418368946	4624622
2019-05-24	0.005777613303972687	0.04974696628263199	0.0660472911453056	0.0292549656429105	0.05393840919656557	4153123
2019-05-27	0.04684065464654454	0.04881028795375864	0.09835668792286402	0.03491876096099376	0.09696762783376735	4890246
2019-05-28	0.03081460176161283	0.04788405280663052	0.09211723172488513	0.041691319291717086	0.0801742291837776	7720787
2019-05-29	-0.004504485561856296	0.047454989043989905	0.06719404444813667	0.03629815589563108	0.043163856460647555	4826795
2019-05-30	-0.01727676782376042	0.04831512870029481	0.04831512870029481	0.015124187194770286	0.02977990856640269	3188127
2019-05-31	0.05441601521164391	0.05972697555631836	0.14920727728901145	0.05183165868545177	0.10490577706914875	7108735
2019-06-03	0.004366710499752465	0.055371957449500894	0.0844913616955904	0.027500487854715944	0.05245992966655447	5918217
2019-06-04	-0.005928787780262398	0.054096957863873696	0.07687700697774887	0.024689890485750203	0.04167141251886086	4704977
2019-06-05	0.02107355329705164	0.053717288620945394	0.08329966076887779	0.053717288620945394	0.06996674186710698	4589213
2019-06-06	-0.019470323151052706	0.039314913941090185	0.05400491877123184	0.02421693616561837	0.027481372615548557	3022915
2019-06-10	0.026337095630902183	0.03539925317248139	0.06744340479572143	0.012510644782842188	0.05412637206532646	3933270
2019-06-11	0.021713274150552533	0.01693921489129867	0.05343224891849847	0.011262561257105431	0.049377426812105184	5909421
2019-06-12	0.0	0.01913905846869837	0.04691928906795975	0.011995560395319654	0.027076238864129954	4628035
2019-06-13	-0.008500683335119856	0.01596417043608567	0.04572874574183036	0.01596417043608567	0.018345336460545196	3896595
2019-06-14	-0.03000783595888186	0.029477726956319065	0.03588194323614906	-0.004144408512788374	-0.0037441449952990793	5238153
2019-06-17	0.008437127935033387	0.0398683015101322	0.052247644296060575	0.03285331721482506	0.035741798895338114	3652669
2019-06-18	0.008366538380344903	0.041398046337341794	0.041398046337341794	0.027076225382752648	0.03566925248451171	1895507
2019-06-19	0.09996052797155452	0.06725024020232795	0.12974326300289252	0.06725024020232795	0.12974326300289252	12223860
2019-06-20	-0.015086251341996431	0.026707264213983586	0.03224107986731092	-0.0072334717930901855	0.011581501428222543	8714875
2019-06-21	0.017870190000113136	0.04692858134402555	0.07127571932606126	0.01883568660645401	0.04543025616749541	6424222
2019-06-24	-0.007524115223157219	0.016404368477849825	0.02413224296185074	-0.0064114063970545565	0.01934833468111788	5114284
2019-06-25	-0.013357440330491636	0.02707617415844551	0.02707617415844551	-0.0174181360066086	0.013357069544882465	4914826
2019-06-26	0.051957540302499286	0.021814940189066177	0.11501464363350324	0.019560032583832123	0.08044054615649532	8245980
2019-06-27	0.029565254544669267	0.04672457185301803	0.08173454485216729	0.03743630207414737	0.057441924378541294	8747778
2019-06-28	-0.008108141681269559	0.014931674799652518	0.031239943935521347	0.0020931881464031276	0.018748546565793955	5379468
2019-07-01	0.08923703911005391	0.07710071363604568	0.1264255579654377	0.05716081298537756	0.1187294479815295	10749140
2019-07-02	-0.020325189413342867	0.021295259359223922	0.02354345788104347	-0.017886477568597844	0.006200675532237724	5967601
2019-07-03	-0.022342824723759837	0.009045843265615703	0.020847483086353074	-0.008328922445945457	0.004128400456516185	3236839
2019-07-04	-0.022200438534384016	0.029423470230666986	0.03780639723961616	-0.003772987788187844	0.004274689203819454	3550354
2019-07-05	0.01936565030589721	0.038049966725474615	0.06376973795256764	0.02776202394160916	0.04696618837722846	4215445
2019-07-08	-0.023583424639271065	0.04019635623791667	0.04019635623791667	-0.006228932617580429	0.0028542153705025633	3113672
2019-07-09	0.012411945699262161	0.021218995114962284	0.04361421818034485	0.01570637623803864	0.039824234561194216	2554628
2019-07-10	-0.014579173385371859	0.046474280112476125	0.046474280112476125	0.00733784362046487	0.012102279367318319	3352870
2019-07-11	0.024546050622631363	0.03329253347373966	0.06541024925350494	0.03329253347373966	0.05228684698035807	4765634
2019-07-12	-0.0006563917022624162	0.03516605146025997	0.03516605146025997	0.007525667551507208	0.0264020947096406	2578118
2019-07-15	0.027914650066866213	0.01729454697742093	0.07699651475427884	0.003127978352403736	0.055746628086827836	4887045
2019-07-16	0.021086202307692554	0.02215409903317999	0.09270402811077996	0.021497787503974224	0.0487333541876833	6952739
2019-07-17	0.020024998187512508	0.020648988786229852	0.07656615630789353	0.020648988786229852	0.0476434191792542	5377565
2019-07-18	-0.034662501315744644	0.015419281996174927	0.026446237613215847	-0.017031256168168068	-0.008524859168465793	4345251
2019-07-19	0.006673025379095443	0.03784627309554798	0.053511877710373905	0.021527934955104203	0.03392990457851775	2826549
2019-07-22	-0.0022096079023139286	0.04393480543049681	0.04879775835432304	-0.011503999096899222	0.024806808036832356	3706207
2019-07-23	0.041126198001058184	0.03389955850994216	0.07418983149711646	0.01440424835892008	0.06931597959026375	5436655
2019-07-24	0.04010940250066063	0.03550257078025215	0.09074188921857698	0.03550257078025215	0.06827163947582966	8154460
2019-07-25	0.04060761745500295	0.02557596832464523	0.08168556560934734	0.01957493866797665	0.0687833518475101	8565795
2019-07-26	0.008141554522308896	0.02765291823305184	0.05014361046255664	0.009775707247395701	0.0354381966663042	4771880
2019-07-29	0.00306323832006143	0.02679024301063344	0.05710763901580763	0.009915389628549572	0.03022235355984156	6595359
2019-07-30	-0.02665185684793645	0.0324938159435584	0.03506008067709006	-0.004004142863729675	-0.00029728751235342783	5774812
2019-07-31	0.005134150473104112	0.01067107534084159	0.05344147416190121	0.01008517906528159	0.03234929612618566	4675029
2019-08-01	-0.006810557770799583	0.021538461448783956	0.03989995276440982	0.00667447893449173	0.02008123169154552	5087351
2019-08-02	0.007142816059809263	-0.026918669298955547	0.054367075153453875	-0.028679430034924226	0.03441245196658084	9556979
2019-08-05	-0.02751768872941018	0.01979200671873943	0.04368427659043562	-0.0058485071585319265	-0.001186600842103503	4826152
2019-08-06	0.014002332253934555	0.014791994450432862	0.06602604836600055	-0.02086202073285725	0.041457594891368625	6761176
2019-08-07	0.013809092596798852	0.05662378012910735	0.07642076238660239	0.032985692468154304	0.041259122134103494	5982487
2019-08-08	0.007377926951866386	0.016583839470923987	0.04339734498503136	-0.012561338577405887	0.03465382071571046	8653110
2019-08-09	-0.025070465378609134	0.027365387424543558	0.049642842232687424	-0.005327371546988206	0.0013269244940209146	7153527
2019-08-12	0.0427622764091376	0.035682187199218215	0.07277681928545772	0.007786934843249186	0.07099621759390697	7906887
2019-08-13	0.03352716205069621	0.008577892609446034	0.07801728720770303	0.006585780462866641	0.061511158218555365	13831485
2019-08-14	-0.02895432542417643	0.07388668033843723	0.12895779215066477	-0.00927069849802645	-0.002662137545003058	22527291
2019-08-15	0.09138584272815935	-0.007802432520077341	0.12830922965433642	-0.024532827814514616	0.12093645637070198	14302073
2019-08-16	-0.024032207323799522	0.017982486544079822	0.03409142282980833	-0.01007833840315294	0.0023932201846751733	10554739
2019-08-19	0.03939848376630126	0.05156829697822141	0.11892188532724925	0.03905593872130838	0.06754143305544516	12753938
2019-08-20	-0.006234480839598182	0.03476015310966168	0.03578459122340055	0.010940154854410713	0.020672970063212136	7182971
2019-08-21	-0.009535598104035023	0.018313247397759923	0.04099400470944787	-0.002563257720069899	0.01728238237579339	7471561
2019-08-22	-0.024322396468669176	0.027856792642356392	0.029157851168313983	-0.00467032104885742	0.0020952665555332268	7646286
2019-08-23	-0.010127222772684123	0.02947655568384293	0.03694434166717754	-0.013729404100266816	0.016674800687594273	11852768
2019-08-26	0.002623355374608982	-0.0031001698690367105	0.031926013435569285	-0.006872196337104489	0.029770608229871636	6900055
2019-08-27	0.009680770905871236	0.030838406168003617	0.06523546205489576	0.02304528414417667	0.037019109932329416	10351770
2019-08-28	-0.022803806830464072	0.018559392392460645	0.024414764836806605	-0.004595680360679109	0.003654916868573265	7429289
2019-08-29	-0.0002652531164039883	0.03497468152331061	0.052405806818053784	0.012641017343070746	0.026803856010618212	8770382
2019-08-30	-0.09999998637829896	0.034976905086847025	0.03824608611067315	-0.07563136244118329	-0.07563136244118329	15891313
2019-09-02	0.08458601017413915	0.017995144741469495	0.12091460216672212	-0.0010752667991745454	0.11395239948077707	16626501
2019-09-03	0.013315177157379897	0.02344784162597324	0.056381261832831396	0.010609417590605082	0.040751925802678814	12353773
2019-09-04	-0.03968879673878397	0.0323093547994919	0.03286021358006802	-0.029111399234736057	-0.013687325835668021	11466523
2019-09-05	0.016475779948968566	0.035393568748573696	0.08214408623744753	0.02248711472709198	0.04399806263798744	12537063
2019-09-06	-0.008516464439421875	0.03554106638323136	0.052470836187537506	-0.005654815910571706	0.018329048159176426	10925079
2019-09-09	0.07730664388752824	0.039028721248414604	0.12383589503777373	0.016261753746252317	0.10647603215883708	16426358
2019-09-10	0.011574076153155805	0.030246178645215727	0.06590849353441273	0.0170378943036104	0.03896369914381262	10825833
2019-09-11	0.021866198739843183	0.03961108779537621	0.0732984816847351	0.020547660630942422	0.04953447699951283	11546640
2019-09-12	-0.02562824853752796	0.03653181675988591	0.042665089857160714	-0.019179211465595418	0.0007540666558940437	9452966
2019-09-16	0.04136866877727854	0.027076231585966826	0.10025150516107109	0.004520394347964785	0.06956505865677977	11952263
2019-09-17	-0.009318135928537079	0.022542813756384963	0.057299247194372724	0.005416480071483267	0.01750575753337676	10209745
2019-09-18	-0.006930755568818306	0.02555078165706084	0.03343186230691829	-0.011566301031797128	0.019957767340865042	8484401
2019-09-19	0.006480589744495554	0.019652227695524677	0.05856428467931006	0.008900132454942476	0.033732259767336036	7340013
2019-09-20	0.001981102256217798	0.027330502099592605	0.046661383082956684	0.014867296442239244	0.02911097095147279	7897607
2019-09-23	0.059812316157221865	0.026568528337569487	0.11287748257162543	0.01920696056126193	0.08850792804627684	13117096
2019-09-24	-0.001865791045965764	0.04024988608269728	0.04551944757102255	0.012704677488522949	0.02515989141352884	7684922
2019-09-25	-0.04672892060432019	0.02587636958694826	0.026116292673337347	-0.04323532562443842	-0.020918015128160956	9191137
2019-09-26	-0.03186282290123089	0.03412478195084811	0.036138606446438445	-0.01899119219250924	-0.0056492965346374635	8452729
2019-09-27	0.03974691489045523	0.0236959752365935	0.0746598368956108	0.02265597602497204	0.06789928297856689	7499244
2019-09-30	-0.02313127091336029	0.026575989869983	0.04083051675135736	-0.00543415075042444	0.003318603905635379	3744745
2019-10-08	0.018195376928263937	0.030660170384057998	0.0854444971806605	0.008900132454942476	0.04576423225029531	8620561
2019-10-09	-0.03255801522506648	0.006207865045651282	0.01123641525097351	-0.029494713184747483	-0.006363447611090987	7891891
2019-10-10	0.024797416903578035	0.018759732306333463	0.052545104741362245	0.013561952713904387	0.052545104741362245	7424744
2019-10-11	0.005432168332981799	0.032655471450830344	0.05497211424537036	0.0055203954522585405	0.032655471450830344	5423456
2019-10-14	0.05304528218023045	0.04675005170062449	0.08761111283327412	0.030355120926997742	0.08155766900416457	9706163
2019-10-15	0.009794588611948851	0.015579029482066263	0.048872750444651086	-0.0035829339042036763	0.037136058649111355	7249727
2019-10-16	-0.011547278812360074	0.014979113110844634	0.045103521699916084	0.00501666283035089	0.015216265738461665	5289008
2019-10-17	0.02710283778281296	0.020837000891348424	0.06091212335818986	0.020837000891348424	0.054912846343061504	5944753
2019-10-18	-0.016605971588259417	0.0303470875018683	0.051374626764928065	-2.593390746013282e-05	0.010020558112174154	4789619
2019-10-21	-0.009946863123392501	0.0035553750972163226	0.0370547361741187	-0.004997677021255876	0.01686001460429586	3455083
2019-10-22	0.003037361961435205	0.03859481286191222	0.041234494748568856	-0.0002804781990114387	0.030195849037840665	5467830
2019-10-23	0.039832375797461406	0.018463447999988544	0.08521266196248356	0.01607102783704404	0.06798701668442668	6871346
2019-10-24	0.04973112416246359	0.010050299122126037	0.08666682128028169	0.00544868042801471	0.07815389226891428	8445350
2019-10-25	0.04396068117290172	0.0321173483013802	0.07902181050917266	0.008226757737597915	0.07222719504499509	6780233
2019-10-28	-0.006132455719198173	0.024136943110304353	0.0707459034311486	-0.01323416742619638	0.020777740276010623	8093913
2019-10-29	-0.020979036046891185	0.026653727449238378	0.030244945435992807	-0.003343109992410557	0.0055291642867205835	4969132
2019-10-30	-0.02079825145010872	0.018876949918336727	0.036138714505290444	-0.013488899139512825	0.005714837968144435	7490222
2019-10-31	-0.05277838546881735	-0.04277645691894589	0.01297348631752049	-0.04806494083194889	-0.02713116219280701	12368445
2019-11-01	0.03601368898350138	0.0366142087003521	0.06546069695693942	0.025447831402426103	0.0640649666767853	6727746
2019-11-04	0.0052469802581103925	0.03515975266372318	0.0454889633440484	0.021687001943024066	0.032465238447038317	6533388
2019-11-05	0.009569410481274509	0.03601119437099705	0.041818888047288116	0.015237361037853588	0.036904625566508586	5915782
2019-11-06	0.042223162762210074	0.039909077430501545	0.09522339005978354	0.039909077430501545	0.07044260012759027	11366292
2019-11-07	-0.010334895615688202	0.035780230155075275	0.0398137862919	-0.011348958194900238	0.01646151750653249	9344812
2019-11-08	0.0119047744178738	0.0300793686664572	0.07040738351967823	0.01677976124424836	0.03930334114887999	10011005
2019-11-11	-0.02765732862544501	0.0177487460395825	0.03873548497001685	-0.0034499373271525383	-0.001330005394429065	5495902
2019-11-12	0.039057497711534314	0.03100047660606768	0.06719123057044328	0.005056436973616678	0.06719123057044328	8231540
2019-11-13	0.00694584660567907	0.023509196822018567	0.04868779634793532	0.00021899068688448765	0.03421013466741753	8826015
2019-11-14	0.04869143428242829	0.02790973823476293	0.10438301069686629	0.02790973823476293	0.07708597582147184	12278589
2019-11-15	-0.013348811206507936	0.02091652868993956	0.046151347434936325	0.009590674076716299	0.01336593907787035	7093234
2019-11-18	-0.01960783089605477	0.019020645399369283	0.036541417209664445	-0.004138855222495119	0.006937436439591654	6860553
2019-11-19	0.032399939517538466	0.020092054372344396	0.067953845086635	0.018859521882484416	0.060353419786717016	7332047
2019-11-20	0.006005471120882503	0.018719568613656565	0.04697307880386642	0.01732678798064532	0.03324426103247898	5662504
2019-11-21	0.014442514696257772	0.023516128567154012	0.0715768859085682	0.014813788991242527	0.041909751747201414	8103354
2019-11-22	-0.05334089382026701	0.025516428939536585	0.0362395878640381	-0.04701053273650357	-0.02770902604030021	12618516
2019-11-25	-0.03709647898646884	0.024192843670297632	0.03304872387898912	-0.03244359952482239	-0.011024726461940507	8720482
2019-11-26	0.01832567417969401	0.034562140226570184	0.08589458228649068	0.034562140226570184	0.04589811395703281	9627692
2019-11-27	0.029652341214963546	0.03967836930039392	0.07328409276552303	0.022455414495821734	0.05753139020036555	10009935
2019-11-28	-0.011916593170030928	0.02095657737977943	0.0427832219276917	0.011777127030989645	0.014836977811808288	7506695
2019-11-29	-0.007035131519123708	0.0322374144401633	0.034095441786155666	-0.0007941415324253362	0.01985060675637793	6413525
2019-12-02	0.017004057034080904	0.027076223065810746	0.05909432505480822	0.011067120093772448	0.04454067635419882	7622100
2019-12-03	0.024880613638762077	0.01562787165816418	0.05283485085337068	0.004997306173819403	0.052630457788538934	6649272
2019-12-04	0.0027189092894298263	0.0173020539148944	0.03485552106679952	0.012714221122729253	0.0298687462927069	5283606
2019-12-05	0.006004248073098142	0.02588261861819996	0.07422263729654445	0.023097596965949648	0.03324301309184967	10674661
2019-12-06	0.011359296807545056	0.033601725709509284	0.05574890189456619	0.02015521387705346	0.038743019282930745	7508824
2019-12-09	-0.053302868164478615	0.004786667694850852	0.023556743876412663	-0.028452043500322537	-0.027669936625900175	13681632
2019-12-10	0.007842272823525273	0.028108800844891427	0.04277252819704095	-0.012371156206678275	0.035130837793652045	12520876
2019-12-11	-0.018754981944810952	0.019494079290696128	0.03015009780790548	-0.008170543182756746	0.007813443608370559	8756492
2019-12-12	-0.018096736673043727	0.018931491947277303	0.041695076769145537	0.00848948056109925	0.00848948056109925	8342365
2019-12-13	0.006626672587934208	0.03834871501687908	0.041539074410595796	0.02090819993466193	0.03388226291108569	7218059
2019-12-16	0.003908615282039454	0.03003419121905473	0.045880871083963264	3.118626597422045e-05	0.031090615414475473	11260285
2019-12-17	0.009426223254583487	0.04749143480544441	0.047912388717189176	0.01844704606678763	0.03675760465206594	9303538
2019-12-18	0.02943561600010416	0.020195662394090853	0.07669942746444293	0.019570200929130765	0.05730882934413833	13195322
2019-12-19	-0.04910266936321944	0.03294986521118218	0.03294986521118218	-0.027811891565946184	-0.023356009148371108	10384581
2019-12-20	-0.010576605279874413	0.02239019619816959	0.03772607044093796	0.01600027877172679	0.01621323412967663	6262276
2019-12-23	-0.08928941393751266	0.01824994562157686	0.01846526351103616	-0.07238073817224075	-0.06463082260303091	18257460
2019-12-24	0.041426840240414785	0.02896721237150954	0.08144385590260558	0.02896721237150954	0.06962479736815087	10332507
2019-12-25	-0.009723609121962695	0.03729031358352283	0.04773128724910554	0.005513322734057432	0.017089255402160084	8716682
2019-12-26	-0.012050873663357095	0.02363801592639556	0.03486919987355117	0.0041554523370669165	0.01469894682179888	5904560
2019-12-27	-0.005873172456449502	0.04169233003595588	0.046564364286983684	0.012459915727326406	0.021043993750774457	8734224
2019-12-30	0.014996596599343793	0.0023386812943232715	0.04504596277008494	-0.0167979356911186	0.042478832276163565	10262772
2019-12-31	0.005148969739303735	0.026616426459893334	0.03696297214294268	0.01190111649417295	0.032364558489427694	5477867
2020-01-02	0.022717071110107616	0.027076174347751277	0.06138829445682448	0.027076174347751277	0.050408324522934075	8527207
2020-01-03	0.015897292200362775	0.027076162308280437	0.058613217191412735	0.02372121072065376	0.04340390053661605	6732812
2020-01-06	-0.022936800560332288	0.010343460201196428	0.02267282108001422	-0.0037471656056445924	0.003518368711610798	8619721
2020-01-07	0.015796309750037606	0.036540228813551526	0.04600424670531747	0.027526790452554156	0.04330025125059144	5796916
2020-01-08	-0.008639197604547524	0.03151287356904216	0.03328756373917701	0.0026749014372812767	0.018203074405264145	7551089
2020-01-09	0.05054465467507164	0.02909006334486515	0.08077944920434939	0.028866254726340294	0.07898938303110897	11354230
2020-01-10	0.03691412222679045	0.026863132006740897	0.08309457149784438	0.026863132006740897	0.06498978770642666	10631548
2020-01-13	0.005199942869915019	0.022557016644447234	0.044741903050130705	0.003864230307781306	0.032416927357429064	8102293
2020-01-14	-0.01173891321684035	0.046285396733431704	0.0536420907855282	0.007458359476844257	0.015019385706237749	9194067
2020-01-15	-0.0074492075984200065	0.027696545409505047	0.035140624864300654	0.0024693665791435523	0.019425304659290706	7296481
2020-01-16	0.0042596372041760365	0.03124286723683494	0.04374273911272112	0.011868001246324714	0.03145115746282761	5630817
2020-01-17	-0.014340502550825099	0.026868778782924384	0.03537415654658086	0.008198395860859936	0.012347381368443046	4381298
2020-01-20	0.037295051734227626	0.031285519499031	0.07864046682296609	0.02286682010371157	0.06538106052562101	7752889
2020-01-21	-0.013038328853249294	0.01693123584701348	0.036815346263672444	0.012873229698596778	0.013684847160223626	5596323
2020-01-22	0.030024032473535224	0.023786929131103182	0.05791316078740573	-0.011161641918261795	0.05791316078740573	10127109
2020-01-23	-0.030509113255610062	0.0019282328002157717	0.03246506873087828	-0.030005794019127213	-0.004259013212479123	7606208
2020-02-03	-0.0984165033789138	-0.07400507012074992	-0.05959429975802252	-0.07400507012074992	-0.07400507012074992	3434712
2020-02-04	-0.01511786258551931	-0.02726894096983582	0.041461658638970944	-0.02726894096983582	0.011548989798197042	10038714
2020-02-05	0.01309260181704388	0.020120840268899185	0.07808225164781392	0.01548390417402145	0.04052328025884172	9905881
2020-02-06	-0.019385101312893057	0.02867812666709642	0.039662875524434135	-0.03059387085894998	0.007166213350310336	11327315
2020-02-07	-0.02544876008607651	0.023575658680606237	0.023808985383801978	-0.019831812940782536	0.0009383943524203084	12337746
2020-02-10	-0.009559352206807016	0.011031933833205899	0.019173829838923337	-0.03015650520129463	0.017258065655530893	13629936
2020-02-11	0.10004713960836145	0.032395406561049125	0.12983222994767193	0.032395406561049125	0.12983222994767193	15347490
2020-02-12	0.0066339055808611585	0.043999983735579125	0.05169257123678933	0.011031563196560838	0.03388969008256047	13767098
2020-02-13	-0.00042519729567173497	0.006552042727590232	0.05458708820747814	0.004586973578444511	0.02663945992039515	10499795
2020-02-14	0.029349236718798726	0.022052212210013297	0.0867086230121723	0.015717607438512807	0.05722009099912334	11272230
2020-02-17	0.014462696360937555	0.019861169862648888	0.05784594715116021	0.008402034612381272	0.04193051099881834	10383946
2020-02-18	-0.009979520601382255	0.021846706964453552	0.031887454698563314	0.0015562610934957183	0.01682643768764927	8794863
2020-02-19	-0.014811786025197568	0.024751964597418553	0.04440184762990513	0.003623058110873841	0.011863310511719858	9346647
2020-02-20	0.0031321855387248347	0.024717020035341368	0.05259762338564717	0.018712002310396	0.03029317073059837	11336390
2020-02-21	0.06598664989137451	0.02707617758001347	0.09848405355231515	0.02344160221143773	0.09484947818373941	18321419
2020-02-24	0.036321031965073726	0.022864388519033114	0.08884918971691555	0.00802278669093785	0.0643806489942174	21843900
2020-02-25	0.018089313940978947	-0.012985014325651674	0.06346028332981228	-0.022661631832262934	0.04565526841117747	19185906
2020-02-26	-0.09994441660628027	0.005025297667702529	0.02080311160552365	-0.07557438708092898	-0.07557438708092898	20502021
2020-02-27	-0.03578047647207904	0.01799444538312075	0.02707613837965703	-0.03184928613668995	-0.009673080172340878	14852866
2020-02-28	-0.09980802063947875	-0.04126410674618438	-0.024179047618880754	-0.07565328640514256	-0.07543429071264189	17580988
2020-03-02	0.025112511194181286	0.041432340329195703	0.08036446434218307	0.032916002834642556	0.05286865464749898	14410562
2020-03-03	-0.0027732718742841263	0.06244345532547313	0.07644796083599673	0.011172723286945652	0.02422786574255597	15023449
2020-03-04	-0.0352259994849622	0.011604580288473047	0.011604580288473047	-0.05551835892125623	-0.009103536729089099	20994955
2020-03-05	0.023300567553983412	0.05520178211417929	0.06087623640191036	0.012766707986562407	0.05100757090625367	16009927
2020-03-06	-0.007511856641962881	-0.008606319609273173	0.026835065045625585	-0.009088539100608655	0.01936101252157731	9628761
2020-03-09	-0.06646155263326269	0.0027840131932175215	0.0027840131932175215	-0.04531463976756786	-0.04118490885815391	14234603
2020-03-10	0.03724338904629408	0.012243830113955684	0.07157323344334775	-0.008573626735184999	0.06532800159294375	19962344
2020-03-11	-0.0192964141492471	0.033849788270267675	0.04137596905545264	0.005250231041976551	0.007257269449359146	12025926
2020-03-12	-0.034122077472849316	0.00277420546582027	0.013006518313560013	-0.01871381267456938	-0.007969854766322561	13748279
2020-03-13	-0.019597714562244694	-0.06058814331435932	0.013568952404581783	-0.06058814331435932	0.006947780779257889	11358192
2020-03-16	-0.07285649050519187	0.028426830578147103	0.040042894070361525	-0.05558705099592342	-0.0477529346498638	13060546
2020-03-17	0.003120621814388435	0.029115819351596482	0.10720275015177423	-0.042852417682097826	0.030281325067617992	16132941
2020-03-18	-0.04553171611823544	0.0445039137818345	0.06309349884596245	-0.020850198325040904	-0.019688318396868947	15323372
2020-03-19	0.0011852611792455517	0.03590150269011801	0.04685701285211682	-0.007920507525988482	0.02829353065531903	19075789
2020-03-20	0.007990524759009382	0.047441343283074	0.05352054589993858	0.013701907060642315	0.03528305963278872	10192480
2020-03-23	-0.1036406381767523	-0.011522160027390418	-0.005792667279374087	-0.07937064174890267	-0.07937064174890267	16934663
2020-03-24	0.008516187147472425	0.049616020531027004	0.053316522432497224	-0.011947994084606547	0.03582298993408179	16452647
2020-03-25	0.07275081824180699	0.05442933358934075	0.13048427492657869	0.05442933358934075	0.10179685960865953	18639932
2020-03-26	-0.020890040712394725	0.023033934126817972	0.033917210999461246	0.00064528872068158	0.005620529435265568	11594973
2020-03-27	-0.014223893717621972	0.056294128706557395	0.056294128706557395	0.01183205112895812	0.012467161509478132	9180692
2020-03-30	-0.03670012654171775	0.0029134750144380523	0.008712525168683111	-0.0341359798651824	-0.01061764201213383	11387648
2020-03-31	0.03451648321879192	0.05015282399137663	0.08660724050272207	0.04413280620566743	0.06252723624859989	11236316
2020-04-01	0.028643399183130136	0.02998577514040511	0.09819889244527455	0.028369285902737802	0.05649510593513284	16596927
2020-04-02	0.08904530254401236	0.022361880414267385	0.12513235233941739	0.022047629053784542	0.11853244520369594	22520232
2020-04-03	0.01938735355579579	0.013801231013809282	0.07007545128149899	0.0071637911420613576	0.04698851694822799	15661545
2020-04-07	0.004685823092060083	0.0587831864106602	0.07463653871904813	0.018866496223343236	0.0318889342158792	15223772
2020-04-08	0.03401918730516899	0.02341311090253379	0.08202272867520705	0.017495827590958225	0.06201649577377169	14663212
2020-04-09	-0.015388566725891274	0.035523920602566005	0.03961156952725618	0.005275694618545854	0.011270887607503732	8799610
2020-04-10	-0.0347616407146136	0.02071051468800452	0.02071051468800452	-0.0185902155987976	-0.00862663653061392	10896729
2020-04-13	-0.021775535503260706	0.015320180831936231	0.022775171410189404	-0.021955030118680434	0.004711102843016841	9312263
2020-04-14	0.05565067637394373	0.06283622346540266	0.08745791339795407	0.052284187883308755	0.08423376172435763	11874139
2020-04-15	0.05947554306342607	0.0245773035759079	0.09621435644303868	0.0245773035759079	0.08816209556201451	18245555
2020-04-16	-0.00816529516568941	0.011613666188491287	0.024717470833617063	0.0006065227018042254	0.01868974690446851	8068055
2020-04-17	0.00874708467723656	0.03315347389946357	0.064861536949309	0.021527246649814633	0.03606007034692168	12429962
2020-04-20	-0.0005101066417303258	0.02760005931423843	0.03414861946791061	0.01135965632737204	0.026552263495410355	6690243
2020-04-21	-0.04644038160690227	0.02052427955478613	0.02052427955478613	-0.04551892206425709	-0.020621667030908813	15676899
2020-04-22	0.010971300737961228	0.01250966130452474	0.04933818861581842	0.009486423987925818	0.03834457088966548	8995758
2020-04-23	-0.0007940674902180121	0.038494262740727064	0.04012532396194689	0.02327020910462036	0.02626066471732413	5799339
2020-04-24	-0.009271464764157007	0.02626004024832889	0.03551052817075572	0.010479741730730454	0.017553725881597357	4819243
2020-04-27	-0.010962610115815933	0.011697491355465295	0.03751167784234475	0.011697491355465295	0.015816835739240972	5001348
2020-04-28	0.04947286472409422	0.031518883847203735	0.09121639088138467	-0.0029114098310659016	0.07788858452681775	12367637
2020-04-29	0.03760950849245429	0.02231382537672953	0.07681611780442112	0.014905806901422637	0.06570395780447182	11838086
2020-04-30	0.03773571627240499	0.03753047953033136	0.0931170241595441	0.01917167175054065	0.0658337201442883	13655334
2020-05-06	0.039234486135551264	0.03444759807644827	0.07818441316890677	0.03444759807644827	0.06737303469689751	13738414
2020-05-07	-0.0036832174345720037	0.040316644014165806	0.046936817196150324	0.011707959947336258	0.023293257104919286	10660995
2020-05-08	-0.007393738546545742	0.03585673084010417	0.036093993042175435	0.0061930228395838	0.01948229283091779	9979863
2020-05-11	-0.012104270521364736	0.031857796607296415	0.03855193820118544	0.004602979922117746	0.014644204266818046	7915732
2020-05-12	0.013902023799999039	0.03578845211044071	0.05877910837875911	0.017153939802974475	0.04135460513734611	8130086
2020-05-13	0.0037183117874882094	0.027076167808066563	0.03781716974464105	0.01561912453581669	0.030895182232149966	6299746
2020-05-14	-0.022227294320972396	0.011856725745228981	0.021368940164118715	0.004009235648167632	0.004247016039201717	6572601
2020-05-15	-0.00805120194661444	0.03583170232604666	0.04701934137836587	0.008835384186062665	0.01880697287171618	9887552
2020-05-18	-0.019813743936934403	-0.008475523970068061	0.024624378571703926	-0.0219606494720855	0.006725939269026217	12732229
2020-05-19	0.03263520671920916	0.039082898551942656	0.06934985179936688	0.036581445361775725	0.06059499076006691	8409701
2020-05-20	-0.04103784295802951	0.029013979329318273	0.029013979329318273	-0.02427772932271751	-0.01507277778883991	16875962
2020-05-21	-0.024594155860558492	0.02631843646768228	0.03819061402890116	-0.0007098849694848115	0.0018161011196695677	6572022
2020-05-22	0.023449319565920126	0.03562224397342454	0.05711672630061867	0.02034299682699237	0.05116040961641634	8072276
2020-05-25	-0.016260166921765646	0.024798841476296393	0.05136767502571045	0.004808912845059055	0.010375746670333695	7236073
2020-05-26	0.06711743470169641	0.038393794844556024	0.10321302763691463	0.026304570656179003	0.0960109421038213	10779278
2020-05-27	-0.012907727676953092	0.03165595391563828	0.035271618869257886	0.012372688710969552	0.01381895951323971	6798275
2020-05-28	-0.026866344011075217	0.018773613930082995	0.027320347812038365	-0.01590185430223918	-0.0005176649406529672	8344858
2020-05-29	0.026386421014885652	0.021053655128768372	0.07651032006984011	0.01452937555629099	0.054177022954762226	6993890
2020-06-01	0.09997615061078757	0.0400338707778726	0.12975935587334916	0.0400338707778726	0.12975935587334916	16069962
2020-06-02	0.034624605186310525	0.04241242585786375	0.08064155525615775	0.025742718266094398	0.06263831550960042	17767283
2020-06-03	0.0227985563961927	0.03244682114872105	0.09560521812275397	0.014186691215098048	0.050492105047315806	15998134
2020-06-04	0.022290452194559367	0.03967836930039392	0.07811500556658503	0.031276885925103075	0.04997017698350359	10475665
2020-06-05	-0.01200240893425977	0.02913070650305835	0.04741631897636071	-0.0014823262569930355	0.014748743562694054	10133442
2020-06-08	0.0271309475096709	0.047247540928277515	0.07012224660046426	0.03269086278410243	0.054941753303212174	8056855
2020-06-09	-0.03489068765009196	0.07100991878647499	0.07100991878647499	-0.014023021853359276	-0.008759119654175064	12873772
2020-06-10	-0.004493270007030933	0.04889327913659807	0.04889327913659807	0.01742648076250013	0.0224612104580869	10511910
2020-06-11	0.006975772741480361	0.032554961794307447	0.05341682867770101	0.01464333623481281	0.034240807958663945	9969188
2020-06-12	-0.02383873381520658	0.004056887879428303	0.020588879155475713	-0.009963893921787334	0.0025920278929430947	11466438
2020-06-15	-0.02337714238968037	0.02664745084440202	0.03264996213259349	-0.0031508151782443992	0.0030661151539596995	7796113
2020-06-16	0.013250731734171921	0.04266124201851052	0.07053871101563708	0.02949082812611849	0.040685673349422746	7813492
2020-06-17	-0.0051161867723161095	0.026859568944301818	0.027509436709058248	-0.0030363846225835117	0.011044979046866433	6325019
2020-06-18	0.03385474121197983	0.014284601888738032	0.06763355262029014	0.0023082268363579265	0.05064898969157643	16174330
2020-06-19	0.008704611607119012	0.0246691671963248	0.05520906714860025	0.01771864590933447	0.025090324109478816	14843953
2020-06-22	-0.010478696609717241	0.014573929584309845	0.02856369092766502	0.004342539284985395	0.005595399234006077	9110017
2020-06-23	0.07142849154462988	0.01582226562174411	0.10782447139522297	0.001895350511336821	0.08883315253989642	16531197
2020-06-24	-0.021123978900875817	0.017819963561730184	0.02313754111555432	-0.010146491235049626	-0.005222826550637231	10622669
2020-06-29	-0.013066757414408759	0.005983307034917782	0.025499403311061396	-0.010112405757974756	0.0029653168744807347	8390487
2020-06-30	0.003009102654789025	-0.01372309087842289	0.04784278738239138	-0.01372309087842289	0.019302282694844415	13690687
2020-07-01	-0.014999989431059148	0.012179301753988946	0.016041091065895567	-0.024811970414770755	0.0010006347868391709	15305003
2020-07-02	0.0032486802185025094	0.011085687923202482	0.025323404526902932	-0.0027393200102091395	0.01954579265888635	9908919
2020-07-03	-0.006274059317365524	0.04421625440966448	0.06622356960009862	-0.011727595427060852	0.009868347509986476	14994447
2020-07-06	0.013034668979923144	0.0127258010639354	0.04149524442136174	-0.01314600051648396	0.02949076988292962	20403711
2020-07-07	0.0434258114983652	0.02135214310174712	0.07529030130459081	0.014609829910244086	0.06037559809829505	26878126
2020-07-08	0.00789982125848407	0.030538337709384467	0.039545493244266226	0.0025377715888476363	0.02427247675933426	20557446
2020-07-09	0.03785130245666716	0.028872062262769095	0.07044655671036641	0.026735035112882423	0.05471046721730092	20980870
2020-07-10	-0.03757599252520423	0.010815822899077768	0.010815822899077768	-0.024749956455364718	-0.02194209728746642	15956902
2020-07-13	0.008420998909594156	0.017411289118427636	0.03472147894838771	0.005741459322522431	0.024802117786972774	18741435
2020-07-14	-0.021635975180956096	0.01663007010504437	0.016822981016713912	-0.029466399199024277	-0.005743121010399499	14198002
2020-07-15	-0.03142578390288689	0.013090114160413627	0.028072631012228594	-0.017269096177324555	-0.01569195593816904	11554990
2020-07-16	-0.05427595431610338	0.015430162807102531	0.03720828058585013	-0.0393203916495288	-0.038913324027496074	13151443
2020-07-17	0.0006352710456076733	0.01602904762759475	0.03496797151830127	-0.003125048019802209	0.01688992834767585	9943261
2020-07-20	0.017354506717794524	0.026353033088227507	0.042698952251012376	0.003554725908255712	0.03388074741555628	9655148
2020-07-21	0.040773849232257735	0.01645577993665629	0.05831479291712162	0.001657110368975331	0.05768052284555085	10997111
2020-07-22	-0.005396738909865419	0.015431882723573806	0.021322504606209214	-0.0032558413331175706	0.010759880614953232	8169191
2020-07-23	-0.02934086895384393	0.00133557704940444	0.010934368241482592	-0.027869214011599308	-0.013573152017591099	9630230
2020-07-24	-0.08178052913255938	0.009090652973612003	0.01392991183564675	-0.07927844293858398	-0.06686469194466867	16295677
2020-07-27	0.025253729404811465	0.019452383384013013	0.06436417394721158	0.016473515698362987	0.04190826720851713	11156004
2020-07-28	0.039146637300849815	0.02898368039517261	0.08351710994875888	0.02898368039517261	0.05602688624337583	12058110
2020-07-29	0.03216934893516092	0.016029302593558767	0.050011609919439516	0.00484521641638319	0.04893621908584736	10588857
2020-07-30	0.0018454096336584767	0.0377068935974713	0.04750053390854256	0.01624430154604378	0.01811969632528182	9222902
2020-07-31	0.04379861049912629	0.0399552686120222	0.08238546437049801	0.0399552686120222	0.060754373984262644	26908295
2020-08-03	0.011764601796432949	0.04214853251136837	0.05111541378757353	0.01823688231875221	0.028200061596359544	14179207
2020-08-04	-0.016860400398714462	0.01860776960589498	0.023531434290307372	-0.018812101690298018	-0.0008899622390369704	10673094
2020-08-05	0.005125252864144306	0.023656276802116922	0.034874468284663285	0.0016206622964221391	0.02145279147471773	6557876
2020-08-06	-0.02137678434173098	0.011460978951526955	0.02620941535243503	-0.011060241101206139	-0.005479706943780226	7871167
2020-08-07	-0.018036116262989906	0.00809804138362615	0.027445397897009716	-0.02245038411284737	-0.0020847671151983565	6698776
2020-08-10	-0.019795900391546578	-0.0067767320116612385	0.005459700094682753	-0.03124955474498891	-0.0038731767721140228	10134095
2020-08-11	-0.0066625045012132355	0.016667464695983552	0.040364999919491815	0.0050302929883353185	0.009473563651435547	5674277
2020-08-12	-0.024732800805122874	0.0011209999145425768	0.013901225397664387	-0.02720863693925193	-0.008890231385049728	9951730
2020-08-13	-0.018912432016681375	0.031969610427868396	0.04288992376572944	-0.006469848840149181	-0.0029753485720335677	12204106
2020-08-14	0.011610050804866701	0.026707210768369107	0.04095464360514234	0.008452658923516227	0.02804293194549473	7713575
2020-08-17	0.02057166271692834	0.03076834713742823	0.040671139344520095	0.012283176095680937	0.03715015438418736	9547815
2020-08-18	0.00785063274522409	0.021203711937413973	0.027888046405427715	0.002444290708055505	0.024222451283883353	9947361
2020-08-19	-0.03621055982651526	0.00982592698060131	0.02009532157499467	-0.025047319543361837	-0.02055447144278668	7063006
2020-08-20	-0.013106155443826418	0.01779817192341124	0.02845350921952031	-0.003290251943794852	0.002925265285719757	6171551
2020-08-21	0.04714480669573189	0.029290352181741405	0.07292729401691439	0.025466547353555195	0.06415493267741258	13360693
2020-08-24	0.07630514462330958	0.037939614254210365	0.0998035862532116	0.004215169006298308	0.09378897106674591	19609958
2020-08-25	-0.019835005985303952	0.016443919158680615	0.02801932540694686	-0.008503163090452525	-0.00391289995661209	18014379
2020-08-26	-0.03325985804832308	0.025407024070553792	0.02744313704825238	-0.028551089722990596	-0.01755583937728231	10186104
2020-08-27	0.0008290026056083092	0.016033723387905284	0.03583201584894596	0.00845136142089363	0.017086805229312992	6158662
2020-08-28	0.006005416756869056	0.01624433602681208	0.02739795935868731	-0.01405996843181932	0.02234729456044548	6495720
2020-08-31	0.005146195776971601	0.01457076324610519	0.037163308678008704	0.013315603238568504	0.02147407007111017	6967387
2020-09-01	-0.014335474605517498	0.008960077460162735	0.02103099028786436	-0.028293213538471043	0.0016759392969825297	8229787
2020-09-02	0.03885306837250426	0.03313591843661133	0.07620966269875336	0.02637927709666038	0.05572850851891614	16694461
2020-09-03	-0.024000052194307103	0.004049408334439091	0.015837801556268398	-0.01363330344762098	-0.00814558423153063	6107159
2020-09-04	-0.0290983453188734	-0.00937000201187231	0.007498009108589772	-0.019157642968660557	-0.013326670268919745	6530082
2020-09-07	-0.029337202354409512	0.015386385405924843	0.02954259610233183	-0.01507095929304406	-0.013569457211845208	7216278
2020-09-08	0.021961261714430344	0.004311867620517608	0.04961083965596802	-0.004305989799815615	0.03856230450169467	7315825
2020-09-09	-0.010638304773048614	-0.003215742912852844	0.00932518740734066	-0.022459496286189214	0.005433187970037296	6081312
2020-09-10	0.04193550699466743	0.02629745221652064	0.08180845329059244	0.019741059202808886	0.05886102310581127	11282779
2020-09-11	0.02187813479636159	0.01939050722964991	0.05609695704579779	0.015824779769166773	0.03847786113404689	11628510
2020-09-14	0.1034135486290789	0.023839028040975756	0.12256925214820938	0.021786382723623873	0.12133773064113479	35580618
2020-09-15	-0.006223682379667186	-0.007380634547171425	0.025731442892019594	-0.011101115469012702	0.009919515238641555	17616744
2020-09-16	0.0025787221958962483	0.015495525782869795	0.057238475506294614	0.005012972604364125	0.01886491185920005	14260730
2020-09-17	0.03674441032027736	0.03528839717493421	0.06982909022554089	0.002614733290669631	0.053585630279457286	12629131
2020-09-18	0.020202065679134604	0.01642440293844625	0.04812016859606916	0.0012968776014472402	0.03677452009108559	12222441
2020-09-21	-0.01372245763067158	0.006182461657166589	0.010065990565009427	-0.03124044733460063	0.002298932749323751	10907560
2020-09-22	-0.003170152499827673	0.0038947500922236	0.035574099558402586	0.0037158066136815226	0.013022657290610652	7885557
2020-09-23	0.024735028202665717	0.032403704968323406	0.06364517473271106	0.012114709854968445	0.04138112848978709	8602931
2020-09-24	-0.02206897141411675	0.00783399950775237	0.03026144233695821	-0.011789993256167764	-0.006183145689956288	7458552
2020-09-25	0.01163614060728953	0.033086151734555404	0.0463446640213379	0.0167818090693032	0.028069448831337915	6691552
2020-09-28	-0.00853960438343813	0.027047877874571618	0.03501767349382211	0.0034925116983653046	0.007565972238395642	5487309
2020-09-29	0.005976424025073105	0.030713621977086308	0.04339656180736647	-0.0005471892395356999	0.02231784338701564	7924275
2020-09-30	-0.0005241569162937659	0.02778653158222997	0.02778653158222997	0.005057267223978665	0.01571163819244036	5281124
2020-10-09	0.02884611199235946	0.04111736841621823	0.09388393449068987	0.022284922599938695	0.0455589955661723	13536331
2020-10-12	-0.06627014775622744	0.01607164942171133	0.04473716502402331	-0.06612581861200807	-0.051102342763516585	23191961
2020-10-13	0.067515905379167	0.02604611023108522	0.0916997271249973	0.016244318371381516	0.08485697235319861	12828944
2020-10-14	-0.05932493381245459	0.003944070874465548	0.003944070874465548	-0.05045427818761337	-0.04404429896639677	12940338
2020-10-15	-0.0291772071167454	0.0018791864137230893	0.0167968170299418	-0.01782689244749982	-0.01340687420961592	7318286
2020-10-16	-0.033787628237765883	0.006948838331467587	0.021366303938086098	-0.03099196047752521	-0.018092164764065225	8393646
2020-10-19	0.04424267726827866	0.03862690622389203	0.09949157938666908	0.03862690622389203	0.06120569225639079	15090904
2020-10-20	-0.008325626422037042	0.007031414340623433	0.03128584823066688	-0.0019934934791520803	0.0077834351533075385	5902646
2020-10-21	-0.01623135606374891	0.012452424928693723	0.012452424928693723	-0.013901748624718905	-0.0002506672848061646	4811060
2020-10-22	-0.013464746275121403	0.034938800909134954	0.03570972430213755	-0.0009082599620517849	0.002560808579746641	7117259
2020-10-23	-0.035947736678252525	0.012923181153259503	0.03304495464604539	-0.02771092245755286	-0.020287338088569886	7175090
2020-10-26	0.04107671641434149	0.016852228351209916	0.07642864394507858	-0.03299742220462397	0.05798831856047121	10569008
2020-10-27	0.026431774140168483	0.007679953839421266	0.04719297873055644	-0.0010790954019877046	0.04310544188245288	6811046
2020-10-28	0.01698079943022048	0.01586503562648345	0.0444996862803207	0.008469340948597897	0.03350092293528743	6607120
2020-10-29	-0.039449577482920745	-0.0024024014840672435	0.012328497589300646	-0.028507796495609364	-0.023846125474506878	7821242
2020-10-30	-0.07640879950718653	0.0049850714971073715	0.015661945928697213	-0.06820004960669981	-0.06140571379341327	17768068
2020-11-02	0.04550153612635113	0.0025823325533579846	0.07194335195551163	-0.022429742047761853	0.062485007243289425	16061752
2020-11-03	0.028091044396428625	0.03172423354167652	0.05042071711910752	0.01081631782445943	0.04479168840384189	7897947
2020-11-04	-0.005002886431052003	0.011942327382877848	0.026412652912307436	-0.007612113725970033	0.01116013018408289	5204018
2020-11-05	0.018758462724823198	0.038058870004724896	0.044151245766942515	0.014082461494245812	0.035307483374647994	4834083
2020-11-06	-0.014616536860490727	0.009106690971392726	0.015665614264798233	-0.023494958681702014	0.0013903140304851683	10249862
2020-11-09	0.04700436203919013	0.020159714212764544	0.09142013003150061	0.020159714212764544	0.06401223110980803	15067613
2020-11-10	-0.009199657180672201	0.0192360190954465	0.02652837167251499	-0.017225313732488413	0.006895241306333422	6703752
2020-11-11	-0.030269154918538887	0.007185914011232007	0.015112091754959192	-0.018479701051664778	-0.014516574436277338	5260369
2020-11-12	0.030831064395790825	0.02325019746898746	0.05808501515725789	0.01215744959198833	0.047576228244646884	6182948
2020-11-13	-0.027122452076095732	0.006427353437627117	0.01586673943048826	-0.037182628728163344	-0.0113187299864958	10074868
2020-11-16	-0.038953555150407486	0.012945481819831468	0.012945481819831468	-0.04507576259608831	-0.02334200863553467	13286949
2020-11-17	0.004172436927130804	0.01644619637716287	0.02068641657567308	-0.02676385216874367	0.020484540749860964	10462095
2020-11-18	-0.02216074129613089	0.016043207957124536	0.028510056354708026	-0.009292502537996636	-0.006276384348341631	6847537
2020-11-19	0.01699717057575639	0.011926045292790843	0.03824728894396225	0.005345749802565506	0.0335176193066693	4444327
2020-11-20	0.008754583411785933	0.013413596824108866	0.04495641917051806	0.013413596824108866	0.02514108933633292	5336743
2020-11-23	-0.02248519630752557	0.006222161020397406	0.012235420703080637	-0.025848724322794517	-0.006606169063760458	8784302
2020-11-24	-0.026432644505228198	0.01029771630270083	0.01849980816236481	-0.015744055560591906	-0.010617722516636657	11390012
2020-11-25	-0.017616537051814374	0.019614231135572806	0.022773560908028297	-0.003975252840002703	-0.001658405390319823	7209183
2020-11-26	0.014345959989563088	0.02096098115167057	0.04261517381314353	0.008311527318639428	0.030823331510239714	7457662
2020-11-27	0.05220466779517408	0.016455654009740098	0.07394703257830203	0.007366946768646415	0.06929697517888857	10101345
2020-11-30	0.10001977046097073	0.042157625413764534	0.11788883617390924	0.037738278549282835	0.11788883617390924	23732648
2020-12-01	0.006289246386114869	0.024461848893296317	0.028114137690891435	-0.00877379472515717	0.022635750147880475	16424804
2020-12-02	-0.005714269329938193	0.016425775019690694	0.0271326350210357	0.003541266724614363	0.010437228601514581	8528220
2020-12-03	0.0007184526132463407	0.009856328823955995	0.04398664251966974	0.0038332925655339633	0.01697440119245179	9216061
2020-12-04	-0.005743056755491073	0.008766529335079695	0.026822519724750273	0.000741592028705509	0.010408004561353644	7676977
2020-12-07	0.005415151395639237	0.04559433324558908	0.07090874071003199	-0.012188548173924478	0.021747463287256935	16222505
2020-12-08	-0.021364447949261005	0.02080558654867623	0.026826387190840406	-0.009481048721818335	-0.0054672120353103995	7087596
2020-12-09	-0.020913584817044972	0.023328745101762142	0.02519312743662801	-0.011720609956889944	-0.005009016255360157	9565598
2020-12-10	0.012179127331946952	0.013007279809114359	0.04080783596914194	0.0072948518913883015	0.028621282456148082	12008645
2020-12-11	-0.03813405052615478	0.016432418464500685	0.019254293016119625	-0.031915376534602684	-0.02250919073711173	22295123
2020-12-14	-0.015973772916251214	0.01898245073542374	0.022698568394143803	-0.03675839490973455	1.1050385926449551e-05	14942240
2020-12-15	-0.002542538658127394	0.01564797568232567	0.02320077954065914	-0.008799109314454259	0.013660445931888487	8964147
2020-12-16	-0.012156832238233755	0.03636986860399763	0.06008229506377869	-0.00567466824207114	0.003889963938073332	11092590
2020-12-17	-0.014886929412537482	-0.0017084118881940504	0.01765628577934189	-0.011592526961738766	0.001115589291762819	11296753
2020-12-18	-0.00463426251263873	0.01767769599248568	0.027096825027892416	-0.0009558389113298271	0.011534792874233242	7908372
2020-12-21	-0.008906908093396356	0.008632727851279477	0.026324430148726128	-0.0018588424742964644	0.007192705571254901	15058182
2020-12-22	-0.013071857710186062	0.01209295455621503	0.024962123831072543	-0.0036820383237440167	0.0029600814207643624	10775770
2020-12-23	0.035595996039591654	0.02844262057011765	0.06861285158250705	0.01603398765065497	0.05241856149149653	12541155
2020-12-24	0.0003997349478864182	0.019493714557362683	0.027617109362510203	-0.0012211178654937462	0.016650505051489736	8791631
2020-12-25	0.003795365759726558	0.007312005318087819	0.049943147366115645	-0.010958426129568294	0.020101356052705945	10356121
2020-12-28	-0.012338298335765958	0.025547250103495185	0.032625609316847166	0.0010765111654411244	0.003705621216512206	8549710
2020-12-29	-0.0006045046345389452	0.025868199356135622	0.03078257918469121	0.009691895319421913	0.01562999336502824	10430340
2020-12-30	-0.028427428033662015	0.0076390637693130444	0.012351487207030385	-0.033748307292379015	-0.012644866299224636	17069191
2020-12-31	0.03071179472108397	0.008019916280780966	0.050618269450351	0.00106082499852338	0.0474549847925009	10063740
2021-01-04	-0.036037820657364654	0.0041730262072576544	0.004582142813080925	-0.03531462378468829	-0.020378900983408225	18464817
2021-01-05	0.09168756515356	0.01390957866506725	0.11769894101951925	0.01390957866506725	0.10942126181333608	25511487
2021-01-06	-0.04400226983908825	0.005939964439809704	0.010994900055668876	-0.05549741794818857	-0.02847276602352544	21443387
2021-01-07	0.020612350115409867	0.037191469348277016	0.06749377059752934	0.022955487667193415	0.037191469348277016	17945231
2021-01-08	-0.024313764108260458	0.031189055232358865	0.03218535323376104	-0.026597424430480784	-0.008464438145235365	15288729
2021-01-11	-0.016077164967517387	0.016448555704618017	0.0188992852653172	-0.019495818234245538	-9.402710770458798e-05	16382427
2021-01-12	-0.004289190338264731	0.001714642455420697	0.0149989649709342	-0.007833383920685957	0.011885429827447483	11927346
2021-01-13	0.010461500194629032	0.01832885702910333	0.045428788280958525	0.011658146092319691	0.026875732125842048	12639075
2021-01-14	0.011165278029781562	0.016244292264526065	0.04244468446552115	0.0038662052237970397	0.027590971764561018	13078828
2021-01-15	-0.02790605626312828	0.01767249043407265	0.02216096057019041	-0.022724271253782423	-0.012115096960948007	13669769
2021-01-18	-0.0035109331160756096	0.013935643694752869	0.025479104520433896	0.003231665316536495	0.012676336071113436	10750914
2021-01-19	-0.03917094179055837	0.015823060683095986	0.016033723387905284	-0.03830642855504536	-0.023562966844466297	20722477
2021-01-20	-0.004961227300389225	0.013613814994530446	0.02523174906640781	0.003311036022439289	0.011202514638980933	10251855
2021-01-21	-0.010622143313667672	0.02197209203221283	0.025056293281807664	-0.006446641511921332	0.00544958533795402	14751221
2021-01-22	-0.04754604946050317	0.012904365421677569	0.012904365421677569	-0.048105963552678696	-0.03207404172493341	27319768
2021-01-25	-0.008741618322004147	-0.0024581564256963566	0.01203631192749166	-0.034252250126744155	0.00736067622071948	18395286
2021-01-26	-0.013692294056996625	0.00940484686974358	0.012706638502069663	-0.012528483259279582	0.0023296026704136717	9104705
2021-01-27	0.0032940662905016423	0.010266410958872601	0.021983157986154647	-0.02081868546669244	0.01959192314840047	14087811
2021-01-28	-0.03330195146565608	0.0009911719251910031	0.012192763634619935	-0.021888602457118874	-0.017598640291725035	10148528
2021-01-29	-0.02474527635643147	0.018956258968719164	0.037939859394890856	-0.016299182110748194	-0.008902960384594965	10539569
2021-02-01	0.001243711072251629	0.017508245419146203	0.03747923998782614	-0.013333023572645283	0.017508245419146203	16856300
2021-02-02	0.004968967685374396	0.020031627543448123	0.054621756763522704	0.010184687068830016	0.021294017613269024	11434267
2021-02-03	-0.024721895135596434	0.0074510429643723135	0.030815893940372523	-0.00938163078997658	-0.008879136293335185	9172033
2021-02-04	0.0245880636243651	0.0046521836179610875	0.05359682869946093	-0.03295784672639899	0.041231775705990244	23694440
2021-02-05	0.010638283161527522	0.016495767739541943	0.04993473232282314	0.008198819029534904	0.027055406360839786	11962947
2021-02-08	0.017870327468264276	0.019975980809525173	0.03863407801945551	0.006293401066372546	0.03440495907346387	11547555
2021-02-09	0.03174604920367436	0.009889709143209474	0.060726413276735475	-0.0011086301356906653	0.048506063456512705	11954505
2021-02-10	0.013985984830718256	0.02287710361380246	0.04490759757484778	0.010322151803679553	0.030457480481713924	9967912
2021-02-18	-0.018390797938206103	0.0288597729574727	0.034933830114042705	-0.007117634927106537	-0.0024452239648254993	7133580
2021-02-19	0.02599536249886234	0.016244319979772156	0.04599386026607602	0.011484369734331302	0.04266191175400997	5893368
2021-02-22	-0.03446710329678586	0.016244273477567607	0.016244273477567607	-0.022958073371628678	-0.018782680423658604	7830099
2021-02-23	-0.023877057210087916	0.0018295521355929877	0.03017868506534998	-0.010182792326168451	-0.00802057032305148	5890996
2021-02-24	0.04214091299498866	0.014029241895266914	0.07482169637587682	0.01033733872412926	0.05906981081685143	12008318
2021-02-25	-0.009295790122085744	0.01624434624029023	0.022620966734399037	0.003963423893782839	0.006797548298058807	5529772
2021-02-26	-0.03542106103535252	-0.0011578939489099215	0.011238141253621612	-0.029287598667835462	-0.019752161301120764	7828384
2021-03-01	0.009241224593181606	0.012784338647007565	0.030578524508651967	0.00586441180374695	0.025635677253558253	3831957
2021-03-02	0.009638600006131759	0.02310089890851925	0.050037544718423956	0.011836528356547334	0.02603951020843152	6058053
2021-03-03	-0.004295972636009605	0.018669693053477952	0.024733203131177224	-0.013103124007706546	0.01187858602049516	6294703
2021-03-04	-0.052732484157111605	0.006013647683781399	0.006013647683781399	-0.03953706807180551	-0.03734478646202766	7146144
2021-03-05	0.0890687985305191	0.005186985994009074	0.10830281621815847	-0.022327725569398188	0.10676001233996238	11398594
2021-03-08	-0.04065985518518371	0.007744140657281438	0.022855580442207882	-0.04372920111012422	-0.025075994013981067	10074949
2021-03-09	-0.03608619868578359	0.018951738436184366	0.018951738436184366	-0.020428110829357003	-0.020428110829357003	6892771
2021-03-10	-0.027638193841758644	0.021606349800840384	0.03794806894558852	-0.024354422505000833	-0.011842820914440687	7178957
2021-03-11	0.0387597418308794	0.014931386177722316	0.0608855862786955	0.0010137496542273869	0.05563365143618422	7228134
2021-03-12	-0.0049751476455023565	0.015233071702680944	0.015485818222872342	-0.011563469295102484	0.01118831842896517	8658512
2021-03-15	-0.059249963446963455	0.005573769617166742	0.005827779875898804	-0.059465915357267654	-0.043968164623444085	11001592
2021-03-16	-0.0005314825067178262	0.019214983053593742	0.021105391792808206	-0.022374630352296223	0.015704146805838634	8728295
2021-03-17	0.0010635302611648266	0.013001819566254662	0.03461826126852995	-0.006993468043563671	0.017325113310827003	3926664
2021-03-18	-0.018061157120268855	0.012465335679107608	0.020293007645719643	-0.00912814070758668	-0.002110198125791838	4249790
2021-03-19	-0.03245868425305369	0.007997763107978055	0.01844336384072952	-0.016741697494164615	-0.016741697494164615	4932756
2021-03-22	0.009505136778038655	0.023630960317295398	0.05118919186592077	-0.005631845532237112	0.025903858634259123	4876490
2021-03-23	-0.03960124724216031	0.01596280281356981	0.02722006529461023	-0.02878459181159256	-0.024000222892682672	9307956
2021-03-24	-0.022491350494929816	0.01389998350800732	0.023570187025291043	-0.009542762728753216	-0.0066123278758161656	9668804
2021-03-25	0.028908583577252046	0.013246519887811427	0.05551508897983471	0.00725094819492225	0.045622505105203784	6613875
2021-03-26	0.03841744308740594	0.022654031518024142	0.06519186738851081	0.01070852855052091	0.05528581637631062	8129627
2021-03-29	-0.019878546182592827	0.01652485588452434	0.02353924213821275	-0.018547075383917713	-0.003957151976245731	5905210
2021-03-30	-0.00478871493617199	0.013095352772035522	0.03971811959306151	0.006511263350551731	0.011377842639292467	5098789
2021-03-31	0.01047269511523616	0.0162443471231615	0.03551640037930973	0.01164193695298673	0.02688712580715995	4697076
2021-04-01	-0.023809578708674485	0.022222188062750576	0.027630714135920983	-0.01222191734893799	-0.007952068795809406	6830034
2021-04-02	-0.018938362054410497	0.020909963551091912	0.042780358192740245	-0.004459665072693965	-0.0030016387632508263	11020221
2021-04-06	-0.003509743729855283	0.028728268970494734	0.05102084855544971	0.007327333122059254	0.012677581945887811	10150937
2021-04-07	0.013795211165551498	0.011471838577804283	0.03384293497808011	0.0061027754417380935	0.030263589382164512	7296855
2021-04-08	-0.02287208633003782	0.015067365754839922	0.03242648882137207	-0.009941481513475492	-0.006999316109395728	9344310
2021-04-09	-0.004444435344248443	0.016244311516008258	0.02136311152990746	-0.00904888023727916	0.011727609909607521	9660907
2021-04-12	-0.034523845386172265	0.015034517826558264	0.021688437886119762	-0.028216355750351883	-0.018840352738397334	7807022
2021-04-13	-0.020961762490979002	0.01185854392548559	0.021256579861000678	-0.01445604440925113	-0.005057945819954228	11030824
2021-04-14	0.0018892033223637408	0.01592435020918599	0.03992256320625338	0.004085199799682131	0.01816418342224562	10714340
2021-04-15	-0.01477060935917559	0.015924886580334516	0.018160496272136884	-0.012499261849585606	0.0012337691143431736	6522520
2021-04-16	0.02392339611929531	0.016568510215978396	0.056764360431744695	0.013002708266792605	0.04055631709947601	10508855
2021-04-19	0.0451713655516144	0.015927778393891378	0.06341583285293896	0.011179004606689445	0.06214945307532793	13327959
2021-04-20	-0.01192243926266531	0.01654727486886206	0.03017788304581553	0.0007962448575157705	0.004128223804204531	9781301
2021-04-21	-0.005128216918949618	0.01563118579305843	0.020842633577875823	0.0018359839988278056	0.011032764757690886	5644630
2021-04-22	0.016676728964166974	0.016244285898421043	0.04058731154607899	0.0051512307386965325	0.03319193116827688	8123071
2021-04-23	-0.007157657654107957	0.018365865780462013	0.018365865780462013	0.00018082056895500574	0.008970318694585738	5660313
2021-04-26	-0.0294383267973984	0.014717927054728762	0.014717927054728762	-0.015198666433603047	-0.013672224271941497	7842781
2021-04-27	0.011761006647357367	0.019075103219877675	0.03700324377246869	-0.006401835693839309	0.028196359530554892	7662836
2021-04-28	-0.02691956321949074	0.010337744716625194	0.010337744716625194	-0.01919523583163754	-0.011112533873904493	8993150
2021-04-29	-0.006601658762526144	0.01688329773815821	0.042121651125838044	0.0012291093658146376	0.009535413400119468	8960366
2021-04-30	-0.013607575651107887	0.00016449650802696265	0.018173889371193967	-0.01559369008761412	0.002415670615922852	12857064
2021-05-06	-0.014116177686450994	0.009723602744792035	0.019178587051365395	-0.005599907067605791	0.0018988477315565395	7977354
2021-05-07	-0.04165308725471201	0.016244333313458245	0.02318908847909957	-0.0267468034684323	-0.026085368293990285	10348588
2021-05-10	-0.014261444705336059	0.01624434612736041	0.024181024410153885	-0.010671496973075675	0.0017512184234430796	12608804
2021-05-11	0.022735096723142556	0.028496603265578416	0.07050466978781669	0.009242957160979564	0.03934874808714676	9827454
2021-05-12	-0.015830272620454916	0.010425454835214341	0.016244334840208936	-0.004292802128848732	0.0001568692364332661	6795630
2021-05-13	-0.012662501711130144	0.012070840228862977	0.03224269890009111	0.001289364338824883	0.0033760735602301343	8506986
2021-05-14	0.032928850501978905	0.02117578299419306	0.06027564912470556	0.01800552357820557	0.049708082512975905	9984105
2021-05-17	0.008053770648516706	0.029885257145289133	0.04523119490966607	0.014539251176592724	0.02442891159274275	11589999
2021-05-18	-0.014314226925994341	0.014891091022131308	0.01827406132553846	-0.008789734931421468	0.00169754066854665	7310732
2021-05-19	0.04018907977761104	0.010409725248188681	0.06703931015376621	0.0021726897243256314	0.05708619124145027	11542866
2021-05-20	-0.009090932187370565	0.022843291202198163	0.026142785689947236	0.001396577031829538	0.007005717661002822	8507024
2021-05-21	-0.01703800873650461	0.018908138039277177	0.02656659790035661	-0.0010704529026694795	-0.0010704529026694795	6405613
2021-05-24	0.015666625791061466	0.016583074924984287	0.03521418704180088	0.001339376147932699	0.03216545406135275	7414822
2021-05-25	0.08139160174587241	0.017244936504905214	0.10462791081303358	0.011241523764876273	0.09895808770759225	20249450
2021-05-26	-0.028831575657337256	0.019636954973067926	0.035983190609865844	-0.013980900035301622	-0.013055608826564345	12711202
2021-05-27	0.00999997110055224	0.01116309447791576	0.04006254221582102	0.008304907339002058	0.026406759218788874	15780490
2021-05-28	-0.01918312128822798	0.015615449618161614	0.01592994454204941	-0.007338057674696437	-0.003250409744248802	10217074
2021-05-31	-0.004731915556061827	0.015282551018108484	0.024579391072188008	0.0005357562991036591	0.011435537396235226	8152791
2021-06-01	0.0038035561981354907	0.0162443197013897	0.029128623132562422	0.005292716542908702	0.020109623614980587	8030786
2021-06-02	-0.02715506119654913	0.01656516684905261	0.018490479665054564	-0.017769546281102652	-0.01135190107152318	8944942
2021-06-03	-0.008114286946953738	0.01096682963407971	0.03735425132002083	0.0070087543130598106	0.007998215420902089	7111348
2021-06-04	0.004581213552709	0.016244313387941828	0.03087613697324386	0.01125623630181761	0.020899949546926574	4969755
2021-06-07	0.047231293756433534	0.022864768141383877	0.06523586533300112	0.021209647157336427	0.06424285894741198	13403115
2021-06-08	-0.001555312057319324	0.020669618042302492	0.03615819209039534	0.003600475975306024	0.014663725089964434	13149178
2021-06-09	-0.009034254115101144	0.01656098411204811	0.02542535762699791	0.0029477101750849215	0.007063309902832788	7422857
2021-06-10	-0.016661359683826336	0.018161222613836008	0.02135589104007614	-0.02241190980874507	-0.0006876980793940656	15015271
2021-06-11	-0.044834339024225504	-0.007147563120611899	-0.0058479855150101265	-0.04905786065439046	-0.044834339024225504	14267432
2021-06-15	-0.009183707482993098	0.0	0.015646292517006867	-0.02040819727891153	-0.009183707482993098	8767011
2021-06-16	-0.01201503645777684	-0.0010298318238871243	0.016134604055427527	-0.014418126138624367	-0.01201503645777684	6168449
2021-06-17	0.07018755836735381	0.0072966988430611885	0.0851285237967852	0.0	0.07018755836735381	17410441
2021-06-18	-0.02792201389357191	0.006493539171868165	0.023376656603138198	-0.029220747701972364	-0.02792201389357191	16557784
2021-06-21	0.007681997071409682	-0.004676085348160111	0.01937204344114754	-0.023714127464457946	0.007681997071409682	10265731
2021-06-22	0.013589658601259415	0.0009943984090155322	0.030493868080874977	0.0006629433211798822	0.013589658601259415	11183982
2021-06-23	0.10006536952256392	0.0	0.10006536952256392	-0.0075212557226944695	0.10006536952256392	33667666
2021-06-24	0.06391207086540024	0.025862040007789532	0.0998811266314246	0.0136741680640358	0.06391207086540024	53118356
2021-06-25	-0.01788206152886098	-0.020676221830784443	0.008661553264555729	-0.03324959392987995	-0.01788206152886098	29919403
2021-06-28	0.003129331258644094	0.0	0.01991453656247299	-0.009103840164788619	0.003129331258644094	19553073
2021-06-29	-0.01616559932873515	0.009359104331202751	0.0181509936557568	-0.021554113531146626	-0.01616559932873515	14331799
2021-06-30	0.034303892600285164	0.0008648602151877604	0.04987025223033299	-0.014413376028059269	0.034303892600285164	20125483
2021-07-01	0.01560752464861972	0.0002786510513197327	0.022296515543575365	-0.027870679267818305	0.01560752464861972	19350410
2021-07-02	0.009879253838618367	-0.012074616138161812	0.03375408983957435	-0.03375411728194605	0.009879253838618367	22443332
2021-07-05	-0.009782608961483924	0.0021739674503795598	0.03777174015684078	-0.02065212012641639	-0.009782608961483924	19569422
2021-07-06	-0.040065835347580646	0.0	0.0	-0.0504939915064213	-0.040065835347580646	17601379
2021-07-07	-0.012292767295597406	-0.023727787307032483	0.0005717552887365102	-0.02744425385934802	-0.012292767295597406	13705550
2021-07-08	0.03299565942100318	0.00868303932512414	0.05296677432610057	-0.0014471491012199359	0.03299565942100318	16610923
2021-07-09	-0.01036702186514491	-0.016531269726289453	-0.0022414682611788064	-0.028859597334256124	-0.01036702186514491	12008053
2021-07-12	0.01925254813137032	-0.0005662797281993376	0.03793884484711201	-0.018686296715741894	0.01925254813137032	15169872
2021-07-13	0.007222166666666752	-0.0033333055555555546	0.0075000000000000865	-0.030277777777777872	0.007222166666666752	14198187
2021-07-14	0.010755764520450264	-0.007721952990731168	0.02868177212806235	-0.012686128664430796	0.010755764520450264	13173079
2021-07-15	0.01909948054027388	0.006821282028852277	0.031923545324772415	-0.030013722782334388	0.01909948054027388	15911052
2021-07-16	0.04685408550758156	-0.004015984150788952	0.06425708510078101	-0.012048086321182634	0.04685408550758156	24138150
2021-07-19	0.004092071820566428	0.017902839790426596	0.03785176664203412	-0.01381066566806473	0.004092071820566428	16436491
2021-07-20	-0.0066224659512209615	-0.02241459614949555	0.0	-0.03769737838499142	-0.0066224659512209615	13586877
2021-07-21	0.030769256410256417	0.002820538461538382	0.06307689743589752	0.0005128205128205929	0.030769256410256417	19519527
2021-07-22	-0.05199004845795908	-0.0002488059639600523	0.002487512375932512	-0.05472639167347285	-0.05199004845795908	19682871
2021-07-23	-0.014956703884631236	0.002361584823889231	0.03306213505478531	-0.03175016972578921	-0.014956703884631236	16539950
2021-07-26	-0.006393233713552564	-0.009057005619152656	0.014384682621612178	-0.04075660520094269	-0.006393233713552564	11508769
2021-07-27	0.015817694794040167	0.010723914496619708	0.04745311119177244	-0.0026809116000244227	0.015817694794040167	19962668
2021-07-28	-0.016890974317523816	-0.02084985539323988	0.006862048214886401	-0.08946949299206904	-0.016890974317523816	16248959
2021-07-29	0.026040295302013516	0.020134228187919462	0.03758394630872485	0.006443006711409314	0.026040295302013516	13109246
2021-07-30	-0.03532187244055811	0.0007849031715095076	0.002093092566899625	-0.038461563619530084	-0.03532187244055811	12570232
2021-08-02	0.022511581841919776	-0.004339571585016766	0.026579848835905837	-0.037157554574384445	0.022511581841919776	12911459
2021-08-03	0.00742702898071532	-0.000530530489906369	0.01591506589084704	-0.018302466358024693	0.00742702898071532	9738264
2021-08-04	0.019747235387045814	-0.007109031068983505	0.022116903633491402	-0.007898894154818252	0.019747235387045814	12097310
2021-08-05	-0.010327859540407864	0.002323780015491955	0.018332016524657976	-0.015233694810224473	-0.010327859540407864	10112809
2021-08-06	-0.03443787975800255	-0.008348655969284772	-0.004957030787527673	-0.03730759001786641	-0.03443787975800255	9607956
2021-08-09	-0.013780006148608899	-0.017833019066901965	0.014590678983554567	-0.021075332130523382	-0.013780006148608899	8916057
2021-08-10	-0.0035616712328767133	0.0008218904109588098	0.011232876712328674	-0.012054767123287678	-0.0035616712328767133	6846298
2021-08-11	0.006048969096754813	0.0005499037819605969	0.022271130664589783	-0.019521556764409132	0.006048969096754813	7668224
2021-08-12	0.013664935774801858	-0.0035529106313200334	0.02377696091828368	-0.007652336704017591	0.013664935774801858	7539656
2021-08-13	-0.022378053383661372	0.0	0.00026956052844421554	-0.029387975195470567	-0.022378053383661372	6364261
2021-08-16	0.0432985131438782	-0.005515637369864259	0.05626037265639111	-0.01737443559704562	0.0432985131438782	11141762
2021-08-17	-0.043087520851836064	-0.003172164780747222	0.007137086590690612	-0.04758136148129212	-0.043087520851836064	8428911
2021-08-18	-0.022099419279021558	0.0	0.006077265025489898	-0.039779087298920164	-0.022099419279021558	7646393
2021-08-19	-0.031073529317879725	-0.00028257060550441614	0.0	-0.03954807686169059	-0.031073529317879725	6212512
2021-08-20	-0.0247812835213202	-0.004664723168067632	-0.0011662099465366347	-0.0440232665895997	-0.0247812835213202	7120170
2021-08-23	0.01644242103311147	0.0038864273875507515	0.042451358970063996	-0.002690582879205397	0.01644242103311147	5970673
2021-08-24	-0.0011764999999999007	0.010588264705882262	0.014705882352941176	-0.008823499999999991	-0.0011764999999999007	4277562
2021-08-25	-0.03268554277637063	-0.004711425344859512	0.0041224677303434544	-0.03327435315884441	-0.03268554277637063	6590214
2021-08-26	-0.02070015346728483	-0.00030435313877327953	0.007305997400669676	-0.02435309128481529	-0.02070015346728483	5817288
2021-08-27	0.008082126707001973	-0.0012433012896052905	0.018961797883854294	-0.02424616252696068	0.008082126707001973	4470113
2021-08-30	-0.030527258711070027	0.014801110083256148	0.014801110083256148	-0.03977801418439717	-0.030527258711070027	6081680
2021-08-31	0.008269719838749419	-0.023536894925671233	0.02194656418745029	-0.05693387223492773	0.008269719838749419	7507989
2021-09-01	-0.00883283883808075	0.0018927128740469517	0.012618201494693929	-0.030599399665634075	-0.00883283883808075	8041293
2021-09-02	0.035964322087842074	0.0022278803309992595	0.04455760661998722	-0.025461457670273812	0.035964322087842074	9444408
2021-09-03	-0.0052226729715106794	-0.0101381877154588	0.007680491787419102	-0.016589892982792308	-0.0052226729715106794	3765958
2021-09-06	0.01451503969996787	0.004941321650978226	0.017912229218275916	-0.008647405538993055	0.01451503969996787	4321190
2021-09-07	0.018873760662025126	0.004261918067696612	0.026484111201468083	0.004261918067696612	0.018873760662025126	6371653
2021-09-08	0.0005975799044641048	0.0	0.025993396295387022	-0.005079234984187893	0.0005975799044641048	4594099
2021-09-09	-0.04299799683499563	-0.002687369203501281	-0.0020902954857989348	-0.04478954644433878	-0.04299799683499563	6110498
2021-09-10	-0.010608424667969563	0.00031207489273244805	0.012792512099610477	-0.03276128027336287	-0.010608424667969563	5777679
2021-09-13	-0.034058657649279594	0.0015768212417793435	0.005361085000349628	-0.048880449349746107	-0.034058657649279594	8391308
2021-09-14	-0.014691446774124994	-0.0042441725185822414	0.008161933012142769	-0.019588573933678643	-0.014691446774124994	7271164
2021-09-15	-0.0016567594433399002	0.0	0.005632869449966922	-0.00894632206759442	-0.0016567594433399002	6154104
2021-09-16	0.0006638234538274312	-0.001991337603429766	0.0076336544186410005	-0.03285761808355858	0.0006638234538274312	8516485
2021-09-17	0.026534029850746328	0.0016584079601990628	0.035820895522388124	-0.014925339966832447	0.026534029850746328	9080134
2021-09-22	0.015185750720977404	-0.014539611808090097	0.026494312552687777	-0.0297253625290675	0.015185750720977404	5852554
2021-09-23	0.028644175684277483	-0.0019095798854233369	0.03851053469127939	-0.017186537237428395	0.028644175684277483	8440221
2021-09-24	-0.014851485148514865	-0.004022308168316832	0.016398452970297	-0.02846534653465352	-0.014851485148514865	5801107
2021-09-27	0.015389510050251272	-0.001884390703517627	0.029522581658291355	-0.010678391959798991	0.015389510050251272	4410506
2021-09-28	0.0068047320256893066	-0.00835140684494856	0.017012031115865682	-0.013300401280519616	0.0068047320256893066	4064866
2021-09-29	0.0030722888808691192	-0.005837112314504304	0.012288848303804884	-0.021505346282806283	0.0030722888808691192	4231125
2021-09-30	0.02082695125102901	0.005819233946754514	0.02542107041831104	-0.005819387086101779	0.02082695125102901	4904189
2021-10-08	0.0030002398439699872	0.0036003298169619063	0.023102188832751915	-0.006900809666918141	0.0030002398439699872	4444853
2021-10-11	-0.023930571343104987	0.0	0.007777415495064329	-0.025725396350583293	-0.023930571343104987	4165504
2021-10-12	-0.003984094269564994	0.009193962329329983	0.009806925841038138	-0.013178056598894978	-0.003984094269564994	3003524
2021-10-13	-0.010153907692307703	0.0	0.007999938461538555	-0.03969233846153847	-0.010153907692307703	3783612
2021-10-14	-0.017718310085067406	0.00031091080577624116	0.007149642968582124	-0.020205099173459695	-0.017718310085067406	1901288
2021-10-15	0.014556993670886023	-0.006962056962025313	0.042088607594936656	-0.006962056962025313	0.014556993670886023	3201150
2021-10-18	-0.02432938164911477	-0.0009358078310728434	0.0028072675356435855	-0.031503492467139974	-0.02432938164911477	3099250
2021-10-19	0.024936060583885568	-0.0038363489822138583	0.027813330312873138	-0.007992327110219723	0.024936060583885568	3485589
2021-10-20	0.007485901201313123	-0.0028072987271584417	0.016219618957591442	-0.01933873925955277	0.007485901201313123	3606720
2021-10-21	-0.012074272819636916	-0.0034055728608536314	-0.003095913408542191	-0.04551080636256371	-0.012074272819636916	4889482
2021-10-22	0.04638041366342849	-0.0037605452836101524	0.052334753995612666	-0.009714822939517352	0.04638041366342849	9035591
2021-10-25	-0.04192869248064381	0.00928427700761528	0.00928427700761528	-0.04881698259409955	-0.04192869248064381	6948964
2021-10-26	0.045639293529227944	-0.013129102844638892	0.05439199749921846	-0.013129102844638892	0.045639293529227944	9889991
2021-10-27	0.015545589968741799	-0.003587413943575068	0.02122567948503189	-0.0044843645894061595	0.015545589968741799	8258685
2021-10-28	-0.015013305416152329	-0.009125728315404136	0.06505737223852293	-0.0256109206473089	-0.015013305416152329	11240531
2021-10-29	0.0457263313128011	0.00029892409739761395	0.05080696505699217	-0.007471608113317636	0.0457263313128011	12184846
2021-11-01	0.10002857387661768	0.07173472010661798	0.10002857387661768	0.057730662604706516	0.10002857387661768	26982780
2021-11-02	0.04182894040899251	0.0187060785291725	0.07170688117916968	-0.0496232761952051	0.04182894040899251	46903045
2021-11-03	-0.017456260222257335	-0.030174540158331088	-0.0024937158350980307	-0.05735658640182475	-0.017456260222257335	20362079
2021-11-04	0.00456852768687676	-0.00025388323584342817	0.040101470045610564	-0.009644720322602966	0.00456852768687676	21149968
2021-11-05	0.016169756636192262	0.0010105355729896025	0.036381958747753546	-0.01339067643301283	0.016169756636192262	17223724
2021-11-08	-0.0029836647691780034	0.0002486076517002928	0.01417205335226106	-0.026852361341313746	-0.0029836647691780034	14392600
2021-11-09	0.009975112716963244	-0.0024937158350980307	0.01895269421210439	-0.02294259466047853	0.009975112716963244	12738007
2021-11-10	0.0029629382716049374	-0.011111135802469144	0.04913585185185178	-0.028395111111111128	0.0029629382716049374	16135022
2021-11-11	-0.020187100447737586	0.001230896140593201	0.001230896140593201	-0.03028065067160629	-0.020187100447737586	12281794
2021-11-12	-0.012562814386000362	-0.0025125126259425124	0.01005030176005785	-0.02261299051791431	-0.012562814386000362	13640143
2021-11-15	0.027480967620380863	0.010432570240014604	0.03816793990249211	0.0025446056627126366	0.027480967620380863	18844249
2021-11-16	-0.018573550803032423	-0.009163026023699132	0.007677018135784599	-0.024269414951227947	-0.018573550803032423	10007902
2021-11-17	0.023467069809057026	0.0	0.0348220278874079	-0.009084052256269105	0.023467069809057026	11854099
2021-11-18	-0.038461562168107435	-0.0014793145591884909	-0.0014793145591884909	-0.04092699603237187	-0.038461562168107435	12371447
2021-11-19	0.050000025641025646	0.004615384615384608	0.05692310256410265	0.004615384615384608	0.050000025641025646	16885821
2021-11-22	0.0009768253729712149	0.013919389159477744	0.019535994638925643	-0.028083076237287532	0.0009768253729712149	12943943
2021-11-23	-0.009758525993728753	-0.01195418336403099	-0.005367211253124453	-0.04342529673455477	-0.009758525993728753	12766484
2021-11-24	-0.0017245627001724632	-0.03178125153978822	0.019709263365360916	-0.0372012318305002	-0.0017245627001724632	12590189
2021-11-25	-0.010612043435340566	-0.0009871668311946262	0.015794669299111386	-0.017522186574531178	-0.010612043435340566	9926228
2021-11-26	-0.04265400349214276	-0.003991020204539878	0.0	-0.05961583936143684	-0.04265400349214276	18540241
2021-11-29	0.007034939889657653	-0.012767117958126082	0.01667532525598431	-0.02032316257625946	0.007034939889657653	12568545
2021-11-30	0.041138419604738866	0.006726985421630662	0.041138419604738866	-0.0069857952400623575	0.041138419604738866	11742005
2021-12-01	-0.025596494751665113	-0.01739565022884443	-0.010934467647392197	-0.05119289009975689	-0.025596494751665113	10459355
2021-12-02	-0.024483525235489124	-0.005610737199967957	0.00382560581039529	-0.030859449907152593	-0.024483525235489124	6082241
2021-12-03	-0.006535947712418301	0.008627503267973865	0.010980339869281036	-0.023529464052287598	-0.006535947712418301	7671797
2021-12-06	-0.018157868421052638	-0.011578921052631586	0.00026310526315797525	-0.01842107894736843	-0.018157868421052638	6429527
2021-12-07	-0.018225676273769056	0.0016080943015788238	0.016885499413414662	-0.03001881452643219	-0.018225676273769056	8880500
2021-12-08	0.055146080940592944	0.00982803685973137	0.06033303138593972	-0.0035490307521422134	0.055146080940592944	11985174
2021-12-09	0.1001293091783023	-0.0069857952400623575	0.1001293091783023	-0.009573168974221634	0.1001293091783023	29626223
2021-12-10	-0.03527751646284101	0.011288805268109051	0.020696190028221952	-0.047977422389463925	-0.03527751646284101	28064349
2021-12-13	-0.00048756704046814056	0.0007313261823499891	0.01462698683568983	-0.025353486104339497	-0.00048756704046814056	20976834
2021-12-14	-0.012682926829268368	-0.0039024390243901606	0.0031707560975609765	-0.02658536585365862	-0.012682926829268368	10900126
2021-12-15	0.005681793478261031	-0.004940736166007913	0.02025689229249019	-0.00938740118577069	0.005681793478261031	9332099
2021-12-16	0.006877990834634841	0.0002456890259319354	0.011053819971845078	-0.012281994897617167	0.006877990834634841	13585759
2021-12-17	-0.021956622495407384	-0.01219809650167863	-0.004635349859216822	-0.053427735865931344	-0.021956622495407384	18616807
2021-12-20	-0.019206784734347795	0.0024943626839610085	0.0052381890745820964	-0.02469448740334258	-0.019206784734347795	8576610
2021-12-21	0.02339781281790429	0.0	0.03763985249237028	-0.004832121057985765	0.02339781281790429	7817800
2021-12-22	0.03926436186558846	-0.002485163892387328	0.05293232838308515	-0.005715804884900202	0.03926436186558846	17344248
2021-12-23	0.04256331898613101	0.04471542324246772	0.05643232902917263	0.02415117168818747	0.04256331898613101	15499470
2021-12-24	0.01399084926563538	-0.0020642202781751572	0.0355505520894749	-0.010091697710628398	0.01399084926563538	15379291
2021-12-27	-0.01900022662294119	-0.004750034036417946	0.015381135837618989	-0.026916965096515838	-0.01900022662294119	8893659
2021-12-28	-0.006225524699689309	0.006225501642275876	0.022596242162698676	-0.015909592250624684	-0.006225524699689309	8731805
2021-12-29	-0.023665801562218147	0.006032552484109107	0.006264524652646169	-0.03178649799473315	-0.023665801562218147	9897163
2021-12-30	0.0033269722753340907	0.011169129697284693	0.029942916827808207	-0.007604657433238651	0.0033269722753340907	10112171
2021-12-31	0.004973922193890906	0.006868711348443587	0.017290383294874787	-0.017290359609418448	0.004973922193890906	10808154
