2020-05-06	0.10028856425887117	0.10113122931245155	0.10113122931245155	0.10113122931245155	0.10113122931245155	46744
2020-05-07	0.10032788764889157	0.1011705521997707	0.1011705521997707	0.1011705521997707	0.1011705521997707	40937
2020-05-08	0.10011921638148966	0.10096169662328246	0.10096169662328246	0.10096169662328246	0.10096169662328246	56987
2020-05-11	0.10021665767025538	0.10105919841064082	0.10105919841064082	0.10105919841064082	0.10105919841064082	102323
2020-05-12	0.09995073827398808	0.1007931062005136	0.1007931062005136	0.1007931062005136	0.1007931062005136	98133
2020-05-13	0.0998210026747686	0.1006632139079184	0.1006632139079184	0.1006632139079184	0.1006632139079184	154112
2020-05-14	0.10012208772867205	0.10096455578257309	0.10096455578257309	0.10096455578257309	0.10096455578257309	89236
2020-05-15	0.09988898200573415	0.10073133583186894	0.10073133583186894	0.10073133583186894	0.10073133583186894	184913
2020-05-18	0.09989908792696589	0.10074138068432728	0.10074138068432728	0.10074138068432728	0.10074138068432728	104347
2020-05-19	0.10000009426173938	0.10084249428902399	0.10084249428902399	0.10084249428902399	0.10084249428902399	114403
2020-05-20	0.1000833671007161	0.10092576316070032	0.10092576316070032	0.10092576316070032	0.10092576316070032	170417
2020-05-21	0.10007585334481799	0.1009182670029947	0.1009182670029947	0.1009182670029947	0.1009182670029947	100417
2020-05-22	0.09993113729042052	0.10077342205180626	0.10077342205180626	0.10077342205180626	0.10077342205180626	387870
2020-05-25	0.10004169271973964	0.1008841209262105	0.1008841209262105	0.1008841209262105	0.1008841209262105	297899
2020-05-26	0.10005697923848907	0.10089940477710516	0.10089940477710516	0.10089940477710516	0.10089940477710516	242219
2020-05-27	0.0999309475063215	0.1007732351025582	0.1007732351025582	0.1007732351025582	0.1007732351025582	259698
2020-05-28	0.09995289821100044	0.10079521230375676	0.10079521230375676	0.10079521230375676	0.10079521230375676	224126
2020-05-29	0.10000007594970307	0.10084239813026209	0.10084239813026209	0.10084239813026209	0.10084239813026209	380317
2020-06-01	0.09998695954590216	0.10082931073995768	0.10082931073995768	0.10082931073995768	0.10082931073995768	158487
2020-06-02	0.09997652436055138	0.10081885250440074	0.10081885250440074	0.10081885250440074	0.10081885250440074	451488
2020-06-03	0.10000000600673967	0.10084231608707284	0.10084231608707284	0.10084231608707284	0.10084231608707284	375873
2020-06-04	0.0999706038355517	0.10081300810788343	0.10081300810788343	0.10081300810788343	0.10081300810788343	412606
2020-06-05	0.10000894208994576	0.10085128572174111	0.10085128572174111	0.10085128572174111	0.10085128572174111	5697713
2020-06-08	0.10001609348736594	0.10085846299117324	0.10085846299117324	0.10085846299117324	0.10085846299117324	2031016
2020-06-09	0.061493394165437185	0.05512658804628041	0.09989001173526127	-0.04392430866808758	0.06230628267512267	50163863
2020-06-10	-0.08234486565805185	-0.06135064978634324	-0.05030775660984287	-0.09240890219213874	-0.0816420975298498	22677144
2020-06-11	0.04990237824584047	0.034159837826049755	0.08003888759836608	0.020621759118917816	0.05070636793847261	20867702
2020-06-12	0.09999996188923416	0.012227698828428953	0.10084233016523886	0.003846168581288032	0.10084233016523886	12662245
2020-06-15	0.10001958419329496	0.061526861389589675	0.10086195979241117	0.009492480371815243	0.10086195979241117	19274690
2020-06-16	-0.036618614994668855	-0.040913061695815954	-0.01983685649554926	-0.08235508943367792	-0.03588084744006837	15548197
2020-06-17	0.012895335719345804	0.006603889341917946	0.04470491338156318	-0.02160314763831716	0.013670988541974158	12756489
2020-06-18	-0.04031527902485042	-0.019922982228935415	-0.019922982228935415	-0.06639685446355927	-0.039580342588676674	10408248
2020-06-19	0.00814915083210989	-0.0032801993604436724	0.02086965584897049	-0.012194204604383311	0.008921174343463841	8569411
2020-06-22	-0.008083278972544601	-0.009204917979823824	0.00020141234105088378	-0.039304974840927966	-0.007323658939006586	7501716
2020-06-23	-0.049968402415115604	-0.002584814408077301	-0.0014468747465645091	-0.0664997971720132	-0.04924088042525253	10130142
2020-06-24	0.025932663237202763	0.004026533599189642	0.06098875726940682	0.004026533599189642	0.026718284702369647	7387163
2020-06-29	0.08010881087332876	0.017565169827019854	0.09488140777508988	-0.014087834185282044	0.08093595098519915	9924794
2020-06-30	-0.009901018983404923	0.0022070774345029675	0.050909185253985335	-0.027158343412673397	-0.00914279220988091	9345726
2020-07-01	0.024606062449454687	0.010530865989204998	0.04522409610105132	0.0001592976596753788	0.02539072230220649	7803940
2020-07-02	-0.023186990160687645	0.0004106667984699081	0.0033704296733460394	-0.038066698095899285	-0.02243893398049509	6971085
2020-07-03	-0.03051961618871022	-0.009172797156032367	-0.0061427093659778415	-0.054623554053122456	-0.029777168450082547	5691774
2020-07-06	0.02929424904937557	-0.0032972015399017882	0.042646764499018615	-0.01867441068987454	0.030082498735665705	7077807
2020-07-07	0.04071851031354946	-0.0231009914691552	0.07084791168030505	-0.0231009914691552	0.04151546093992659	8664555
2020-07-08	0.008746308859272777	0.0036834307459670985	0.020897802902490277	-0.026193659286965487	0.009518801999227717	6391928
2020-07-09	0.09999999352105376	-0.011035103352313683	0.10084241851680269	-0.01606785977111114	0.10084241851680269	9635633
2020-07-10	0.06148191732696574	-0.009226078518910533	0.07717742993656351	-0.01527377737607006	0.06229482630953449	8593916
2020-07-13	0.09999996670719795	0.03108595405254837	0.10084230928086524	-0.004188525818859348	0.10084230928086524	5719999
2020-07-14	0.04918988332095763	0.04490395196544627	0.07643122765559504	0.0007657659992379872	0.04999336224737612	9195300
2020-07-15	-0.07296348557574475	-0.03894194572415988	0.03021404071446157	-0.07706150000110887	-0.07225361621669564	9002473
2020-07-16	-0.07458820770466303	-0.018821670544238684	-0.009282685672789183	-0.08777141905239229	-0.0738795422031492	8419173
2020-07-17	0.09999998388767127	0.013075189729850212	0.10084230140292208	-0.02140121454593295	0.10084230140292208	8288357
2020-07-20	-0.08627282182425011	-0.00837762132784274	0.015322378979119486	-0.09931079099218158	-0.08557305637517916	8927270
2020-07-21	0.043627599157293515	-0.019347042634289036	0.07315243271288278	-0.05942347920203706	0.04442682784968036	7079573
2020-07-22	0.031031011944969458	-0.01764771142597891	0.054718132799328065	-0.03629960131788789	0.03182057173197922	5429900
2020-07-23	0.05987053847515354	-0.01963812762225332	0.08571292174869723	-0.023756016537573817	0.06068219516196128	6752534
2020-07-24	-0.0839694277199417	-0.013421696523254055	0.04328468266969105	-0.08545068334581159	-0.0832679626996402	7356889
2020-07-27	0.05995239437312654	0.00553127241902965	0.0642905271589048	-0.019249549370187056	0.06076406878348517	5532168
2020-07-28	-0.034143532407739624	-0.002426386894375035	-0.0021116476610510307	-0.07607092993524998	-0.033403889229741524	6422185
2020-07-29	0.027954852385071574	-0.022183033534813074	0.05429756924773983	-0.022183033534813074	0.028742017826806493	5728450
2020-07-30	0.09999989919889044	0.05510596957547375	0.1008422794899178	0.05320404282946585	0.1008422794899178	5199436
2020-07-31	0.08066642668431194	0.04563769211222146	0.10084239592928546	-0.032579290439542906	0.08149395833884578	9982018
2020-08-03	0.09858777680500509	-0.024795216466440853	0.09969572826708023	-0.025023805986279533	0.0994290547156711	7628856
2020-08-04	-0.09805615064671676	-0.009636809198582987	0.029164937171980744	-0.09930727053715498	-0.09736547902829101	9493773
2020-08-05	0.003803089023992613	-0.02925988636348102	0.03263680856937889	-0.0561714928560288	0.00457180291648832	4846546
2020-08-06	-0.024110194383828325	0.014936673120445691	0.014936673120445691	-0.08510164805280925	-0.02336288083512439	6130651
2020-08-07	0.04039217843742427	-0.014932450824195528	0.06693408316661897	-0.02670622576395914	0.041188888482730605	6068189
2020-08-10	-0.03656243112803851	0.012836867531079007	0.012836867531079007	-0.09617989165704399	-0.03582461589764443	4791661
2020-08-11	-0.023082850226093014	-0.017244786442480266	0.011885482610460855	-0.027033221421689475	-0.022334767588686317	2795130
2020-08-12	-0.08450145399237725	-0.00997536913127917	0.01559486311669351	-0.09903030160816417	-0.08380033443146076	5097750
2020-08-13	-0.059492543326913915	0.0007658336148910262	0.015650281908763105	-0.08854143226723118	-0.05877234568283189	5395121
2020-08-14	-0.03265118326923388	-0.008543704957731905	0.01221637104110957	-0.05052931265006862	-0.03191038758619375	4031087
2020-08-17	0.047696892229665305	0.005673910901541429	0.06822772515969144	-0.0015439345777603713	0.04849918419447308	3115677
2020-08-18	0.0029830040500950982	-0.0011172055140281465	0.03470642729710803	-0.011956160421483612	0.003751124635247118	2644108
2020-08-19	-0.06154198607702924	0.0023685267053708404	0.0023685267053708404	-0.06892831271309457	-0.060823301141860624	3229258
2020-08-20	0.021452982990519683	-0.014360292661905454	0.027016960842404156	-0.014360292661905454	0.02223516515648496	2146200
2020-08-21	0.009785201202412804	0.023695004835571392	0.041512977027346507	0.0031542446422084436	0.010558506058827676	2530337
2020-08-24	-0.02609308194508088	0.011504361609297383	0.019404507469148267	-0.04441173370297173	-0.025347285075275346	3372084
2020-08-25	-0.004610997921125448	0.0027572346979342047	0.02490686913734183	-0.01327204132217945	-0.003848742104153614	2036078
2020-08-26	-0.03310909963309161	0.005157650428379388	0.025506780671630133	-0.033344586043495314	-0.03236863837499898	2755638
2020-08-27	0.00010080738611831626	-0.00791502966833374	0.014342219475803164	-0.0331499157533731	0.0008667301342676452	2142967
2020-08-28	0.09999504385972195	0.019387417529101565	0.10083742521058923	0.009546720170844488	0.10083742521058923	3989851
2020-08-31	-0.002796357312650208	0.013886722528043304	0.032237543218537605	-0.019144949968320425	-0.0020327042760954496	3116985
2020-09-01	0.015078480713543204	0.0006278062905117779	0.03743246298456104	-0.0038347562162213368	0.015855772053212102	2101610
2020-09-02	-0.03586805174802647	-0.003811872625939308	-0.002905449297533136	-0.04908901641422355	-0.035129711371812235	2632254
2020-09-03	-0.0017848878512468	-0.00835383586226344	0.017735885851732785	-0.032140202614945886	-0.0010204812146097776	1967919
2020-09-04	0.006352537494351713	-0.015010333293617392	0.03603810319938893	-0.022356701666898036	0.0071232358992590825	2340472
2020-09-07	-0.0782754448427113	0.0014210079485984185	0.005117837730919865	-0.08281069047557338	-0.07756958905280571	3402151
2020-09-08	-0.0030945483206074264	0.02041351798305388	0.035644298871563264	-0.01568347103327887	-0.002331137460361194	1823892
2020-09-09	-0.09999494356362484	-0.022202325872323243	-0.022202325872323243	-0.09930574387073561	-0.09930574387073561	3144654
2020-09-10	-0.011308353641788962	0.0016711543990587188	0.01728871979375918	-0.060685744395376814	-0.010551223330602898	2884691
2020-09-11	0.022646640390034913	-0.009879473186640453	0.03413225851249453	-0.009879473186640453	0.023429785680360568	1767883
2020-09-14	0.008388396505674942	0.007649546803460722	0.0426835666796459	-0.005390335590470853	0.00916059238320859	2164990
2020-09-15	0.015971630839550794	-0.007670154633148786	0.02590704360922992	-0.014441096377106052	0.0167496174304862	1457338
2020-09-16	-0.025382140288774988	-0.00486084804365269	0.013876172872983502	-0.03856566965632655	-0.024635817064627426	1510532
2020-09-17	0.02492293397346419	-0.008706640899600115	0.035684705533099215	-0.01913184128272568	0.025707793286288656	1762810
2020-09-18	0.007431715456363083	0.0018595902447341623	0.027452891092486928	0.0007657739785192374	0.008203216221616334	2074793
2020-09-21	-0.021859324242151607	0.0008743477388362801	0.0069540933656650795	-0.033812636895409025	-0.021110332788372373	1370520
2020-09-22	0.02922414159341111	-0.00661531614347281	0.07596330712601711	-0.00661531614347281	0.03001227859014358	3394129
2020-09-23	0.0830280000180569	0.0018441384903596122	0.09976394954854137	-0.005111527678428169	0.08385735014722492	3575052
2020-09-24	-0.05452468574609833	-0.019198786377829118	-0.009739252959307419	-0.05604100250323586	-0.0538006114560009	2443100
2020-09-25	-0.009734181998485178	0.005610311678805357	0.02109181628035967	-0.021192607959484713	-0.008975885325372922	1463098
2020-09-28	-0.04622755252951798	0.01565493260657444	0.01565493260657444	-0.06410855184436247	-0.04549713392924902	1572726
2020-09-29	0.03158778597532955	0.0025499592498730425	0.03304689146759905	-0.029898272399895783	0.032377779962427175	1750169
2020-09-30	-0.003078129139417429	0.0007658039362599736	0.010656191546880748	-0.014799391276251562	-0.0023147464544010523	1192646
2020-10-09	0.03781139621939468	0.015619971775761484	0.04305160280207104	-0.003462856443036783	0.03860609093203127	1563611
2020-10-12	0.03810419571001342	0.007504401990420486	0.05441371209484891	-0.00174160620463011	0.03889916774064147	2465612
2020-10-13	0.009553532187084771	0.015459218745488017	0.0355872805957763	-0.008090529152060209	0.010326636838512294	1949189
2020-10-14	-0.042733367502985765	-0.0065114541024691806	0.015220507653106514	-0.05191923075715334	-0.04200026447171434	2200511
2020-10-15	-0.013527620773143357	8.887549924673692e-05	0.01466818968014325	-0.020686690946473393	-0.012772135291603558	1013843
2020-10-16	0.005168766530951695	0.002877097240969666	0.0229347087960196	-0.014646864492143632	0.005938558138316693	1026631
2020-10-19	-0.04701433012764126	-0.0022798850962023626	0.0029188366419470213	-0.05468643901157748	-0.04628450517910384	1732648
2020-10-20	0.007488183439511324	-0.006507648968844628	0.01646987949939078	-0.018079168411481716	0.008259660240555357	1029841
2020-10-21	0.018635820579803935	0.006672626799798346	0.039105263031756245	0.003719127361961456	0.019415935488081494	1298018
2020-10-22	-0.028864124477691967	-0.007771173751602664	-0.007771173751602664	-0.03918103417139106	-0.028120418904878576	1111044
2020-10-23	-0.046074790637987	0.0007658100082168258	0.006239271747795122	-0.06629841973063699	-0.04534429962820855	1947197
2020-10-26	0.00915040351597601	-0.014535252419884081	0.01600880016389949	-0.025721198538402816	0.009923179917362253	910714
2020-10-27	-0.0014347299543956867	-0.0006700702519643995	0.006221893680315871	-0.017727601985603417	-0.0006700702519643995	1017877
2020-10-28	0.09999992511511323	0.0410265146207145	0.10084229151844194	0.0410265146207145	0.10084229151844194	3003218
2020-10-29	0.01964469351418135	0.004425850835663772	0.05096096970884158	-0.006501948452915066	0.020425560665857614	3220721
2020-10-30	-0.013629720362756781	0.0007658227975325605	0.004201572623870258	-0.032411862966580204	-0.012874414939639563	2025555
2020-11-02	-0.010389702474237204	0.00851192386180066	0.013866697464534925	-0.03869304623055184	-0.009631842592926215	1341061
2020-11-03	0.023622135616431308	0.01862727288105306	0.02440602262455753	-0.01236752513288121	0.02440602262455753	1381261
2020-11-04	0.0	0.0007657972418251401	0.02129424741802904	-0.02176435379273582	0.0007657972418251401	1566040
2020-11-05	0.012820398413446175	0.012056469267685815	0.02386034320747126	-0.014630676905040125	0.013596060639490436	1989857
2020-11-06	-0.014734065499380807	-0.0017677700470908964	-0.0017677700470908964	-0.032170717704381166	-0.013979586342475757	1022406
2020-11-09	0.06634450193703131	-0.002577219435394468	0.07101838295952512	-0.012657342050618999	0.06716112555355903	2868916
2020-11-10	-0.04337334676264983	0.0014892891135858653	0.05092470056605541	-0.045052317420355925	-0.042640805444068376	2841227
2020-11-11	-0.04130993356300138	-0.008964715014792993	-0.008964715014792993	-0.0656327056533171	-0.04057572949036538	2177144
2020-11-12	-0.003047836254997043	-0.0008118929659802266	0.018014923870097833	-0.00870020158505364	-0.002284358688194166	770896
2020-11-13	-0.005903467678002772	-0.008254310521652423	0.011737760555982522	-0.01690528132502019	-0.005142168245446501	681818
2020-11-16	-0.00021197346066107676	0.01350098001881587	0.01350098001881587	-0.01027116683040112	0.0005536241039572758	608687
2020-11-17	-0.04513147633873807	-0.00486008386652683	0.0007657598853912944	-0.057403510765878324	-0.04440029743208305	1454598
2020-11-18	0.015717739920621403	0.0008768741905754732	0.022665298344720405	0.0008768741905754732	0.01649559361108982	701517
2020-11-19	0.001695168591774701	-0.00394034687108043	0.006894764297267943	-0.025938757794172387	0.0024622647862412796	644994
2020-11-20	-0.004148761041291391	-0.008193537281923872	0.013112065771870239	-0.011853785439096159	-0.0033861140581714464	614614
2020-11-23	-0.01277200560324397	0.012669930013516623	0.014864167349961089	-0.013661693709209858	-0.012016019546903197	1154356
2020-11-24	-0.021543603705919026	-0.010903297255583734	-0.006624651721555122	-0.021461103040662614	-0.020794282953616867	1189559
2020-11-25	-0.02905457254705756	0.0007658192589268395	0.005195511340765412	-0.03455798264947628	-0.028311015244765318	1802460
2020-11-26	0.007188777377960431	0.0007658075122129148	0.02369389003013616	-0.005024739199555946	0.00796007945118844	757440
2020-11-27	-0.000812382801065414	-0.0011506222445585197	0.015109716841235622	-0.012939343691250613	-4.720376436611618e-05	567733
2020-11-30	-0.015622291596586867	-0.01190433656428849	0.001753842185350959	-0.018936865774127516	-0.01486847591272755	1778687
2020-12-01	0.008790541396006586	0.002596083314873472	0.021430559439501017	-0.0021863007168786636	0.009563073551500274	1264125
2020-12-02	0.005672863198230731	0.0033995931179636838	0.016509790396198105	-0.0010485548890068813	0.006442981730622271	1027040
2020-12-03	0.07280761401711218	0.0003002413802186782	0.08189330112268839	-0.004821143276645128	0.07362914287375938	3245384
2020-12-04	-0.019893811824786074	-0.01876346072201559	-0.0036282740824292526	-0.03916068791457484	-0.01914321901778026	2084793
2020-12-07	0.04087178199238702	-0.025857000606805874	0.05063531275576343	-0.033273795448089054	0.04166883021426157	2401499
2020-12-08	-0.030818328648526606	-0.011305132537765711	0.010337298486274935	-0.032309495112752676	-0.03007609548235872	1870786
2020-12-09	0.020230259746783743	0.006307290137604457	0.03802014993622202	-0.017614487331281917	0.021011564836224322	2016617
2020-12-10	0.02434300473626208	-0.004934704084635308	0.03900236438540223	-0.007677429398528182	0.025127428934365325	2267115
2020-12-11	0.014164294330469129	-0.0077392516331214415	0.044761286613208974	-0.009944297568620052	0.01494095519341501	3416742
2020-12-14	0.04872758337035437	0.000765813652963021	0.06640678512041621	-0.004100237917017056	0.04953066328244787	2484904
2020-12-15	-0.006954760368023114	0.0020491836699209984	0.04642567121193423	-0.022631812935855096	-0.0061942672337739904	2588637
2020-12-16	0.008294809126903788	0.003102045943892278	0.03362257183509702	0.003102045943892278	0.009067002870162268	1744304
2020-12-17	0.0009852091087801155	0.004118185945854593	0.023837634976912464	-0.006628962503015596	0.0017517888413338973	2314839
2020-12-18	-0.015747934259706643	-0.004651649323985355	0.00948310061469025	-0.019426810608631714	-0.01499420982093132	1699915
2020-12-21	0.017749957717396524	0.00496893707661378	0.024784180086292313	-0.018649137742077007	0.018529318059770393	1753620
2020-12-22	-0.044952017014184706	-0.016687963123423986	0.0028798966773500886	-0.04613820988935829	-0.04422069935751877	1873999
2020-12-23	0.01954718131558062	0.0007657391771872918	0.024291943331538786	-0.025488995026338543	0.020327983458125323	1771607
2020-12-24	0.014884059261564735	-0.005293324253650306	0.023992534193848978	-0.022915186024249655	0.01566122311948102	1403500
2020-12-25	0.013820511797862528	-0.007443366773274467	0.037283895868229874	-0.024359136829288218	0.014596900044336902	1644151
2020-12-28	0.006717932086045482	-0.0025221839389090433	0.01946294055465472	-0.0058101791853909035	0.007488875550928788	1137880
2020-12-29	-0.04627372131862661	-0.010397136052910266	-0.0007940250585134536	-0.04661579994463962	-0.04554332800293514	1217263
2020-12-30	-0.009959204185882697	-0.006492101667002524	0.013134779231176655	-0.011449922025828443	-0.00920101522344288	1186388
2020-12-31	0.03961830355242392	-0.008371921422984523	0.05058477797960004	-0.008371921422984523	0.040414446483385436	1703798
2021-01-04	0.09661102663598546	0.01735169429132591	0.10082745918439677	0.01303140317643841	0.09745076614515794	3166402
2021-01-05	0.05429860974539166	0.004161970037611996	0.07303821435361012	-0.012457089871080355	0.05510596957547375	4032779
2021-01-06	0.09999993144969276	0.00935605260488045	0.1008423245279302	0.003128070783171216	0.1008423245279302	4246538
2021-01-07	-0.04018729759994374	-0.012392868613788877	-0.012392868613788877	-0.08099786184799888	-0.03945226770471	4077661
2021-01-08	0.030081344371359686	0.010325981712055508	0.0690701190436926	0.010325981712055508	0.030870182181928402	2548494
2021-01-11	0.008287313956531787	-0.0008139764585381043	0.0465783220105622	-0.04263761038446788	0.009059440711471346	2815428
2021-01-12	0.10000001535421475	0.0027242489639414144	0.10084235854074242	0.0027242489639414144	0.10084235854074242	4038090
2021-01-13	0.024017052350742567	0.004148549233612748	0.046166119938648865	-0.03854556904040011	0.024801223990122596	3919405
2021-01-14	-0.09659486705987169	0.008381059522469961	0.008415823441624762	-0.0959030694500831	-0.0959030694500831	3406939
2021-01-15	-0.0536922685402176	-0.006932359374094494	-0.0022750178052017506	-0.07929543898106185	-0.05296761248267739	3321046
2021-01-18	0.0999837462201335	0.0007657720987044592	0.10082606363957015	0.0007657720987044592	0.10082606363957015	3059259
2021-01-19	0.014521120024998961	0.013855843755657475	0.04647023257418303	-0.009033327214773356	0.015298015104254655	2794026
2021-01-20	0.05685251179995126	0.002369509515928707	0.06721132142580077	-0.052120973453064726	0.05766181373473045	3593403
2021-01-21	0.06378803015977434	0.013767645859377878	0.06567172328098687	0.0013865437969526433	0.06460264413468991	3318697
2021-01-22	0.0204412142905338	-0.01476332085296396	0.03127272816067524	-0.04001831537825757	0.02122263115405667	2697368
2021-01-25	-0.005936480240536075	0.0007657637231617998	0.023481576469390475	-0.04688971897096282	-0.005175266665713352	2845613
2021-01-26	-0.025644361026923433	-0.028158142780475084	-0.0023343579091096747	-0.05682629224576354	-0.024898190503369708	1595385
2021-01-27	0.05077022917838528	-0.0012022769281721023	0.0692547513266904	-0.006122450947666165	0.0515749249145202	2428633
2021-01-28	-0.021179675113054117	-0.03229232422727638	0.017091996151153224	-0.03981550337465916	-0.020430130586049585	1926750
2021-01-29	0.03250476543106336	0.007781955355860244	0.09031804086508499	0.007781955355860244	0.03329546479838961	3225230
2021-02-01	0.024629606694841544	0.003854561276753843	0.047035768160272995	-0.029473389748683985	0.025414284916144135	2310733
2021-02-02	-0.03394782024628421	0.003840662958404545	0.011165938957863551	-0.03842318602126207	-0.03320802224756379	2404542
2021-02-03	-0.007857598367694838	-0.004570174891556314	0.014152606597699374	-0.044917863232843656	-0.007097805830869039	2436366
2021-02-04	-0.031082010673978137	-0.012412445372924933	0.0096038370329237	-0.04543686898169788	-0.030340048747131525	1957144
2021-02-05	0.005514143566200574	0.013847455085890898	0.0708810561307935	-0.00020802944201932504	0.00628413789683474	2439238
2021-02-08	0.016129028613236004	-0.005464800233789205	0.04918989109331257	-0.031097332295515603	0.01690714336139966	2133684
2021-02-09	0.009904770021025182	0.017222787383065815	0.032472562839027476	0.003942768029590338	0.010678135116143463	1660143
2021-02-10	0.061014670988779295	0.000954483642648923	0.08218097116446875	-0.015341135655754231	0.06182715801310669	2790265
2021-02-18	-0.08985866663803062	0.019919469714068168	0.022024589589707603	-0.0956846119722423	-0.08916168795147426	3737155
2021-02-19	-0.011132771985651083	-0.006401143559419767	0.022918178128675432	-0.052334717436277385	-0.010375540864224115	2161987
2021-02-22	-0.0999737168700921	0.0010951819149153475	0.008079243283844491	-0.09931739270521128	-0.09928445750408253	3438558
2021-02-23	-0.038220976729130475	-0.03042008329699389	0.01756661358451053	-0.08049311753109259	-0.037484477377989184	2790354
2021-02-24	-0.05065408451065932	0.008529596515904092	0.008529596515904092	-0.06735750561000267	-0.04992709986786618	2575955
2021-02-25	0.017465179634767264	0.007620925208090238	0.06310319474574849	0.007620925208090238	0.018244316923786256	2206094
2021-02-26	-0.01736225030572461	-0.01893434140062714	0.016525876485161854	-0.041628884377792316	-0.01660979187521525	2344588
2021-03-01	-0.005889644837621838	0.01447880238068978	0.025104316832909326	-0.028945608723451536	-0.005128342702003251	2500094
2021-03-02	-0.011123677832089153	0.020448707059535925	0.020448707059535925	-0.02270858801008111	-0.010366397575031865	1575987
2021-03-03	-0.008884919260648626	-0.0027419522978564728	0.0028867647746071393	-0.0334142741429922	-0.008125915727635408	1754386
2021-03-04	-0.07475948290147513	-0.017547423365622428	-0.016477433583343627	-0.08540916382771621	-0.07405090382405356	2086350
2021-03-05	0.04977780457873258	0.01757877371346642	0.0779805353457113	0.0011661342062921263	0.050581733593738465	2324415
2021-03-08	-0.07993213519516168	-0.004742137023614308	-0.0009289132333254979	-0.09210792704637284	-0.07922759519038368	2862448
2021-03-09	-0.058577258708640424	0.0008117862209635822	0.01771225908727545	-0.06651378486061112	-0.05785636938663612	2098157
2021-03-10	0.03133088594849483	0.028158521589908295	0.04924114645757117	0.018913520968605754	0.0321206608000697	1678404
2021-03-11	0.05691953250166357	0.010251731298556955	0.07376004134636974	0.0012875853127612329	0.057728880757889595	1806109
2021-03-12	0.03493116756996675	0.0005413424149722745	0.035723673867047674	-0.017229278139434662	0.035723673867047674	2078399
2021-03-15	-0.056759145696453926	-0.013023013039020825	-0.013023013039020825	-0.07403149242040366	-0.056036828720092156	2275704
2021-03-16	0.059761169530804736	0.010005746390685043	0.10084237963387704	-0.00010763219897171618	0.06057271656848274	1892489
2021-03-17	0.02292913233498129	0.0010693536254186003	0.04106360553161535	-0.019665103880131568	0.023712514467779992	1435915
2021-03-18	0.004406811302869462	-0.0024145222935487883	0.021968479212562283	-0.0077152532631787315	0.00517598805227398	1184379
2021-03-19	0.005484372250324327	-0.024734638717941404	0.006254323565609519	-0.04419775537298368	0.006254323565609519	1843468
2021-03-22	-0.02660071113488097	-0.007380100221268162	-0.006204425956819981	-0.03240553117186879	-0.025855322470390827	1148131
2021-03-23	0.030948191439039836	0.0050794601444472485	0.05114918743342902	0.0050794601444472485	0.03173773181243974	1418299
2021-03-24	0.0389665965822039	-0.012121336768418567	0.05628958535759907	-0.015301234161990702	0.03976219332345914	1802551
2021-03-25	0.01855134426183075	-0.013329534595660355	0.029640973395631858	-0.02823024887854754	0.019331298807557514	1442457
2021-03-26	-0.016830704811680242	-0.017501177911258055	0.008119934952529238	-0.05897735437859998	-0.01607779259291851	1800947
2021-03-29	-0.0070323235755598255	0.000765801192578456	0.012146791393107875	-0.020709337957924196	-0.0062719329930233615	1138803
2021-03-30	0.009227003751947424	0.004653821680117899	0.02850855099639299	0.0008467555774576165	0.009999872763829899	877515
2021-03-31	-0.027187372592777457	-0.0047721793122424885	0.005220271820352845	-0.03687626558871125	-0.02644240201360667	1582502
2021-04-01	0.03334701063027897	0.010666154780622458	0.03859351147015422	-0.007030811722817268	0.03413835645423717	1174013
2021-04-02	0.041525388353203505	0.009668029289287694	0.045915820507642015	0.0007658084030025203	0.04232300297717078	1215729
2021-04-06	-0.006127842010576573	0.003563788772733024	0.014180905243387774	-0.016788761437472054	-0.005366777048721185	754588
2021-04-07	-0.01464359991349962	-0.008875567240478261	0.009751385734474647	-0.03193749899205148	-0.013889045688375743	785962
2021-04-08	0.09601093456506705	-0.009801581560001734	0.09994219933735052	-0.02545683361495593	0.09685027922101358	2064256
2021-04-09	0.036503160741228086	-0.007090319848443718	0.048474070974319446	-0.01080414335997986	0.03729689997206394	2361752
2021-04-12	-0.022307905460433434	0.005313462625095226	0.01564907987118892	-0.03465105235957027	-0.02155919912968388	1519469
2021-04-13	0.04471828880555249	-0.013329523469733297	0.07476607523007181	-0.014316179146206398	0.04551833549479944	2052582
2021-04-14	-0.008156388244456324	-0.011680516668170366	0.011862887428842958	-0.02149596883883414	-0.007396857942569864	1098017
2021-04-15	0.028306317592576114	-0.005321493534486367	0.04922614095084385	-0.00865418644754199	0.029093813622959062	1555904
2021-04-16	-0.02970815663149005	0.000765818527913548	0.0053627159482198174	-0.06011812722434562	-0.028965085096881605	1602574
2021-04-19	0.011715815411492678	0.01596715454073074	0.02932791030657177	-0.004755776625052398	0.01249059464374068	1597769
2021-04-20	-0.00010097001299096604	-0.006140408707633509	0.01707126629347694	-0.026724410810873657	0.0006647617003459038	1239691
2021-04-21	0.04898494371310893	0.0016418151800103452	0.05457255772822231	-0.005096679823747581	0.04978825240739072	2404771
2021-04-22	-0.021086094747845233	-0.0043090094525871986	0.03490832895099215	-0.026053659352983056	-0.02033642359261723	2629677
2021-04-23	0.026523741048079866	0.013824531831822669	0.04994936300874019	0.0023735129318461444	0.027309822395767527	1991423
2021-04-26	-0.05305015209418553	0.014541933660735019	0.025984669872665084	-0.05868562566472333	-0.05232501337697198	2373898
2021-04-27	0.015211307986943702	0.005052530965966747	0.031853047802752825	-0.011048060161807037	0.015988752031056073	1803786
2021-04-28	0.01661129251090192	-0.002558976757470389	0.024006179053850975	-0.021842886472941934	0.01738979985987423	1713100
2021-04-29	-0.017222193669145798	-0.041750364891147404	0.009203651899053589	-0.04466114715984718	-0.016469607323211725	2777742
2021-04-30	0.024640027950439847	-0.008285804130673423	0.028020318745784454	-0.018302488782571433	0.02542470844674507	2884058
2021-05-06	-0.04108520931827978	-0.022423246356889706	-0.020507050419953272	-0.07110719615618631	-0.040350894582760706	2260584
2021-05-07	-0.015804783451075968	0.003373715943731298	0.035041387412243594	-0.016236508819326215	-0.015051088418634678	1550383
2021-05-10	0.04081699060405827	0.0014196303344507955	0.041614032516521404	0.0014196303344507955	0.041614032516521404	1848112
2021-05-11	0.02418399618938752	-0.006375952040377399	0.027580299987278487	-0.022312550259030044	0.024968287365834955	2145173
2021-05-12	-0.00648387225946917	0.0007657717552368477	0.00693179047880242	-0.044430101283047585	-0.005723067530679149	1876219
2021-05-13	-0.0007143334016726762	-0.005700446779996186	0.010773738784486163	-0.020972387048134776	5.0881493094973195e-05	1410981
2021-05-14	0.0556584347827227	0.0015136695508196631	0.059718552989742255	-0.017963786503944073	0.05646684295977955	2756168
2021-05-17	0.005540224666161317	0.004154064546215096	0.03027439559683006	-0.008136067604554183	0.006310223542155674	2433816
2021-05-18	0.015530645483063696	0.012099785885572933	0.024965461129881062	-0.00458270205932148	0.015530645483063696	1051064
2021-05-19	-0.0033783910044967516	-0.008023686553754019	-0.001731435788875454	-0.043918956369270026	-0.0033783910044967516	1805231
2021-05-20	0.010169466101694884	-0.01059322033898305	0.026949156779661063	-0.012711864406779662	0.010169466101694884	1355646
2021-05-21	-0.03896809242369353	0.0027684732240388183	0.006711434732670369	-0.041107333249345575	-0.03896809242369353	1399229
2021-05-24	-0.014098013992850534	-0.0035354109225463593	0.006110575679321796	-0.04412727928013937	-0.014098013992850534	1424468
2021-05-25	0.0015052062709135546	0.012927208851443014	0.0177970112936733	-0.008323025316030125	0.0015052062709135546	1660527
2021-05-26	-0.02152769418474182	-0.005392984681314701	0.004508902818013869	-0.02749536279950771	-0.02152769418474182	1283212
2021-05-27	-0.0064152381364742835	-0.0006777004559919071	0.001987743338936264	-0.04517731976027143	-0.0064152381364742835	1744442
2021-05-28	-0.01395895101947275	-0.0019096895074242673	0.013413413785722328	-0.027054049876680513	-0.01395895101947275	1552142
2021-05-31	0.046758272402664	-0.010882601628319697	0.04929448469383707	-0.010882601628319697	0.046758272402664	2155441
2021-06-01	0.013215859030837005	0.0008810440528634194	0.020660801762114506	-0.017048436123347967	0.013215859030837005	1673195
2021-06-02	-0.014391295652173945	-0.006826117391304365	-0.0015217652173913374	-0.027869582608695594	-0.014391295652173945	1222120
2021-06-03	-0.014027998464616843	-0.0030438131100285256	0.00970487000128041	-0.016233653745346868	-0.014027998464616843	1028261
2021-06-04	0.05453895697147679	0.0021028187128723096	0.06527677207455534	0.0	0.05453895697147679	2581984
2021-06-07	0.005727645384738836	0.0037335808706014167	0.014000861442522649	-0.009588438815296224	0.005727645384738836	1435906
2021-06-08	-0.033959092588579314	0.0002109386178746591	0.016663138367477667	-0.044589777963428265	-0.033959092588579314	1694585
2021-06-09	0.0010043493449781653	-0.009912681222707425	0.008296917030567652	-0.025938873362445384	0.0010043493449781653	954706
2021-06-10	0.0578894744647642	0.010469873235961717	0.06007068987603176	0.01012087004529723	0.0578894744647642	2730584
2021-06-11	0.03958765360824745	-0.00391751340206184	0.05088658144329902	-0.018556701030927835	0.03958765360824745	2593605
2021-06-15	-0.002816370420871861	0.0011503093736538082	0.02578341866441685	-0.015033748154690644	-0.002816370420871861	1727958
2021-06-16	-0.010064036000095524	0.011774561485240385	0.022673921089438394	-0.01746290233288075	-0.010064036000095524	1494710
2021-06-17	-0.029896339187107927	0.011010226589205857	0.011170931402511639	-0.03962067411548395	-0.029896339187107927	1734557
2021-06-18	0.0477590882922632	0.014994594606864413	0.06039268544770681	-0.0007041587333622318	0.0477590882922632	1603775
2021-06-21	-0.013243688633054179	0.0035184780018005586	0.007313722166203495	-0.03142912470562313	-0.013243688633054179	1128749
2021-06-22	0.023637795906142695	-0.002403870134522383	0.028044871120716238	-0.006410280294624702	0.023637795906142695	1378394
2021-06-23	0.011741682974559686	0.0019569471624266144	0.021526418786692758	-0.0136986301369863	0.011741682974559686	1480163
2021-06-24	-0.025145067698259187	0.005802707930367505	0.009671179883945842	-0.040464243713733035	-0.025145067698259187	1234873
2021-06-25	0.011904761904761904	0.011865099206349192	0.01980154761904753	-0.007460337301587346	0.011904761904761904	967400
2021-06-28	0.03529411764705882	0.0	0.0392156862745098	-0.011686258823529411	0.03529411764705882	1528266
2021-06-29	-0.025378833333333392	-0.004924196969696912	0.003749962121212036	-0.030681840909090936	-0.025378833333333392	1063653
2021-06-30	0.0073066657119317075	-0.0004663622448360174	0.010454730374880518	-0.020598477447266672	0.0073066657119317075	1139851
2021-07-01	-0.02461605900267163	-0.008411116054008167	-0.0006944710427553121	-0.027702728582140304	-0.02461605900267163	888025
2021-07-02	-0.023101249725855477	-0.003164568791559721	-3.959651851742296e-05	-0.034770600853196984	-0.023101249725855477	1061050
2021-07-05	0.02623904606546275	-0.0006478943774891717	0.03498541769963595	-0.007936536056220595	0.02623904606546275	986088
2021-07-06	0.016493027805452844	0.0018149936725458192	0.02260894473951271	-0.03724748234495355	0.016493027805452844	1640916
2021-07-07	0.004580362638389026	-0.012072044330254775	0.013120119034238716	-0.023755900624095643	0.004580362638389026	1232721
2021-07-08	-0.018547095141287197	0.0007728439307347077	0.014296801281150042	-0.018663010911731528	-0.018547095141287197	969296
2021-07-09	-0.015314956692913342	-0.01614175590551184	-0.005629893700787386	-0.03401574409448815	-0.015314956692913342	930566
2021-07-12	0.05549553774141149	-0.000679696930631808	0.0588540479834711	-0.016112906256795397	0.05549553774141149	1786215
2021-07-13	0.05723707933016715	-3.780067569981378e-05	0.06443429919445061	-0.003371279342826484	0.05723707933016715	1858563
2021-07-14	-0.006986785947973126	-0.0039412611119757825	0.009673887287555189	-0.01469009642371705	-0.006986785947973126	1133715
2021-07-15	0.009922424894586142	0.006675107487103203	0.035540343544081074	-0.007721392914769358	0.009922424894586142	1183457
2021-07-16	-0.02936763549912748	0.00014293676619371514	0.00028587710509203515	-0.030760933135282578	-0.02936763549912748	865636
2021-07-19	0.0069934998857276625	0.008539484171732791	0.026906644538966667	-0.0024660741212548616	0.0069934998857276625	788870
2021-07-20	-0.002485536341516181	-0.0003654360872530727	0.01615620005128512	-0.014913324051002373	-0.002485536341516181	796999
2021-07-21	0.01920124996411694	0.0021253829708768627	0.0358373001649829	-0.006925555300671681	0.01920124996411694	1382059
2021-07-22	-0.032897190287417034	0.006687225496841922	0.006687225496841922	-0.0407709297060332	-0.032897190287417034	1536171
2021-07-23	-0.02970367038565256	0.001561448439029413	0.01327189907698807	-0.05386813836455393	-0.02970367038565256	1473361
2021-07-26	-0.011187789272030587	0.007931061302681898	0.02291191954022985	-0.05363984674329502	-0.011187789272030587	1579130
2021-07-27	-0.03429165935288123	-0.015963965466256887	0.01332920866893872	-0.03905760813603891	-0.03429165935288123	1442670
2021-07-28	0.03310201473501605	-0.004935184447059895	0.04241059330595177	-0.025037078602689555	0.03310201473501605	1311720
2021-07-29	0.04478017130424945	0.005903328161656827	0.06804407430291748	0.0027574606558487457	0.04478017130424945	1270830
2021-07-30	0.018921214121362936	-3.7210511237193365e-05	0.031560126703091745	-0.01862387946084245	0.018921214121362936	1193083
2021-08-02	0.03578984963612152	-0.009850463118924613	0.03823415093248852	-0.01824151729496861	0.03578984963612152	1421991
2021-08-03	0.0355394169202998	-0.004508467408566667	0.05586271979341733	-0.004508467408566667	0.0355394169202998	1523072
2021-08-04	-0.007074785714285772	0.000510183673469362	0.012244918367346964	-0.02129255102040824	-0.007074785714285772	1106298
2021-08-05	0.009865630555449454	-0.001986903857804357	0.024972518756362277	-0.009934310327671758	0.009865630555449454	1216573
2021-08-06	-0.040705564750565734	0.0026120048553054578	0.01085485797238233	-0.050203489153466264	-0.040705564750565734	1525227
2021-08-09	-0.009900948086320234	-0.004702924527705285	0.013331043705701965	-0.01343701612886909	-0.009900948086320234	1001301
2021-08-10	-0.0064285285714285175	0.0031071250000000612	0.017499978571428543	-0.021785735714285742	-0.0064285285714285175	896812
2021-08-11	-0.07907979529490458	-0.0007549316712467922	0.0028755857853808606	-0.0913012505549425	-0.07907979529490458	2665737
2021-08-12	-0.007025831052654372	-0.0015613153054809825	0.0226385157234106	-0.019906345671833955	-0.007025831052654372	1591843
2021-08-13	-0.02763364451966144	-0.006682378302257336	0.004520475735545856	-0.03380499686647001	-0.02763364451966144	1418523
2021-08-16	0.043982719084422556	-0.0014957149512008874	0.05509966962646384	-0.009176492888719108	0.043982719084422556	1334677
2021-08-17	-0.03093903194578895	-0.008712487899322363	0.026098702807357124	-0.03941914036786059	-0.03093903194578895	1313951
2021-08-18	-0.00023974267241557055	0.02093824464433477	0.0546231849800845	-0.00951006971769496	-0.00023974267241557055	2446755
2021-08-19	-0.043645076462570834	0.002957653912361943	0.002957653912361943	-0.0607513876189215	-0.043645076462570834	2445840
2021-08-20	-0.05967903318154061	-0.001211944170895818	-0.001211944170895818	-0.08621700554253182	-0.05967903318154061	2354929
2021-08-23	0.012933351111111052	0.020044422222222236	0.02666666666666667	-0.021333346666666683	0.012933351111111052	1665776
2021-08-24	0.02391293451076428	-0.011013162897403986	0.043350396325735764	-0.011013162897403986	0.02391293451076428	1374077
2021-08-25	0.056522120086895236	0.008313344153610938	0.056522120086895236	8.572163144617115e-05	0.056522120086895236	1670097
2021-08-26	-0.05090246541185402	0.005069965462543515	0.010464416826634584	-0.06469274713413813	-0.05090246541185402	1967950
2021-08-27	0.014957264957264958	-0.001880350427350396	0.03632478632478633	-0.009529897435897435	0.014957264957264958	1670136
2021-08-30	-0.05305265684210529	-0.010526315789473684	0.010147385263157838	-0.06442106526315791	-0.05305265684210529	2314912
2021-08-31	0.03419298446046211	0.006313975268492055	0.03419298446046211	-0.01720762607045685	0.03419298446046211	4082990
2021-09-01	-0.06333030333772395	-0.010662517918440492	-0.009845621219237691	-0.07734636187878005	-0.06333030333772395	3307299
2021-09-02	-0.07587440982339848	-0.008537597500515989	0.0029376617876724826	-0.08748736763294152	-0.07587440982339848	3062184
2021-09-03	-0.031391282656421986	-0.007599458524815411	-0.0031292156844065955	-0.03859337367910025	-0.031391282656421986	1744871
2021-09-06	0.03066514616340559	0.010204630793411365	0.04712579988528277	-0.004666371074980007	0.03066514616340559	1632137
2021-09-07	-0.02706603246265899	0.007164475666339725	0.009751688896171727	-0.03935520574766884	-0.02706603246265899	1963552
2021-09-08	-0.03830224947631423	-0.005369485982569909	0.001687558143376799	-0.03952951102741737	-0.03830224947631423	2285306
2021-09-09	0.01616509641779322	0.004307120113869093	0.018611081767638857	-0.00935868881589589	0.01616509641779322	1629141
2021-09-10	-0.015070669333207718	-0.005756179829737983	0.002616431105711216	-0.01962323329283412	-0.015070669333207718	1130792
2021-09-13	-0.01567313242124569	0.008660105150036691	0.02475828272894343	-0.026139613079695992	-0.01567313242124569	1499947
2021-09-14	-0.025746229270875387	0.002968656491204069	0.022831521070188997	-0.03060397191981489	-0.025746229270875387	2316838
2021-09-15	-0.008310249307479225	0.00027702493074794346	0.0110803324099723	-0.0332409972299169	-0.008310249307479225	1955028
2021-09-16	-0.023463670391061432	0.0	0.00558659217877095	-0.02737426815642454	-0.023463670391061432	1461712
2021-09-17	0.09313500412239697	-0.016018323523713004	0.09942785870547148	-0.016647619851585558	0.09313500412239697	3133578
2021-09-22	0.08326356936085853	-0.03003980500272338	0.09995808457234572	-0.03030149120471538	0.08326356936085853	3138161
2021-09-23	0.03145076980890939	-0.017343885759121578	0.06473739637814875	-0.017343885759121578	0.03145076980890939	3940331
2021-09-24	0.00936768149882904	-0.017002365339578506	0.028758777517564352	-0.02566742857142857	0.00936768149882904	2485114
2021-09-27	0.023573095127610244	0.0069605568445475635	0.04677495127610212	0.0002320324825986255	0.023573095127610244	2692510
2021-09-28	0.028515699260896647	0.015504569630024723	0.047239087430962994	-0.01622994817091355	0.028515699260896647	2154990
2021-09-29	0.0066558382918817565	4.412218548346378e-05	0.0218627721131656	-0.03909725920344816	0.0066558382918817565	2322737
2021-09-30	-0.027935917594887567	-8.759085542536937e-05	0.013048410258157232	-0.03844469221375139	-0.027935917594887567	1625971
2021-10-08	-0.013513513513513514	-0.02680178828828827	0.013513513513513514	-0.06531531531531531	-0.013513513513513514	2146445
2021-10-11	0.01315070776255713	-0.00045664840182651866	0.0410958904109589	-0.010958876712328732	0.01315070776255713	1432757
2021-10-12	0.017667198087542826	-0.0039661302513491975	0.03308092588153667	-0.008473070838447165	0.017667198087542826	1614776
2021-10-13	0.004783002593671389	0.009698857267065637	0.01408322833370377	-0.012400367417178483	0.004783002593671389	1006117
2021-10-14	-0.01569110508438153	-0.0005730121523931175	0.01811530284477905	-0.021509189406091606	-0.01569110508438153	1033793
2021-10-15	0.08610959787404986	0.009851320665595341	0.09484144875564147	0.0031345019615730005	0.08610959787404986	2577771
2021-10-18	-0.029478494791030825	0.00016488558856051513	0.03731190636183997	-0.056771815418200595	-0.029478494791030825	2372140
2021-10-19	0.002336461401948905	-0.010832574617652645	0.021707736322202333	-0.014401015660178772	0.002336461401948905	1302026
2021-10-20	-0.02326759936343634	0.012926480350834688	0.012926480350834688	-0.028607756244218133	-0.02326759936343634	1133841
2021-10-21	0.013407948911500352	0.0008678165144722755	0.018658282866406462	-0.02282396008084819	0.013407948911500352	1074116
2021-10-22	-0.030956951004620623	-0.023635212712885302	-0.006679503232547624	-0.05198029905398895	-0.030956951004620623	1334403
2021-10-25	0.004153357948597092	0.004639395402634398	0.011399730117540993	-0.022622878409508038	0.004153357948597092	972071
2021-10-26	-0.01214465836805111	-0.0036081713369746876	0.007216399877153869	-0.015840847835977542	-0.01214465836805111	922492
2021-10-27	0.01452113585746104	0.0	0.0334075723830735	-0.002182650334075708	0.01452113585746104	1061204
2021-10-28	-0.01650858395918038	-4.3883913854158314e-05	0.023006696149602553	-0.03494903483818569	-0.01650858395918038	1194402
2021-10-29	-0.012366089285714286	0.0004910758928571925	0.005044665178571479	-0.03794642857142857	-0.012366089285714286	1019899
2021-11-01	0.006057094536131547	0.0033901370228293995	0.03643265897812523	-0.009673190971806493	0.006057094536131547	1283866
2021-11-02	-0.023992500480983513	-0.0047176302600377045	0.016713779408741296	-0.04820959995746413	-0.023992500480983513	1650578
2021-11-03	0.01044977232333973	0.004005017796897661	0.03576855932916373	-0.0019794365783627602	0.01044977232333973	1148447
2021-11-04	0.04145788610478363	0.009658291571753935	0.045148082004555744	-0.002232369020501123	0.04145788610478363	2006332
2021-11-05	-0.028871416565054715	0.003499509969391623	0.022747142885026852	-0.0338145704160656	-0.028871416565054715	1389564
2021-11-08	-0.05698195495495492	-0.00279277027027022	-0.00279277027027022	-0.08193694594594592	-0.05698195495495492	2239866
2021-11-09	0.007547107498052751	0.00305707657825426	0.017387145429553934	-0.01982330490117116	0.007547107498052751	1411172
2021-11-10	0.031432253449133765	-0.003555682097803891	0.036836885496886164	-0.02294598758176597	0.031432253449133765	1731674
2021-11-11	-0.008549370367249273	-0.0014708264522047423	0.0056996001627100425	-0.02261444679733826	-0.008549370367249273	795976
2021-11-12	-0.010987459587215427	0.0005563746020822046	0.01367638869276385	-0.012239216674629759	-0.010987459587215427	914637
2021-11-15	0.029766047627937435	-0.000984423184883384	0.040594397969395735	-0.000984423184883384	0.029766047627937435	1193601
2021-11-16	0.10000911189031218	0.015568158726225067	0.10000911189031218	0.015568158726225067	0.10000911189031218	2155526
2021-11-17	0.03198845930863139	-0.019242682042028076	0.054831369041954126	-0.019242682042028076	0.03198845930863139	3581424
2021-11-18	0.019247685876018748	-0.010506094905243134	0.03857564683263194	-0.010506094905243134	0.019247685876018748	1788824
2021-11-19	-0.0035800968804023687	0.016995857734562154	0.034699847521043894	-0.022739787391527717	-0.0035800968804023687	1582295
2021-11-22	-0.020847312814825096	-0.0008686421468212885	0.01776754028874264	-0.02692781179092967	-0.020847312814825096	1740225
2021-11-23	-0.021654138843216715	-0.013266695970267028	0.004798532102130486	-0.036251481183687206	-0.021654138843216715	1554263
2021-11-24	-0.00667708776434518	0.007707567548173463	0.014755593412653428	-0.03449837265061352	-0.00667708776434518	1400468
2021-11-25	0.03900412448132777	0.004149377593360996	0.06224066390041494	-0.0034025186721991863	0.03900412448132777	2515582
2021-11-26	-0.01757186144341518	-0.0031150120554715496	0.0007188818063630427	-0.029552692401422314	-0.01757186144341518	1309900
2021-11-29	-0.008252028455284569	0.028455284552845527	0.04512197560975613	-0.019349573170731722	-0.008252028455284569	1539606
2021-11-30	0.02676558172412355	-0.0038939090712222287	0.02676558172412355	-0.015862585498780193	0.02676558172412355	1323308
2021-12-01	-0.04950097405189618	-0.01800397205588824	-0.01800397205588824	-0.0499001996007984	-0.04950097405189618	1645591
2021-12-02	0.0007979294213037614	-0.00323395203946362	0.009449810765649455	-0.010877828369311355	0.0007979294213037614	1173818
2021-12-03	0.014226363253113975	0.003441218784206357	0.03109658071121764	0.003441218784206357	0.014226363253113975	1079281
2021-12-06	-0.017295569021304944	-0.00690995551294969	0.00753064818236735	-0.021516042496740707	-0.017295569021304944	858200
2021-12-07	0.01258949473684209	0.0	0.04416844210526314	-0.00042107789473687406	0.01258949473684209	1424727
2021-12-08	0.005862983785958157	-0.0004573994665598898	0.017006931327561873	-0.005072980060023685	0.005862983785958157	923964
2021-12-09	0.010748268145885144	0.008185246172432806	0.028193498012240564	-0.0062835429421299665	0.010748268145885144	1583810
2021-12-10	0.011860916155419192	-0.004948903885480533	0.028629856850715747	-0.006134969325153374	0.011860916155419192	3029651
2021-12-13	-0.011519769883260339	0.0	0.014066334213411578	-0.015319293015019157	-0.011519769883260339	1267124
2021-12-14	-0.003312197873904779	0.002698850917617803	0.01537515826569016	-0.009691310451548052	-0.003312197873904779	1108071
2021-12-15	-0.00020514892497849828	0.007220788397046285	0.015098026275990255	-0.003897644951636014	-0.00020514892497849828	1337121
2021-12-16	0.007591575299835309	-0.0011900693406371274	0.021789970685789594	-0.006114346045267776	0.007591575299835309	1052544
2021-12-17	-0.058401875086801086	-0.003339545586775403	-0.002199205894739965	-0.05921639412932625	-0.058401875086801086	1502552
2021-12-20	0.01678202876447274	0.030276817001861814	0.034429096467505534	0.007785480204828912	0.01678202876447274	1169816
2021-12-21	-0.005019601794966869	0.008082329351009587	0.027394937660413975	-0.013187025581189197	-0.005019601794966869	900293
2021-12-22	-0.008208627829208035	0.005215908641707774	0.007353574365632503	-0.03236422485756876	-0.008208627829208035	1219433
2021-12-23	-0.018880895230293876	0.0009483619441048544	0.00870766460397732	-0.02961460090722645	-0.018880895230293876	1292845
2021-12-24	0.008128255497497608	0.0	0.0155096612783042	-0.010896357357741101	0.008128255497497608	825551
2021-12-27	-0.015864018512059465	0.005229884574807801	0.0102419090465275	-0.02689038169828345	-0.015864018512059465	673879
2021-12-28	0.00221425093852576	-0.004738466008932035	0.013595531762061323	-0.01022983047898529	0.00221425093852576	642463
2021-12-29	-0.022181985084017353	-0.006672241674448707	0.003048924069187578	-0.032212425718814275	-0.022181985084017353	1470637
2021-12-30	-0.014731773252846575	0.00013563198043028637	0.005061281736314108	-0.01703641881357016	-0.014731773252846575	893794
2021-12-31	0.015915245681398165	0.004448933653391414	0.03572906497146753	-0.005733156014003375	0.015915245681398165	1262540
