2018-11-27	-0.038997366131494376	0.03746450132515186	0.04920384504594567	-0.015362545418420272	0.012518395918465052	249114252
2018-11-28	0.007246520656179818	0.038336609183537526	0.08567254283749298	0.030701781174835067	0.06124109320964503	199889879
2018-11-29	-0.05755402990695061	0.05360611473573516	0.05360611473573516	-0.008549066133567226	-0.007033086112364762	208036880
2018-11-30	-0.015267155925995968	0.04073772379882451	0.04878051919139654	-0.007519048556607822	0.037520605641795754	180334101
2018-12-03	0.03255806431800145	0.06830765692361365	0.12384658710007061	0.0503391795135834	0.08790963228001025	232907265
2018-12-04	-0.012011902270268271	0.03304036435159638	0.04253231256922201	0.017220450655553474	0.040950321199617765	140385385
2018-12-05	-0.022796482044341832	0.024784082797429965	0.04079633409113975	0.01998040740931697	0.029587758185542816	101694948
2018-12-06	0.003110514449890603	0.0421362219514198	0.0912935909113924	0.035581906090090105	0.05688343263941156	117201598
2018-12-07	-0.010852633656069074	0.04870568156721706	0.06014016719178177	0.035637697996285994	0.04217168978175152	70509134
2018-12-10	-0.023511104314599435	0.04369756947277098	0.05030325029221891	0.020577686604703178	0.028834787629013193	76189958
2018-12-11	0.016051344278097908	0.05529741545148211	0.07897396002891915	0.04853268842935722	0.07051805125126308	72402760
2018-12-12	-0.003159487191693301	0.05194178966923258	0.061928578811661944	0.0452839302409463	0.0502773248121609	51851681
2018-12-13	0.009508837518398488	0.05527592042351303	0.0803220261297672	0.04525747814101124	0.06362462232559776	96367085
2018-12-14	-0.018838376996786137	0.04864401562512661	0.05029802826806841	0.025487838623940898	0.03375790183865007	80620514
2018-12-17	-0.0032000968306178158	0.046863052106470564	0.055291901157247275	0.040119972865849174	0.05023459172678134	42757749
2018-12-18	-0.01765644488227269	0.046841506673826035	0.05529741545148211	0.029929689118513732	0.03500323438510744	53898899
2018-12-19	-0.0081697517931102	0.05704933114945334	0.05877090986468058	0.04155512271240926	0.044998280142863584	40221838
2018-12-20	-0.011532385712825206	0.05013446060494331	0.05534173892199266	0.024098069019696872	0.04145566340986116	64773754
2018-12-21	-0.015000016682099104	0.04482620501386631	0.04658221544246101	0.03253413201370313	0.03780216329948737	46365020
2018-12-24	0.001692187946245014	0.050040771532164505	0.05895453020391476	0.04647526806346453	0.055389026735214626	32854676
2018-12-25	-0.025337981539823914	0.04292768666892819	0.04292768666892819	-0.0015658153220670398	0.026910025952169774	76731484
2018-12-26	-0.024263256220431312	0.048128260222126455	0.057258297332075256	0.028042178580238955	0.028042178580238955	45511933
2018-12-27	-0.02841929330540936	0.07232023337281401	0.07793447543235742	0.02366346885676997	0.02366346885676997	56484008
2018-12-28	-0.01645320707522576	0.05745852075613876	0.07286775238828652	0.034344673307917135	0.03627082726193556	63105398
2019-01-02	-0.018587529495583184	0.055564400884950696	0.061439527420488506	0.028147143719107884	0.034022270254645694	46274037
2019-01-03	0.020833266817790075	0.05560167299894644	0.10349286421250926	0.05360620669838136	0.07555633600459753	78213663
2019-01-04	0.04823757472736716	0.03210410646466616	0.12593175250690844	0.024285135961145957	0.10442958362222801	167694925
2019-01-07	-0.015929220042386706	-0.015391041736790533	0.07411886355986479	0.02003996244313547	0.036823069686258335	106831035
2019-01-08	-0.01978410926881634	0.04223634357719009	0.04792126908761118	0.03086649255634809	0.0327614677264884	62852377
2019-01-09	0.003669642475676735	0.05360612645864046	0.07873801571361719	0.05360612645864046	0.057472570959406034	92573250
2019-01-10	-0.01828151240838006	0.04590159703202786	0.04782775098604646	0.03241851935389871	0.034344673307917135	60202123
2019-01-11	0.020484105556036167	0.05360618790566048	0.08696057374252494	0.05360618790566048	0.07518843756480814	72208146
2019-01-14	-0.014598406824292214	0.05937417326516428	0.05937417326516428	0.03630250342998827	0.03822514258291973	45788633
2019-01-15	0.025925929539115555	0.05360611325680385	0.08482407216811641	0.04970386839288968	0.0809218273042024	89362965
2019-01-16	-0.010830462224987928	0.04599884521727492	0.047900661299488105	0.03458794872399563	0.04219521305284855	51646160
2019-01-17	-0.003649553640094138	0.049760977500507654	0.06898736902982092	0.043993060041713605	0.049760977500507654	71439103
2019-01-18	0.009157690109339551	0.05553585136202709	0.06904362276885383	0.04781712484384042	0.06325457788021377	63430122
2019-01-21	-0.005444905681230889	0.05169381024651897	0.05743032193877276	0.04404512799018065	0.0478694691183499	55584929
2019-01-22	-0.02007292954834891	0.053606255806370406	0.053606255806370406	0.030534585971194395	0.03245722512412569	53210496
2019-01-23	-0.0037245076843600727	0.04968214251308809	0.05753023329823268	0.04379607442422978	0.04968214251308809	30060994
2019-01-24	0.0074766660666691935	0.053606307300920614	0.07133052555458111	0.049667592133440616	0.061483737635880775	32218264
2019-01-25	0.022263736611723324	0.053606275349346595	0.11811278200338823	0.051651532723466585	0.0770631868599072	129495166
2019-01-28	-0.010889428928348908	0.05743032193877276	0.06316683363102638	0.03830861629792686	0.04213295742609611	71122452
2019-01-29	0.04587149755708374	0.057472570959406034	0.11353601622050802	0.05167290420825768	0.10193668271821113	168989284
2019-01-30	-0.007017571748270895	0.027728142246447332	0.05545462090417529	0.024031278425417024	0.046212461351599364	101429454
2019-01-31	0.021201498280164745	0.05174472349910451	0.08897462521588684	0.04243724806990876	0.07594415961501308	131681290
2019-02-01	0.0017300650155187604	0.05542897901737917	0.057251826994956644	0.03902334721918159	0.05542897901737917	81898380
2019-02-11	0.003454154119836743	0.046327372724738386	0.05906527117530047	0.035409174052828146	0.05724557139664863	84506540
2019-02-12	-0.01032697337187007	0.04997938123391252	0.04997938123391252	0.03728532999274254	0.042725637667529695	72408018
2019-02-13	0.027826014618190512	0.051773842237954865	0.09391809027187979	0.04810912501761347	0.08292393861085595	134566783
2019-02-14	-0.011844245972674654	0.04469251632911454	0.050040771532164505	0.03399600592301431	0.04112701286041441	82809630
2019-02-15	-0.02054802676159712	0.05360618365799068	0.0554103038354872	0.03195674152803195	0.03195674152803195	72957767
2019-02-18	0.026223928540443933	0.05913217840648682	0.08307777548350302	0.05729020940056253	0.08123580647757873	101228762
2019-02-19	0.08006814157163578	0.050016315638135314	0.1595051964140777	0.04642651626843237	0.1379664001958595	326104039
2019-02-20	-0.014195597488562008	0.032002205593119594	0.05194427719878376	0.023693009090759564	0.03864956279500765	158007165
2019-02-21	-0.0016001327037994276	0.05866344077755804	0.08394998792988816	0.04180574267600448	0.05192036153693665	174586385
2019-02-22	0.05769254148068152	0.062048629332533696	0.14309526559320393	0.04009849867860218	0.11439124858421654	190880659
2019-02-25	0.0	0.05360603850355372	0.05360603850355372	0.05360603850355372	0.05360603850355372	0
2019-02-26	0.15151493382795345	0.21324331706469823	0.2755018557035447	0.18131586135246944	0.21324331706469823	378296660
2019-02-27	0.10000012476915979	0.0452882936999477	0.1589668614498093	0.03835667371520005	0.1589668614498093	367209523
2019-02-28	-0.04784695085633219	0.06494876777235645	0.06494876777235645	-0.01697036821013245	0.003194342185557161	276557707
2019-03-01	0.10050264692081609	0.03904630109443994	0.159496254469719	0.03242817178810595	0.159496254469719	290073084
2019-03-04	0.0	0.0536060569358609	0.0536060569358609	0.0536060569358609	0.0536060569358609	0
2019-03-05	0.21004538804996636	0.20274664033774079	0.27491143875800517	0.18590818737301235	0.27491143875800517	362915053
2019-03-06	0.0	0.05360629555604762	0.05360629555604762	0.05360629555604762	0.05360629555604762	0
2019-03-07	0.0	0.05360629555604762	0.05360629555604762	0.05360629555604762	0.05360629555604762	0
2019-03-08	0.08962283280142778	0.14803327487475013	0.2812250141242882	0.14803327487475013	0.14803327487475013	436992763
2019-03-11	-0.09870136433325294	-0.042176263102686636	-0.006599952875072089	-0.051298393930280066	-0.05038618084752074	347547306
2019-03-12	0.023054745417976967	0.06271517452009805	0.11838120747115087	0.05259407761990667	0.0778968198703852	321827122
2019-03-13	-0.05258217114304208	0.07339222909534007	0.07339222909534007	-0.024548628674649513	-0.0017946920210155323	257293457
2019-03-14	-0.04757183448504283	0.018103126641691367	0.05778304337234198	-0.025753623429027636	0.0034842099514516374	212588492
2019-03-15	-0.006243356716958723	0.07882257041537406	0.08320802801868869	0.028389807977257087	0.04702800279134383	173097736
2019-03-18	0.053403153029161515	0.05250278874625172	0.11869793269255702	0.01719871197488914	0.10987191349971633	228398464
2019-03-19	0.0039760536086476525	0.036848875924903234	0.0996882017385337	0.03265958753732777	0.05779531786277999	214955095
2019-03-20	0.003960307214854861	0.059865169711432	0.06925373912816711	0.011879148248119045	0.05777882095215757	160966407
2019-03-21	0.004930960218676323	0.04425468218342547	0.08269987943793956	0.0390593852571397	0.0588015135770253	197540626
2019-03-22	-0.019627060619580406	0.03396096487169319	0.049470379344768625	0.014315706539131074	0.032927003906821524	129860300
2019-03-25	-0.05505508968255868	0.0124744231558806	0.03145831859005333	-0.007564133135746152	-0.004400150563384093	138748800
2019-03-26	-0.029660912905158487	0.05583845180599722	0.06588342650605426	0.012310228105749915	0.022355202805806954	105837740
2019-03-27	0.012008809343415968	0.06510837247644938	0.07315994764635778	0.047854997112359986	0.06625859750072198	75895471
2019-03-28	-0.030205191765960957	0.0433768585150291	0.0433768585150291	0.01723560824722331	0.021781912641624414	80448950
2019-03-29	0.06674109494656912	0.05360629276027162	0.1426764576654781	0.05360629276027162	0.12392484400122408	167848797
2019-04-01	0.025025944636354342	0.05360602429731948	0.09755205242233805	0.04261951726606488	0.07997364117233062	162766248
2019-04-02	0.04781281866762877	0.053606151945227026	0.15328608290240514	0.03538508929714071	0.10398203103111282	245904252
2019-04-03	-0.018446700161795056	0.023941511969835266	0.046445721024117426	0.016781081816200024	0.03417069790359982	144171344
2019-04-04	-0.00791288520850413	0.05464839929488613	0.07861768109704267	0.04214268705028282	0.0452691151114336	118133351
2019-04-08	-0.030907216897700127	0.05045481542143301	0.06516118283733313	0.006335713173732829	0.02104208058963295	125425625
2019-04-09	0.002057567000189301	0.0481863287235897	0.07094942376308865	0.03301093203059041	0.05577402707008935	70339667
2019-04-10	-0.016427061409121434	0.04495231242213564	0.051442699455813555	0.029808076010220567	0.036298463043898485	63496165
2019-04-11	-0.013569962855435342	0.05690550824837205	0.06680368678555762	0.03380975832827245	0.03930874640448655	55486952
2019-04-12	0.0105821079169192	0.054721069759207035	0.06921512251488313	0.04803150694889488	0.06475541397467516	41159826
2019-04-15	0.0020939730535013542	0.06794832233372299	0.0966328847104552	0.05360604114535698	0.055812545943567105	92269651
2019-04-16	0.01567418308903518	0.034890222918656975	0.0767262106536664	0.013972229051152264	0.07012052837971768	85706789
2019-04-17	-0.011316943688113578	0.05469007016344657	0.05469007016344657	0.035178845843876164	0.041682587283732836	61661435
2019-04-18	-0.011446482890411318	0.052509824795486874	0.056895282398801504	0.039353451985543374	0.04154618078720059	49133915
2019-04-19	0.011579021967247109	0.05471532612274782	0.07800556991725655	0.05138814843781809	0.06580591840584712	60563438
2019-04-22	-0.013527601796064161	0.06018437560128733	0.06237710440294455	0.036064358783057346	0.039353451985543374	52468853
2019-04-23	0.010548620981723157	0.05027202045329731	0.0802797924662488	0.03137823807477239	0.06472020697805175	71377593
2019-04-24	-0.007306945375912013	0.04040854401972956	0.05580571063312923	0.02611117502157252	0.045907532095943664	44474510
2019-04-25	-0.007360729826682231	0.053606174863394085	0.07687192635880036	0.04141935265151472	0.04585092436492533	89065816
2019-04-26	-0.030720211292694567	0.04244515220592104	0.04467736880593366	0.01677466130577518	0.02123909450580064	64772269
2019-05-06	-0.14644813839893323	-0.035058023181636956	-0.035058023181636956	-0.10990435789905179	-0.10069250131844698	68745931
2019-05-07	0.01408459634540309	0.06035139721532299	0.07114377784855784	0.032021398053081546	0.06844568269024907	47263929
2019-05-08	-0.006313255441868634	0.026999852734606596	0.054936377226092	0.019017988594182245	0.04695451308566765	32310531
2019-05-09	0.013977083596623262	0.046912384946738675	0.08439773888345045	0.03887980910315749	0.06833258719628833	50002589
2019-05-10	0.04761917336272168	0.0641687132549872	0.11962167349904358	0.0562468617915505	0.1037779705721702	77457049
2019-05-13	-0.026315829272454752	0.037222290978283404	0.04226346857720569	0.01831787498232437	0.025879641380708026	39223737
2019-05-14	-0.014741943504705719	0.035485170752151844	0.052311804776874415	0.026424675508070483	0.038073883679032174	30028868
2019-05-15	0.026184344543378056	0.06542959474395069	0.09564523059982112	0.0628021481477881	0.08119427432092667	44905560
2019-05-16	0.0012151677826401062	0.049765678218399056	0.05872709254465372	0.036963657752321064	0.05488648640483039	34966017
2019-05-17	-0.02912620117817204	0.05616347467042521	0.05872077121926396	0.017804026437843203	0.022918619535520813	40372185
2019-05-20	0.021250051034048572	0.05360616464966934	0.09311639582403203	0.03253404135667593	0.07599529564847479	43806706
2019-05-21	0.004895850971348706	0.03297245497058992	0.06908135476981145	0.03297245497058992	0.05876452625574836	42084642
2019-05-22	-0.010962124716947604	0.05232290656720071	0.0561728684204955	0.03948970038955197	0.04205634162508167	27041500
2019-05-23	-0.0049261275499181325	0.049713469744182656	0.06787909221194362	0.04322574743426796	0.04841592528219976	30208069
2019-05-24	0.021039523269308576	0.05099818748451547	0.0966370665936445	0.049694219509968954	0.07577357900089976	59153758
2019-05-27	0.02303017145046442	0.04722071453657276	0.08425656907506143	0.038281025510041235	0.07787107691325297	61539095
2019-05-28	-0.009478462363908058	0.053606342210840624	0.06484148093109839	0.0398745059971923	0.04361955223727815	53747772
2019-05-29	0.08851665113563867	0.05486641257451164	0.1594708477521514	0.049825234975589355	0.14686790375484546	163611596
2019-05-30	-0.0043955061726851955	0.021187557767433945	0.052448401372559426	0.018871939722609882	0.04897497430532333	112651522
2019-05-31	0.0	0.05709486839168894	0.07337575745382723	0.03499937609307283	0.05360610644980225	95805305
2019-06-03	0.00993378446126366	0.05709486839168894	0.0710499161592361	0.04779150321332423	0.06407239227546252	80861203
2019-06-04	-0.03715855677842947	0.05360609640668513	0.054757578479260716	0.009849777648811781	0.014455705939114336	73845443
2019-06-05	-0.01248577153273266	0.07034908209493737	0.07393684438128925	0.04045106304200615	0.04045106304200615	50383017
2019-06-06	-0.01494255727166871	0.05360614870015869	0.06329448110199923	0.0318074007960175	0.03786260854716793	39019420
2019-06-10	0.01400251218070768	0.059753239777530345	0.07327677299974956	0.03393558544420315	0.06835912455530616	42420162
2019-06-11	0.05063273950288955	0.043906513988771684	0.13362670218292863	0.043906513988771684	0.10695313271980103	97132265
2019-06-12	-0.01862009442757728	0.047836143353678154	0.05129815704317261	0.028218065779875817	0.03398808859570012	61573474
2019-06-13	0.008928725765437436	0.04655093851513239	0.07830023664986106	0.044199138653300676	0.06301353754795455	50347849
2019-06-14	-0.012168218948687585	0.05826815116358206	0.08857098368588724	0.04078574778532901	0.04078574778532901	88171137
2019-06-17	-0.002239591715185969	0.05006670873226038	0.07248386318834228	0.03708835615242331	0.051246558966790985	39404598
2019-06-18	0.004489355739315806	0.0536062066983812	0.06188369653776245	0.042963719762033926	0.05833620089231322	27183753
2019-06-19	0.011173169888994522	0.10069473261652784	0.1183529368831032	0.06184668323006214	0.06537832408337733	62992273
2019-06-20	0.08066304311507934	0.05127779148306654	0.15954892615408023	0.04778517423561457	0.13859322266936777	250855753
2019-06-21	0.009202355509983181	0.03313731375249045	0.06653382754428112	0.023441551683906096	0.06330190685475288	176916655
2019-06-24	-0.016210698191875227	0.0461338628620984	0.054673731130360434	0.02478419219144322	0.036526511060303635	89161646
2019-06-25	-0.015447971981670442	0.05143605657442137	0.05252112990421951	0.015628636691081936	0.03733010328704534	72075200
2019-06-26	-0.013598462969324437	0.0348705072816201	0.054708280584143135	0.03156421173119946	0.03927890134884735	41861169
2019-06-27	0.00954424319781461	0.05695820389505861	0.07818675133058299	0.05695820389505861	0.06366195571680303	58144862
2019-06-28	-0.0031513003789992874	0.05139262486809182	0.06245991565617696	0.03921860500119819	0.05028589578928333	39648352
2019-07-01	0.025289655641772178	0.07692090770887734	0.09357432380746826	0.06914931352953509	0.08025159092859564	91745205
2019-07-02	-0.011305205908554512	0.05144056561655084	0.052523408629544174	0.039529292473623766	0.04169497849961044	42976377
2019-07-03	-0.027026970785755937	0.048130089920142734	0.049225314674500226	0.021844695815562327	0.025130370078634803	53979171
2019-07-04	0.007478464954369119	0.06261133358285183	0.06373698118198619	0.04685226719497069	0.06148568598371748	31403928
2019-07-05	0.0010605335381999705	0.051371744043604735	0.0625446637465123	0.051371744043604735	0.05472361995447694	26879031
2019-07-08	-0.04449142516315279	0.04579347710593998	0.04579347710593998	0.005613578305711824	0.006729686605718139	58004420
2019-07-09	-0.002217478788292178	0.05243804690860051	0.06178266885673459	0.037253036242882745	0.05126996916508377	29829365
2019-07-10	-0.005555431984444013	0.05594766620347007	0.0629717083289921	0.04307025564001318	0.047752950390361065	20900579
2019-07-11	0.0078212895551132	0.06066946961229048	0.07715046026109418	0.057137828758975495	0.06184668323006214	35339683
2019-07-12	0.02549890352542225	0.05243804690860051	0.0944888456752038	0.05243804690860051	0.08047191275300276	63882492
2019-07-15	-0.004324341194335973	0.04221577579808669	0.06613548212787873	0.025130271276806542	0.049049977606598794	47051406
2019-07-16	-0.001085866382837435	0.055894091191498095	0.05932603298301969	0.05017418820562858	0.0524621493999763	23964337
2019-07-17	0.0010870467703819648	0.05475144913801841	0.05704189745319321	0.047880104192493805	0.05475144913801841	22629945
2019-07-18	-0.0076004926895636826	0.0524621493999763	0.06047001358019355	0.03987836283106361	0.045598265816933124	27023017
2019-07-19	-0.002188019598458477	0.04899522395932756	0.06513361202024036	0.04784248195497667	0.051300707968029324	30854404
2019-07-22	-0.02631588979974194	0.05476128834297015	0.05938236737185491	0.024724274655218356	0.025879544412439753	35448643
2019-07-23	0.0011261008730572867	0.055979113919619995	0.06072508746532605	0.04411418005535465	0.05479262053319348	22809253
2019-07-24	0.020247371080798573	0.05479131250171857	0.08679059951019762	0.05479131250171857	0.07493901172927947	37571864
2019-07-25	-0.0022050224840970117	0.04895970031581453	0.0570911708608984	0.039666591121433	0.05128297761441007	24605906
2019-07-26	-0.0011049476765187742	0.04894937998476523	0.05593461447966938	0.04312835123901194	0.0524419972322172	17463030
2019-07-29	-0.0022123398728401264	0.05710265760503189	0.06059913828068241	0.04894420269518045	0.0512751898122808	15623566
2019-07-30	0.012195082065637977	0.0687911353178352	0.07930383500948603	0.0652869020872848	0.06645497983080174	42592906
2019-07-31	-0.004381062923598872	0.05937618898532655	0.060530193548491366	0.04668213879051333	0.048990147916842974	24466240
2019-08-01	-0.007700828732451728	0.047810649488444545	0.054765144949651096	0.04201523660410593	0.0454924843347091	22941739
2019-08-02	-0.02660752611179387	0.03374880301233234	0.036084958499365806	0.0022107039373798713	0.025572258807714982	34714408
2019-08-05	-0.020501158906721703	0.0500060900353222	0.05360611091544323	0.032005985634716634	0.032005985634716634	30643400
2019-08-06	-0.018604846612711445	0.026653417365364893	0.04748051533101071	-0.016225901975670802	0.03400415782382797	47188567
2019-08-07	-0.014217818380736774	0.05984808594431726	0.06484148093109839	0.037377808503801735	0.03862615725049701	24709143
2019-08-08	0.010817318498930285	0.06500331974578204	0.07260144093302906	0.05360613796491162	0.06500331974578204	24075929
2019-08-09	-0.022592146688031008	0.05736453143341797	0.061122936166001354	0.02729729357275203	0.02980289672780769	26731666
2019-08-12	0.015815114941121745	0.054887880030408454	0.07026899128237057	0.04847908367542411	0.07026899128237057	19009781
2019-08-13	-0.014371439426545604	0.0447734639653467	0.04729707136622935	0.03089362326049313	0.03846444546314063	18234092
2019-08-14	0.009720702160097683	0.0664083048243006	0.07152911301073171	0.060007294591261494	0.06384790073108505	20333005
2019-08-15	-0.0024066848581713544	0.035855826112137695	0.05233823215798577	0.026980684395142604	0.05107035476984342	18054764
2019-08-16	0.00482485483367507	0.05868979702641612	0.07267009446614063	0.05233511637199576	0.05868979702641612	23788352
2019-08-19	0.03481403595845743	0.05993046704356187	0.09028647087297155	0.05487113307199344	0.09028647087297155	49462002
2019-08-20	-0.010998206302691969	0.042605658549702344	0.053606187186217354	0.032827410872800084	0.03649425375163857	28680885
2019-08-21	-0.004716834226375242	0.043077107126985044	0.054199967274073724	0.03936948707795555	0.043077107126985044	17146698
2019-08-22	0.002369718268759558	0.051745636994029016	0.05298736738009042	0.04305352429159899	0.050503906607967615	15969282
2019-08-23	0.013002390130670572	0.049259188326787204	0.07155749457222066	0.046781598743961095	0.061647136240916875	36520228
2019-08-26	-0.017502796147687533	0.026008270189189123	0.0357914241361659	0.019893798972328552	0.029676952919305333	24455619
2019-08-27	0.01781460148594838	0.054243635579714636	0.08038190753623636	0.054243635579714636	0.0666904317494869	38460212
2019-08-28	-0.012835497978433546	0.04312878959639833	0.045574578083142685	0.030899847162677404	0.03456852989279383	23097019
2019-08-29	-0.004727984200906794	0.049259188326787204	0.05297557270102604	0.03934882999548342	0.04306521436972226	18747741
2019-08-30	-0.0023754710490011027	0.054243635579714636	0.060467033664600656	0.03930748017598774	0.04553087826087398	22159647
2019-09-02	0.02142864896069446	0.04926806378601631	0.08045914772733666	0.04552513371305795	0.07047800086611414	38817574
2019-09-03	-0.0011655256518246445	0.04435593409149105	0.05534915445034883	0.04069152730520498	0.046798871949014956	27956618
2019-09-04	0.021003453208764396	0.04679747232651475	0.07492403992407282	0.040683001109654185	0.07003246295058453	57801400
2019-09-05	0.040000004790950554	0.05520684090235643	0.14383942458768492	0.05520684090235643	0.08994123180606613	130445308
2019-09-06	0.005494506127291561	0.04802041037024247	0.05377876427337575	0.030745348660842827	0.05377876427337575	68314191
2019-09-09	0.0021858384151823263	0.06291031717106413	0.06978258215277365	0.04114814472898421	0.05031116470459684	63480020
2019-09-10	0.0032716064197819764	0.049163240885822974	0.05373475827530379	0.03430580937001078	0.05144899958056328	46570896
2019-09-11	-0.004347803303906703	0.058272662071781056	0.0639684245156551	0.040046222251384586	0.043463679717708883	45373331
2019-09-12	0.02838418729632383	0.050308519546664765	0.08348820044737651	0.0468761387638326	0.07776756580932269	91110390
2019-09-16	-0.013800492302557426	0.05024545593613973	0.05024545593613973	0.030219589191594724	0.03355723364901883	53736533
2019-09-17	-0.029063332585391878	0.037867381080422126	0.04576419811038189	0.015305046709108679	0.017561280146239984	49103348
2019-09-18	-0.005543353181426985	0.0538296658047029	0.05615343574032513	0.041048931158780444	0.042210816126591555	29227479
2019-09-19	0.018952227329520295	0.05269380957621884	0.07021923370900832	0.04685200153195582	0.0678825104913031	33968208
2019-09-20	0.001093885409884761	0.044580302311400394	0.05833986721561214	0.039993780676663274	0.04916682394613771	32586478
2019-09-23	-0.01202188220800378	0.04000276723203266	0.04114814472898421	0.028548992262516917	0.03542125724422624	30165455
2019-09-24	-0.004424640258870365	0.046861120830032146	0.051498379394063404	0.0387459183429778	0.04338317690700885	21661029
2019-09-25	-0.022222338668921093	0.04336242171870687	0.04452688870723219	0.022402015925250537	0.024730949902301378	37550783
2019-09-26	-0.011363637716968354	0.0504022790633033	0.05992973737680266	0.03253829472549198	0.03611109159305416	30455901
2019-09-27	-0.0011494495182418454	0.04681579475182683	0.051634279422721426	0.03717882541003785	0.04681579475182683	19042104
2019-09-30	-0.01035658865366536	0.04922644875559915	0.05405047840505029	0.037166374631971616	0.037166374631971616	16615600
2019-10-08	0.006976646695786983	0.05045754616041923	0.06873696981750314	0.05045754616041923	0.05533205913564171	20775845
2019-10-09	0.002309517453170215	0.04196946509087648	0.05770187281001873	0.032287983417558216	0.05044076155502998	16639716
2019-10-10	0.004608271005503027	0.04802034028785778	0.052849927109460924	0.04198335676085412	0.052849927109460924	16342627
2019-10-11	0.008027451403163402	0.04802036524711595	0.06484638028548693	0.03479992485982421	0.05643337276630133	32823004
2019-10-14	0.028441414763210004	0.05875102432373188	0.09690421438945176	0.04802043961774792	0.07782761935659172	59353546
2019-10-15	-0.015486704631902538	0.044542491548016615	0.04917975011204787	0.028312086573907526	0.03179003049693102	26095710
2019-10-16	0.015730315379958632	0.052730617186286556	0.09158980104215621	0.05155306616035114	0.06450612744564095	60747070
2019-10-17	0.0	0.04338317690700885	0.058454267240110186	0.03526797441995431	0.04802043547103991	30109406
2019-10-18	-0.028760973202905674	0.04570180618902438	0.052657694035071166	0.014400310881814165	0.017878254804837453	37937800
2019-10-21	0.007972713274526274	0.049213984745216266	0.06831230528665366	0.02772837413609924	0.056375854948255345	26580376
2019-10-22	-0.0101695862617211	0.04683608595566369	0.048020289672808074	0.02552041904706423	0.037362456218508346	26632742
2019-10-23	-0.013698440028827691	0.04084216812926921	0.046824019670242106	0.031271205663712706	0.03366394628010199	20483055
2019-10-24	-0.0011575528534533896	0.04802018797406545	0.056511092274781294	0.04195525633069693	0.04680720164539179	15807376
2019-10-25	-0.003476197247871857	0.04802034058110865	0.04802034058110865	0.026161283651259155	0.044377164426133625	25773322
2019-10-28	0.011627785113919951	0.04923891791661367	0.06264382859847531	0.04558303318519698	0.06020657211086397	23254115
2019-10-29	-0.011494133796068621	0.049225037087274236	0.05042965825499783	0.035974204242314255	0.035974204242314255	16356130
2019-10-30	0.006976646695786983	0.04558303318519698	0.0699555980613087	0.04558303318519698	0.05533205913564171	29227006
2019-10-31	-0.012702103955393347	0.04923057634586522	0.05165094676419473	0.02865742779006395	0.034708353835887946	18871737
2019-11-01	0.011695907866379807	0.04189164375935088	0.06395523150954886	0.04189164375935088	0.06027796688451594	17542254
2019-11-04	0.002312066313401017	0.045597248055892006	0.0577130910229359	0.045597248055892006	0.05044358524270948	22674107
2019-11-05	0.016147735351012656	0.049229281861787266	0.07461386126166931	0.04560291337608992	0.06494354529980952	45373032
2019-11-06	-0.0170261083172494	0.048020389409165094	0.05039955033858426	0.024228780114972797	0.030176682438520924	25598665
2019-11-07	-0.004618913887819174	0.04923057634586522	0.04923057634586522	0.0359185390450527	0.04317965030004123	19194448
2019-11-08	-0.008120698876393143	0.05288356967894718	0.057746773234046145	0.03950975990242483	0.03950975990242483	21583464
2019-11-11	-0.01637436907332209	0.04434315350937283	0.048020418134405975	0.028408340134229937	0.03085984988425189	21019885
2019-11-12	-0.013079570304107896	0.044282044878706406	0.04802052475297377	0.02683580546545826	0.034312765213993214	21792287
2019-11-13	-0.02289154390201734	0.04296972117479808	0.04296972117479808	0.0025641145433289826	0.024029593066296862	30307265
2019-11-14	-0.003699085560204365	0.0480203980177294	0.05060491194625665	0.038974599267884595	0.04414362712493887	17434886
2019-11-15	-0.016089187568922317	0.04542623428391029	0.0467232891651558	0.031158630590209235	0.031158630590209235	20480424
2019-11-18	-0.09937105591683336	0.038792575005965155	0.038792575005965155	-0.05612248260879305	-0.05612248260879305	194238576
2019-11-19	0.0013966774825496706	0.017282383537999907	0.049484128052871806	-0.01345564531710512	0.049484128052871806	223923433
2019-11-20	-0.03207804755410751	0.023171920654479202	0.033403639861024036	0.011478527275570858	0.01440187562029801	126827379
2019-11-21	-0.010086516040675956	0.04802032132544672	0.04953043706222687	0.029898932484084515	0.0374495111679854	65835896
2019-11-22	-0.011644772651274974	0.04649488285359332	0.05412239657701599	0.03123985540674786	0.03581636364080151	82284534
2019-11-25	0.005890831165006612	0.04802032202469508	0.06191160758908718	0.03875946498176705	0.05419422671998047	57549561
2019-11-26	-0.010248812038824866	0.049554951873915905	0.051089388938059026	0.03727945536077068	0.03727945536077068	51159782
2019-11-27	-0.002958487229034039	0.049570745719239535	0.05267139784839541	0.041819115396350054	0.04491976752550593	41809279
2019-11-28	-0.0207714829005533	0.04491046967637156	0.05113017485301663	0.02158657526395263	0.026251354146436333	72282872
2019-11-29	-0.0015151832733422074	0.04960819920261537	0.05119610873242262	0.040080742023771584	0.046432380143000725	47130159
2019-12-02	0.003034965075001093	0.049610642161332805	0.062333195399652	0.046430003851753075	0.05120096131612281	55967731
2019-12-03	0.010589919662350452	0.044849242048285026	0.05911880681070468	0.03850721326498739	0.05911880681070468	48652308
2019-12-04	-0.0074850304098481625	0.04174478445139419	0.05272703368506857	0.03546921346072313	0.040175891703726464	57826653
2019-12-05	0.01809961188470889	0.05118180497558338	0.07015049920070657	0.04802035593806275	0.06698905016318608	65065858
2019-12-06	0.005925894873472839	0.04957291232417516	0.05888864823237798	0.04491504437007389	0.05423078027827657	54596752
2019-12-09	-0.0014727849650602862	0.052650750546159156	0.05573770289380178	0.04338989350323099	0.046476845850873756	37023773
2019-12-10	-0.004424717204537078	0.0449288490015983	0.0480203544720173	0.03874583806076043	0.043383096266388865	31360965
2019-12-11	0.008888764679076748	0.05112553497554225	0.06665176148921356	0.04646766702144098	0.057336025581010745	55839869
2019-12-12	-0.00587368506909465	0.048020418700316155	0.048020418700316155	0.04032570196977054	0.041864645315879634	26931218
2019-12-13	0.04874455826637297	0.05421253110391369	0.10994182790235851	0.05421253110391369	0.09910557574710532	162022484
2019-12-16	0.011267546590406234	0.04802028967280805	0.06278113882312937	0.03325944052248686	0.05982896899306506	117267108
2019-12-17	0.0640668853010329	0.043641435747010876	0.15311431362257144	0.04072215900366253	0.11516371595904369	211053069
2019-12-18	-0.00261785598911368	0.04116154670789246	0.07545540529510894	0.03293102064696056	0.04527680973835847	138619966
2019-12-19	-0.0013122260379150206	0.04389431168373543	0.06039856957596842	0.038392892386324436	0.04664502133244099	76786280
2019-12-20	0.0	0.05077458475123634	0.06730052841704873	0.046643098834783216	0.04802026080693434	85089918
2019-12-23	-0.0446781641329182	0.04802026080693434	0.04802026080693434	0.0011967537537991963	0.0011967537537991963	101762995
2019-12-24	0.016506248911615683	0.04802038032039725	0.06676077226560392	0.0393709686533789	0.06531920365443408	64331618
2019-12-25	-0.005412691682065468	0.042347678968260166	0.049438479505459314	0.03383871832362136	0.042347678968260166	46294358
2019-12-26	0.010884296706378811	0.04802028967280802	0.059427313233872604	0.042316777892275725	0.059427313233872604	51667058
2019-12-27	0.0	0.048020348803176224	0.08187295764742421	0.04519929806615562	0.048020348803176224	95490154
2019-12-30	0.025571978615871245	0.03109404438105223	0.07623085617338288	0.03109404438105223	0.07482033080487258	100753593
2019-12-31	-0.003936953184709849	0.04526966650808815	0.053521795454204706	0.032891473088913444	0.04389431168373543	71653770
2020-01-02	0.019762708316476252	0.06458980981814161	0.08944404662323437	0.05906664608367653	0.06873218261899043	112120273
2020-01-03	0.0025841693124443593	0.053436586367176554	0.06291480758127703	0.04260433355106162	0.050728523163147764	67905603
2020-01-06	-0.010309359104547635	0.03991701192136559	0.05342242766060406	0.029112679329974772	0.03721592877351783	87920291
2020-01-07	0.00781239125765441	0.050749566531688536	0.060301835318340165	0.042561907571701287	0.05620800583834666	59542333
2020-01-08	-0.02454764512239906	0.022293859520846084	0.022293859520846084	0.022293859520846084	0.022293859520846084	69140252
2020-01-09	0.009271439892427367	0.06051324676824547	0.06745377848793303	0.05218460870462056	0.05773703408037054	46170814
2020-01-10	-0.002624727146794828	0.05489715027855742	0.05764785992726298	0.039768247210677156	0.04526966650808815	43661288
2020-01-13	0.0105263999794809	0.05905222823623534	0.05905222823623534	0.05905222823623534	0.05905222823623534	56342077
2020-01-14	0.0052083063254304614	0.053478786185017536	0.053478786185017536	0.053478786185017536	0.053478786185017536	80822174
2020-01-15	-0.015544097018449894	0.042590217652925755	0.04666283569063253	0.029014824193903332	0.03172990288570777	50407045
2020-01-16	-0.014473713785895239	0.04802043419210788	0.05353633121417161	0.03147274312591681	0.03285171738143271	44440500
2020-01-17	0.002670423309318478	0.05361737066636896	0.05921427568982909	0.0452220131311787	0.050818918154638834	33375598
2020-01-20	0.01597861089728951	0.049415760103557124	0.06476625659443368	0.043833761379602154	0.06476625659443368	54123510
2020-01-21	-0.01703795385771075	0.043899690579890335	0.043899690579890335	0.027417063886523752	0.03016416833541814	46417783
2020-01-22	0.0026665828250435186	0.04662292928657772	0.05780181237642101	0.022867802720660746	0.050815010445268864	47849620
2020-01-23	-0.0345743594846471	0.03965851259429222	0.042445800831810494	0.0034237655065555246	0.0117856302191101	64130730
2020-02-03	-0.1005510478975574	-0.05735918815673589	-0.024157444401153912	-0.05735918815673589	-0.05735918815673589	89491300
2020-02-04	0.029096447564074937	0.030366108979672787	0.081723921265264	0.030366108979672787	0.07851405799741448	101414614
2020-02-05	0.014880953773411513	0.0495799418878934	0.08389013315317367	0.03866306284894053	0.06361592922368987	82054342
2020-02-06	0.0131964514214122	0.048020386301543726	0.06799731448617724	0.035726892034076925	0.06185056735244384	68061524
2020-02-07	-0.00723589089242961	0.04043705636393337	0.04802041683305822	0.028303679613333552	0.04043705636393337	56279398
2020-02-10	0.004373270040640588	0.03885405842087458	0.054131323985887526	0.03274315219486944	0.05260359742938614	49689079
2020-02-11	0.02031927353482501	0.052583545016199426	0.09213148167865776	0.046499247068128906	0.0693153643733934	75686993
2020-02-12	0.005689870950381472	0.04503878644311876	0.055474266478927406	0.036094089269568586	0.05398348361666907	56245414
2020-02-13	0.0	0.06877326175368946	0.06877326175368946	0.04505568590339952	0.048020382884685825	66955138
2020-02-14	0.002828913859543378	0.048020382884685825	0.059879170809830795	0.039126291940827035	0.050985079865972005	57258581
2020-02-17	0.022567025999181745	0.04949848753964438	0.07758365833295887	0.04654215377192713	0.07167099079752424	92392327
2020-02-18	-0.006896696278660697	0.045129199218538245	0.046574744445673125	0.030673746947189096	0.04079256353713349	65539854
2020-02-19	-0.004166609049802063	0.045109274325900825	0.05966511380119201	0.04219810643084267	0.04365369037837175	70021849
2020-02-20	0.05160396815304315	0.050943729929386554	0.12548911271992716	0.034865314033387544	0.10210232596211045	175067091
2020-02-21	-0.0066314389138284555	0.041070581944555824	0.06330973990331805	0.029951002965174712	0.041070581944555824	134498598
2020-02-24	-0.02269670917376107	0.032628976828393434	0.035427429340123565	0.018636714269743164	0.024233619293203296	113334923
2020-02-25	-0.015027493350368955	0.02511268365051218	0.033703013401773396	0.0036368592723589393	0.03227129177656322	106093482
2020-02-26	-0.005547821781875936	0.02912406570288524	0.06691675738123976	0.02476337050922891	0.0422061512838541	96294992
2020-02-27	-0.006973501308929254	0.048020381584659405	0.059713774963567744	0.03632698820575106	0.04071201072284172	64046310
2020-02-28	-0.049157307712178834	0.02888517862197394	0.03477293357832286	-0.0034974736379452215	-0.0034974736379452215	112499302
2020-03-02	0.03545048931870619	0.05421253110391369	0.08826932359185227	0.05421253110391369	0.08517325154749415	78764215
2020-03-03	0.0014264140912549897	0.058485668806711445	0.07044595884972514	0.043535306252944383	0.0495154512744511	83338668
2020-03-04	0.004273744159375586	0.04204891299966472	0.05548507376900135	0.03159856573462506	0.052499260264704244	64665023
2020-03-05	0.04113472204197757	0.05693961128704471	0.09856311215348237	0.04504718246806248	0.09113034414161852	198775611
2020-03-06	-0.028610383596854368	0.03088647241357787	0.03802557540813171	0.015180445825559451	0.018036087023380935	120522890
2020-03-09	-0.033660561641896534	0.017152991715935668	0.0274421115743339	0.008333746123022989	0.012743368919479263	107101707
2020-03-10	0.017416454983800518	0.035851725659005455	0.06779428988637566	0.03433065117198786	0.06627321539935807	85179523
2020-03-11	-0.015691751032808426	0.04652537876369774	0.048020415019074426	0.03157501620993069	0.03157501620993069	59535685
2020-03-12	-0.010145140178029758	0.03738819977757673	0.046501419687775	0.032831589822477525	0.03738819977757673	45116713
2020-03-13	-0.010248812038824866	-0.002615908306951238	0.04648607774562967	-0.0056847824352374765	0.03727945536077068	64008481
2020-03-16	-0.02958580248597885	0.04802041965466167	0.05577204997755115	0.009262268040214117	0.0170138983631036	62463090
2020-03-17	-0.012195219365372552	0.05281319994504274	0.0671915289276002	0.0144709893248894	0.03523968674413923	58572984
2020-03-18	-0.01851842567262131	0.05610710511015134	0.06742831450643158	0.026995423805430376	0.028612739433470532	50182072
2020-03-19	-0.015723272512994865	0.04307693524552015	0.05296392041372407	0.006824656295438918	0.03154211921594879	60483842
2020-03-20	0.014376965247575547	0.054717046202968384	0.06308781641092842	0.04132381387023226	0.06308781641092842	43116808
2020-03-23	-0.026771558936214666	0.02326407375951518	0.03316662931202655	0.015011944132422343	0.019963221908677956	35136966
2020-03-24	0.027507990731294358	0.061586967375024414	0.08363270311923417	0.049716186589680786	0.07684939981332346	49039052
2020-03-25	0.01732303555578593	0.07277685152207233	0.08102898114916517	0.05957344411872374	0.06617514782039803	59772717
2020-03-26	-0.017028057903281407	0.04315328853668624	0.04477561091388182	0.02693006476473161	0.03017470951912248	47868870
2020-03-27	0.0	0.057923018193305205	0.06122387004414228	0.046370036715375144	0.04802046264079368	35598439
2020-03-30	-0.0062991806295450035	0.028215351535770938	0.04306918486453807	0.02326407375951518	0.041418758939119386	34300270
2020-03-31	-0.0015848194822182166	0.05964664604397196	0.05964664604397196	0.03971598812464959	0.04635954076442371	24829550
2020-04-01	-0.006349174134921426	0.04302989037539594	0.05800161128987543	0.039702841283289485	0.041366365829342715	28840291
2020-04-02	0.007987221517031374	0.04132381387023226	0.05639120024456036	0.03797550578704831	0.05639120024456036	29536314
2020-04-03	-0.011093570286710909	0.044698652604480214	0.044698652604480214	0.034733323644819104	0.0363942118047626	23097870
2020-04-07	0.014423214191541196	0.061456661161200105	0.06481570122816586	0.05473858102726845	0.06313618119468298	49060444
2020-04-08	-0.006319248193572135	0.03974215719013997	0.04470907832321378	0.03643087643475729	0.04139779756783124	26581139
2020-04-09	0.007949293802466692	0.051352837844570016	0.058017515105074434	0.048020499214317884	0.05635134578994837	33013197
2020-04-10	0.004731795234020112	0.046367295418250166	0.0744687867643959	0.038102150904677924	0.052979411029108	63279821
2020-04-13	-0.012558969656107864	0.03814892945621717	0.0430846612919837	0.02827746578468427	0.03485844156570626	29900031
2020-04-14	0.014308562227508419	0.051352837844570016	0.06468219236557884	0.04635432989919182	0.06301602305045277	35613631
2020-04-15	-0.010971853261380164	0.048020358534663854	0.048020358534663854	0.03652170256328035	0.03652170256328035	27664605
2020-04-16	-0.004754292357838337	0.043037764444536726	0.049681317084310846	0.03971598812464959	0.043037764444536726	25500636
2020-04-17	0.017515958112561937	0.05469564854603863	0.08306562643414409	0.05135800408861438	0.06637740414702313	74082026
2020-04-20	0.001564814070697986	0.046380229646018484	0.05294060726135402	0.03653966322301524	0.04966041845368632	45437752
2020-04-21	-0.014062469552139892	0.043107865377186666	0.044745397347951445	0.02509501369877366	0.0332826735525977	38558954
2020-04-22	0.0	0.04635954076442371	0.049681317084310846	0.038055099964706095	0.048020428924367205	26552849
2020-04-23	-0.006339111840056554	0.05134220524425434	0.053003093404197836	0.03971598812464959	0.04137687628459308	22545587
2020-04-24	-0.015948964916890407	0.04300594312809526	0.046348910894531394	0.029634072062350438	0.031305555945568504	34242529
2020-04-27	0.001620779679614851	0.04802039648123326	0.05991041718685509	0.044623247708198546	0.04971897086775062	22485379
2020-04-28	-0.004854471010874999	0.048020360763203	0.05310783824263607	0.02088714753956018	0.04293288328377008	32500785
2020-04-29	0.011382183924695307	0.0446122716210031	0.06846964813437016	0.04120407497623644	0.05994915652245336	33353741
2020-04-30	0.02090025625952076	0.05812991712382763	0.07497911962579935	0.05812991712382763	0.06992435887520777	57837012
2020-05-06	0.004724509254103213	0.03481705523744509	0.05297174041704944	0.029865777461189475	0.05297174041704944	41782000
2020-05-07	-0.00626956003513983	0.048020358534663854	0.05951901450604736	0.03980703284081856	0.041449697979587585	35765385
2020-05-08	0.01735019136289095	0.056285468834536834	0.0744687867643959	0.04967335322367901	0.06620364225082365	52037914
2020-05-11	-0.006201680374609676	0.04639545201440061	0.05614447796484527	0.03827126372236322	0.0415209390391782	37492033
2020-05-12	-0.009360408338841835	0.044750472222308504	0.04638544948713225	0.03167065410371934	0.03821056316301392	29505016
2020-05-13	0.0	0.04306918486453807	0.0513213144916309	0.03811790708828231	0.04802046264079368	19257333
2020-05-14	-0.015748034095158864	0.04306918486453807	0.04306918486453807	0.031516203386608016	0.031516203386608016	25391671
2020-05-15	-0.0016000338049482338	0.0530509636422417	0.056404629131548124	0.044666799918975465	0.04634363266362868	15427760
2020-05-18	0.00480779404784819	0.0480205008933368	0.05977714112771708	0.0446614608263709	0.05305906099378543	24009042
2020-05-19	0.006379552537078612	0.05637781419384008	0.05972078196027621	0.051363362544185734	0.054706330310621866	22677142
2020-05-20	-0.009508750804492693	0.049681317084310846	0.049681317084310846	0.034733323644819104	0.038055099964706095	22082476
2020-05-21	-0.0031998999266218296	0.04969729815293512	0.0530509636422417	0.041313134429668885	0.044666799918975465	16252781
2020-05-22	-0.017656535634963264	0.04802036019265413	0.04802036019265413	0.027833772195363822	0.029515987861804642	32170799
2020-05-25	-0.0032678714448862315	0.0497328489835144	0.051445300613177515	0.041170590835198646	0.04459549409452489	19756824
2020-05-26	0.006557342687859442	0.04802028967280805	0.05489255386738385	0.04802028967280805	0.05489255386738385	15619841
2020-05-27	-0.003257397376364807	0.046313451955351546	0.05143407243800421	0.041192831472698886	0.04460657846113404	13194119
2020-05-28	0.011437978170009057	0.04802039735385128	0.07028226853947228	0.04630794572418816	0.06000755876149342	28469560
2020-05-29	0.0032309162948367617	0.04294106671876867	0.046327239013310054	0.03786180827695644	0.05140649745512228	18089107
2020-06-01	0.016103061755405608	0.04633279762219192	0.06658440015681501	0.04633279762219192	0.06489676661226297	43953809
2020-06-02	0.004754458446654355	0.04635954076442371	0.05798575788402847	0.04137687628459308	0.053003093404197836	42365384
2020-06-03	-0.0015773201789702333	0.04802032432096459	0.0695097000562525	0.046367295418250166	0.046367295418250166	68601950
2020-06-04	-0.004739436145179138	0.0463647187009052	0.04967599945628774	0.03477523605706601	0.043053437945522514	32929341
2020-06-05	-0.0015873351218439768	0.04802046401355577	0.04802046401355577	0.03637579219118303	0.04635693946750254	20158598
2020-06-08	0.01271870346701514	0.051352837844570016	0.07301303894120947	0.051352837844570016	0.06134985373532671	45382803
2020-06-09	0.006279402565856585	0.04966563707300568	0.05789185679928313	0.04472990523723916	0.05460136890877221	34101233
2020-06-10	-0.009360408338841835	0.048020426751955864	0.049655404016779474	0.03167065410371934	0.03821056316301392	27409109
2020-06-11	-0.012598361259090154	0.046370036715375144	0.05297174041704944	0.03316662931202655	0.03481705523744509	29143049
2020-06-12	-0.011164175152790261	0.03632000759522285	0.054706330310621866	0.03297703982878657	0.03632000759522285	37672620
2020-06-15	0.00806434709350168	0.05985277681427515	0.07337561926166623	0.05309135559057976	0.05647206620242745	33193368
2020-06-16	0.011200068951362403	0.056404629131548124	0.06143512736550792	0.0480204654082819	0.059758294620854704	26708380
2020-06-17	-0.007911393192212119	0.04470387371221591	0.04470387371221591	0.036412573127198346	0.039729093361205316	20394238
2020-06-18	0.0015949299213668135	0.044677427011313324	0.05972078196027621	0.04133445924487719	0.04969187866096767	24806471
2020-06-19	0.017515958112561937	0.04802035963119028	0.06804622637573533	0.04635153740247808	0.06637740414702313	51921214
2020-06-22	0.015649452782502234	0.044740135242184634	0.09066277854953345	0.04145994643451679	0.06442126808819126	98847071
2020-06-23	-0.015408320990700627	0.03833138370333236	0.03994620700613703	0.02541279728089587	0.03187209049211412	47950241
2020-06-24	0.012519496622225597	0.04802032404985233	0.07426183451119452	0.046380229646018484	0.06114107928052342	55491217
2020-06-29	-0.021638300464044653	0.0366816855925868	0.041541130993801946	0.022103349388940926	0.025342979656417835	38630294
2020-06-30	0.01737743584021018	0.04967599945628774	0.0711993243662747	0.0463647187009052	0.06623240323320088	44501431
2020-07-01	0.04347836700180544	0.0480204943336918	0.09684132481507493	0.041511050269507375	0.09358660278298264	143205921
2020-07-02	0.09375010234574101	0.04490127944262786	0.15251051568373422	0.03866306284894053	0.1462722990900469	314859510
2020-07-03	0.04761890503125306	0.05087204556307423	0.09792601775246562	0.04089089994714268	0.09792601775246562	349595485
2020-07-06	0.08831178199541734	0.07660280774201284	0.14057288607813756	0.04938149781174699	0.14057288607813756	371446722
2020-07-07	-0.046539356790646594	0.054273446766319455	0.08804021196524066	-0.01576132549810979	-0.0007538742985892121	329105998
2020-07-08	0.0500624483695873	0.04802031716583834	0.13065521075964023	0.03752699734440316	0.10048691627301427	298675755
2020-07-09	-0.01668650910384998	0.02803435958143649	0.0667574035024868	0.014293924641708757	0.030532620479568725	242534301
2020-07-10	-0.07393930170589784	0.0010182947526315574	0.0010182947526315574	-0.03328055544828343	-0.029469572092626285	311552447
2020-07-13	0.005235574802793235	0.03430277499044919	0.06585312489068829	0.015098214181608002	0.05350733579929038	201552600
2020-07-14	-0.020833361762704772	0.04392651739836591	0.04392651739836591	0.009811271731752644	0.026186589651726905	134312959
2020-07-15	0.0026596304362399206	0.049414021425606	0.06753139496947434	0.02990300376297845	0.05080766554436507	137588582
2020-07-16	-0.02785148745913042	0.06608963464816327	0.0911086873517707	0.014661581868525649	0.018831423985793596	191039220
2020-07-17	-0.027285131164822434	0.03658220118301914	0.05373942382328983	0.015135672882680768	0.01942497854274847	115533764
2020-07-20	0.07994381552607609	0.08035758513181024	0.1318031844238013	0.06859859100792658	0.1318031844238013	212772437
2020-07-21	-0.024675164705938297	0.08749133171411916	0.08749133171411916	0.016715925895427995	0.02216018788148116	161188188
2020-07-22	-0.0013315857955995716	0.049415760103557124	0.06755725595641128	0.027087765207736866	0.04662476074157964	111404570
2020-07-23	-0.02133336128054099	0.03404668581050404	0.03823876696919518	0.0060994780858958	0.02566252349312151	87837049
2020-07-24	-0.038147082941099135	0.045164678402685676	0.05944288439179335	0.006613522232094745	0.008041342831005487	95478289
2020-07-27	0.0	0.0495047065164742	0.058411394266260346	0.03169133101690178	0.048020258558176404	49591258
2020-07-28	0.007082004319446681	0.05098915447477187	0.058411394266260346	0.045051362641581064	0.055442498349665005	41119555
2020-07-29	0.01969069689525061	0.04359838619596446	0.0745525756170312	0.036228341095710506	0.068656539536828	70436786
2020-07-30	-0.01793112121547232	0.04368365399140324	0.045129199218538245	0.02778265649291934	0.029228201720054216	53208128
2020-07-31	0.0028089006958001883	0.04507650475193339	0.0656836470991547	0.040660688534671786	0.05096425970828231	56849034
2020-08-03	0.015406341316489897	0.05095610584948078	0.06416644796211389	0.048020474268895566	0.06416644796211389	76432061
2020-08-04	0.02482752838508742	0.05091138012707776	0.09716882739539484	0.03645592785572873	0.07404010376123629	156733979
2020-08-05	-0.018842503135245273	0.03532562048658326	0.03532562048658326	0.016988790695948965	0.028272993644031626	75042769
2020-08-06	0.0013716271428349017	0.049457933413187945	0.05664600145026455	0.03220657012420402	0.049457933413187945	65632003
2020-08-07	-0.019178056232182765	0.04227786237711425	0.043713506815650185	0.02217884023761071	0.027921417991754596	56805355
2020-08-10	0.013966628453929928	0.04362926541380418	0.06997614728960845	0.04070183409427043	0.06265756899077395	77636862
2020-08-11	-0.011019370041662452	0.04513315126266954	0.06678646240761428	0.0335847186520323	0.03647182680469155	79366254
2020-08-12	-0.002785573868502978	0.048020350862033205	0.058237819463752234	0.03780288226031431	0.04510107411868498	56911204
2020-08-13	0.0013966774825496706	0.048020412393104936	0.053875275032172563	0.045092981073571056	0.049484128052871806	39161274
2020-08-14	0.030683464226255387	0.048020381584659405	0.08456223589374795	0.04071201072284172	0.08017721337665729	94759210
2020-08-17	0.06901220894036497	0.050856639612899095	0.14729152691880612	0.04376583907570007	0.12034648487744981	298284765
2020-08-18	-0.024050606379233095	0.04006064190314118	0.0413872498647523	0.009548658786084803	0.022814738402196253	160572126
2020-08-19	-0.025940336519169934	0.03578656163446572	0.042583061382723345	0.016756362339344345	0.020834262188298848	100825397
2020-08-20	0.010652407264859592	0.041042762017624544	0.06616175627542241	0.03546076329366945	0.059184257870478575	75590697
2020-08-21	-0.004549153809892141	0.035593200212200006	0.036973991145816246	0.019023709008804793	0.02730845461050246	57992251
2020-08-24	-0.016128933818633683	0.025067690532202938	0.027841892671667694	0.012583780904611853	0.015357983044076607	55505003
2020-08-25	-0.006830676207337864	0.032003092625661186	0.04751133582085546	0.01931453001141127	0.02495389117330001	55630349
2020-08-26	-0.01513069958174778	0.03342270736307999	0.03768131742089479	0.014968730445882148	0.016388267131820414	58893344
2020-08-27	0.004189990635579914	0.03200319748029793	0.04209261421544055	0.0247964712409104	0.0363272332239305	39077335
2020-08-28	0.01947155984477186	0.026261824796868415	0.05353311804321869	0.0233911623498841	0.0520977868197266	61961226
2020-08-31	-0.015006986083586424	0.0362268277999384	0.040450578456731535	0.015108074515972217	0.016515991401569927	63782785
2020-09-01	0.004155170979496986	0.029144515045664083	0.03629135195570339	0.02342704551763261	0.03629135195570339	38351078
2020-09-02	-0.008275811610021876	0.0334266548918659	0.03485010758455439	0.01634522257960364	0.023462486043046342	43684415
2020-09-03	-0.004172507866691593	0.03200314969083692	0.03774447458480541	0.026261824796868415	0.02769715602036051	36839725
2020-09-04	-0.01117316422702163	0.023355125993032792	0.02623781648878788	0.017589745001522744	0.02047243549727783	48773940
2020-09-07	-0.00988696941480764	0.02763028165523975	0.040748966101902366	0.021799755234500794	0.021799755234500794	46385699
2020-09-08	0.019971395405156966	0.037891886997864624	0.05997469310420222	0.03494751285035302	0.05261375773542307	54508210
2020-09-09	-0.015384642031282486	0.023343046672670082	0.02911649122371477	0.013239518708341844	0.01612624098386425	48239171
2020-09-10	0.0014206169620287477	0.03786689620920578	0.05252603316131316	0.027605500342730543	0.03346915512357352	64890943
2020-09-11	-0.022695138240837368	0.030539239904118807	0.030539239904118807	-0.0016651113428848708	0.008581727690252585	71838789
2020-09-14	-0.00580557958736647	0.03200318258398014	0.0349988376858205	0.020020562176618965	0.026011872380299554	39770676
2020-09-15	0.0029197405799948582	0.027483527118936212	0.04104269389909811	0.021457230772197577	0.03501639755235947	36644301
2020-09-16	-0.0029112405129311284	0.028998839709921405	0.03801196823292809	0.022990087361250324	0.028998839709921405	32886430
2020-09-17	-0.010218941372573448	0.028990101205620837	0.03501639755235947	0.019950656685512817	0.021457230772197577	35527532
2020-09-18	0.05752215420167631	0.03200321108255778	0.09288835627916878	0.030481082452642395	0.09136622764925352	132539484
2020-09-21	-0.02370987727798153	0.03776052143076232	0.03919985641194226	0.0075344868259828385	0.0075344868259828385	79537882
2020-09-22	-0.01428572481635867	0.02463170387406621	0.042323186530884634	0.014311672324255427	0.017260252767058563	53065607
2020-09-23	-0.005797165610782833	0.03200316600623455	0.036490136293218074	0.023029225432267215	0.026020538956923037	35923390
2020-09-24	-0.0029153339132208357	0.025985721046818372	0.04102949994779806	0.024481343156720296	0.028994476827014254	38618852
2020-09-25	0.001461853528884822	0.02898555753892605	0.03803821640290481	0.022950451629606832	0.03351188697091537	34583640
2020-09-28	-0.004379460212583598	0.028990101205620837	0.0365229716390441	0.025976953032251452	0.027483527118936212	25713691
2020-09-29	0.00293258371368903	0.036542747098550286	0.039569149279859994	0.03200314382658593	0.035029546007895505	21760613
2020-09-30	-0.010233879968080412	0.0320031104935856	0.03502066344824527	0.018424122197617385	0.021441675152276927	28578303
2020-10-09	0.013293784902511594	0.03962495453546304	0.05029559189873016	0.03962495453546304	0.04572246160018716	34118624
2020-10-12	0.027696950896804837	0.0365163662775041	0.06509954618936567	0.03501198838740616	0.06058641251907171	73377678
2020-10-13	-0.009929187023110388	0.023220069166163444	0.024683903313754488	0.012973230133025855	0.021756235018572396	40956324
2020-10-14	-0.01002861664999637	0.02904615848641508	0.030524673081941508	0.015739527126676974	0.021653585508782814	30044899
2020-10-15	0.007235820635164297	0.03499013399015127	0.05888601009959202	0.03349664173331126	0.039470610760671446	47453638
2020-10-16	0.007183987936238197	0.027554930817973756	0.04534808979317678	0.026072167570040203	0.03941703680144244	50295164
2020-10-19	0.002853098548938804	0.03641969992410882	0.05997469310420222	0.02905876455532966	0.03494751285035302	81365772
2020-10-20	-0.004267472304368974	0.02319511391303138	0.0349391037427362	0.01732311899817897	0.027599110099170716	42109294
2020-10-21	0.015714164611874724	0.034951735423876855	0.05411750830209692	0.02610599409546771	0.048220347416490776	66397684
2020-10-22	-0.009845253213108052	0.03200327802560215	0.03200327802560215	0.010231056970209646	0.021842908199752296	49940459
2020-10-23	0.015625027485881727	0.026139586647519832	0.07011699750384208	0.026139586647519832	0.04812829207568103	125017099
2020-10-26	-0.020978965465131102	0.03055985236147591	0.03055985236147591	0.0016926296062525954	0.010352796432819564	84400249
2020-10-27	-0.012857137591820587	0.021683123431263072	0.02610599409546771	0.014311672324255427	0.018734542988460067	49312421
2020-10-28	-0.008683163981268002	0.030509657219631232	0.030509657219631232	0.009600765623870515	0.0230421959354309	47879281
2020-10-29	-0.005839330502581027	0.019950656685512817	0.03200324937899009	0.013924360338774318	0.025976953032251452	45434265
2020-10-30	-0.02643170738027743	0.027456891136699177	0.033518583709777054	0.0016946977011182373	0.0047255439876571085	60729375
2020-11-02	-0.01960790417905246	0.03355971507996304	0.042899110095745915	0.003984964196650922	0.011767793376469894	56210671
2020-11-03	0.01230767032419199	0.032003213499237154	0.055818672272296525	0.028827818996162644	0.04470479151153547	41305985
2020-11-04	-0.009118485734437432	0.028866447959354644	0.03043484193490255	0.0163192961549724	0.02259287205716345	39267816
2020-11-05	0.009202397666280025	0.03833448615896963	0.04624862096201067	0.03200317831653688	0.04150014008018607	35939820
2020-11-06	0.0015197737623058114	0.03200323591045031	0.03670841783709374	0.025729660008259117	0.03357162988599807	33358192
2020-11-09	0.022761700121162402	0.03513524644910244	0.06175748425490385	0.03513524644910244	0.05549342830059762	66354587
2020-11-10	-0.010385719646969088	0.0350656034072645	0.044252576218571656	0.01362933351421469	0.021285144190303897	63221745
2020-11-11	-0.007496180659671285	0.024267084295324384	0.03200324052111986	0.018078159314687977	0.024267084295324384	40347250
2020-11-12	-0.0075527977964395	0.030444249302657392	0.03512100081235165	0.021090746283268593	0.024208580623064906	30662461
2020-11-13	-0.010654607257636327	0.025719967453418598	0.028861529375174787	0.01629528168814974	0.02100762457078417	36275304
2020-11-16	0.01384614896093162	0.03676630525384906	0.05105558051768463	0.03676630525384906	0.04629248876307272	41407255
2020-11-17	-0.004552402664792032	0.03200321847194925	0.033569232460525775	0.02104112055191333	0.027305176506219553	31968816
2020-11-18	0.012195258165214568	0.035149622382766504	0.0540277309976498	0.03200327094695255	0.044588676690208086	65237039
2020-11-19	0.004517966723805	0.027340467314020702	0.036665796820653206	0.021123580976265655	0.036665796820653206	46170601
2020-11-20	-0.007496180659671285	0.024267084295324384	0.028908778030801722	0.018078159314687977	0.024267084295324384	34876031
2020-11-23	0.0075527977964393615	0.030444249302657392	0.05071017251133294	0.025767497792962994	0.03979775232204605	75326695
2020-11-24	-0.005996913583112121	0.028908778030801722	0.0366449342565972	0.024267084295324384	0.02581431554048345	43110034
2020-11-25	0.009049718113709892	0.03667284675189071	0.06469103179923906	0.03667284675189071	0.04134254425978215	120839589
2020-11-26	0.016442479781838607	0.027375389083720024	0.05359968580207323	0.024290177705090163	0.0489718687341285	105412272
2020-11-27	0.026470577968826414	0.036556132549880986	0.06083856025236724	0.02593257043004322	0.05932090852096188	127364722
2020-11-30	-0.007163255363866101	0.042352789846153184	0.06748753797010297	0.018696556317729828	0.024610614699835668	201589457
2020-12-01	0.024530997025210097	0.021578842655414064	0.0677434842331368	0.009665386764388818	0.057319210328489675	183443334
2020-12-02	-0.009859118489077712	0.01892141426873705	0.036363720932395906	0.016014363158127307	0.021828465379346927	113321311
2020-12-03	0.024182049458345203	0.027599110099170716	0.0936590528912603	0.00998312535461349	0.05695908467343276	194361206
2020-12-04	-0.02083327659704984	0.020536432362299652	0.024836445420006008	0.004769717817376439	0.010503068560984869	108590118
2020-12-07	-0.022695138240837368	0.030539239904118807	0.0334669081993009	0.007117893542661539	0.008581727690252585	83308303
2020-12-08	-0.012255674369893903	0.027509699931219798	0.03200318258398014	0.012531424422018265	0.014029251972938379	56851216
2020-12-09	-0.016248205136603674	0.02964388727416262	0.03722594829974553	0.00841411640253045	0.009930528607647005	68690421
2020-12-10	0.0060061374697026396	0.029694032892250127	0.03740132355761139	0.0235282003599612	0.03277694915839466	57331000
2020-12-11	-0.019402947568678813	0.023546472074342472	0.028143237667490755	-0.0025018662868309047	0.006691664899465662	78634477
2020-12-14	0.003044049891104215	0.026610943203882496	0.03442381187362282	0.02036064826809021	0.02973609067177857	42779997
2020-12-15	-0.009104746884297799	0.023495372227507683	0.02505320384429229	0.012590550910015168	0.017264045760369124	43567664
2020-12-16	-0.0015312698188605057	0.025038934185897366	0.03918824462711386	0.023466788581317802	0.025038934185897366	49737183
2020-12-17	0.015337284210943922	0.026610952553253797	0.04235651931020563	0.01716361249908281	0.04235651931020563	59796599
2020-12-18	-0.010573939182752394	0.02040800502326088	0.028161865243802348	0.014204916846827677	0.015755688890935943	43242673
2020-12-21	0.0030535016369351757	0.028178356344048496	0.034447736565658554	0.015639595900828522	0.029745701399451117	41468368
2020-12-22	-0.025875283489939616	0.021923222002038244	0.023485795735986283	-0.0015153840071828713	4.718972676530495e-05	78214374
2020-12-23	0.0031250681733894716	0.02661104145840365	0.03142328071523982	0.01859064269700976	0.029819200962961093	45114237
2020-12-24	-0.0109035040055419	0.023412806668046147	0.034606384240977804	0.013818311605533136	0.015417394115951924	36340021
2020-12-25	0.0015748375206130565	0.023377631196042376	0.033077893103113806	0.01206065897112559	0.028227762149578162	38180697
2020-12-28	0.0	0.024996848336462412	0.03629602619214	0.016926007010978485	0.026611016601559314	38429965
2020-12-29	0.0031445611972351797	0.02822518486665607	0.03791019445723676	0.024996848336462412	0.029839353131752826	37387314
2020-12-30	0.0015674324198639916	0.023392895014370946	0.029829328316348127	0.016956461712393765	0.028220219990853727	39470434
2020-12-31	0.02816914758988182	0.029824256715104795	0.06034946869261952	0.029824256715104795	0.055529698380380445	101608462
2021-01-04	-0.010654565262298292	0.023485795735986283	0.025048369469934318	0.00786005839650563	0.015672927066245956	77525412
2021-01-05	-0.00923081248207377	0.0234522180483904	0.0234522180483904	0.0029199976245799764	0.01713461176414107	81232157
2021-01-06	0.012422472133646884	0.025016949444346688	0.03936399850344328	0.020234599757981253	0.03936399850344328	77009305
2021-01-07	-0.010736272148895096	0.01873816917477795	0.03133462258033936	-0.00015651093356416074	0.01558905582338767	79078969
2021-01-08	-0.010852790663028355	0.015469516178116491	0.023427741226534304	0.012286226158749424	0.015469516178116491	59246766
2021-01-11	-0.014106569957110923	0.025002003339865207	0.025002003339865207	0.008910920084922181	0.012129136735910843	61100090
2021-01-12	0.02543726859426917	0.02171470167481238	0.055989476012146336	0.015186173229605904	0.052725211789543175	103324105
2021-01-13	-0.013953474306393033	0.023427741226534304	0.029794321265268583	-0.0004469339187191335	0.012286226158749424	73791286
2021-01-14	0.007861645118327532	0.024996848336462412	0.05728021363839827	0.01854017527607524	0.034681857927043244	85147614
2021-01-15	0.01404054713081438	0.02180627481944212	0.06024412841766568	0.02020469758618284	0.0410252016185539	149882080
2021-01-18	-0.010769307552445586	0.01713461176414107	0.025031619619452695	0.007658202337767008	0.015555210193078635	88336800
2021-01-19	-0.006220816224478793	0.023417909270569658	0.03619067568892311	0.012241738654510349	0.02022471766598122	82519606
2021-01-20	-0.00782457578389959	0.023397896298785883	0.029824256715104795	0.015364945778387278	0.01857812598654666	60996546
2021-01-21	0.0015771593643432217	0.026610920938005034	0.034707221576317344	0.02013388042735515	0.028230181065667468	53084894
2021-01-22	-0.018897565234261258	0.021760920878197164	0.021760920878197164	0.0055938176997445905	0.007210528017589948	71028700
2021-01-25	-0.0112360346714375	0.02661097590496259	0.02825882658859813	0.010132469068606764	0.015076021119513528	56815650
2021-01-26	-0.003246657472720204	0.021611329386324866	0.02994421135521819	0.019944752992546232	0.0232779057801035	31692315
2021-01-27	0.0032572325912529833	0.028282964745443968	0.033298979207616757	0.02493895510399529	0.029954969566168232	23365213
2021-01-28	-0.01298696320615962	0.021611329386324866	0.021611329386324866	0.008278718236095493	0.013278447417431545	40301121
2021-01-29	-0.008223694485967721	0.02829951173502485	0.03167652162578034	0.013102967226625491	0.01816848206275866	37439217
2021-02-01	-0.00663347347793848	0.02831352325920913	0.02831352325920913	0.012990970760313655	0.019800994093156107	42562315
2021-02-02	0.00166948541938173	0.023183241321109514	0.03346648997760316	0.023183241321109514	0.028324865649356337	27299872
2021-02-03	-0.015000154847152149	0.02661095363089199	0.02832197188694344	0.009500771070377183	0.011211789326428634	34043159
2021-02-04	-0.00169191070394079	0.028348189664232155	0.04224478682185692	0.017925741796013653	0.02487404037482604	42445967
2021-02-05	0.005084682355254353	0.024870955870518185	0.03879110467690894	0.01791088146732281	0.03183103027371356	39820992
2021-02-08	-0.008431714005900306	0.024879823319028292	0.02834225515456563	0.012761311894647841	0.01795495964795377	31664100
2021-02-09	0.008503412346883468	0.02486511325981658	0.03534073622328993	0.021373238938658688	0.03534073622328993	31243843
2021-02-10	0.005059132276495264	0.0231486074012597	0.045654414332251855	0.0231486074012597	0.03180468699010282	42464248
2021-02-18	0.02181203718536364	0.042113440507380036	0.061060957607514274	0.0335009327345918	0.049003446725610654	58769964
2021-02-19	0.01477830934536267	0.02155377317460464	0.043468293061188705	0.016496576277700768	0.041782560762220596	58518625
2021-02-22	-0.004854474570364133	0.023288620382680043	0.034916900159756	0.018305071906790326	0.02162743755738352	65893040
2021-02-23	0.004878155451955936	0.02160323601171438	0.04163467201194409	0.01993394967836194	0.03161895401182916	55907645
2021-02-24	-0.01132694121256709	0.019966254732086852	0.03325571733445933	0.008337974955011042	0.01498270625619728	54460553
2021-02-25	0.02291325338088557	0.028291284004811432	0.06693621788080917	0.021570425939420504	0.05013407271733192	116616506
2021-02-26	-0.019199926675330648	0.008542718190168422	0.015113029057856822	-0.0013127481113641044	0.006900140473246359	76291403
2021-03-01	0.0	0.024936263869506158	0.028285728784112316	0.016562601582990614	0.026610996326809237	36008755
2021-03-02	-0.006525260073390102	0.024936263869506158	0.029960461241415545	0.014887869125687387	0.019912066497596772	36545256
2021-03-03	0.01477830934536267	0.02323950547357275	0.05021122225706069	0.02155377317460464	0.041782560762220596	67345939
2021-03-04	-0.006472466642202957	0.016643889081493803	0.03159453450916281	0.016643889081493803	0.019966254732086852	48593215
2021-03-05	0.0	0.02326695028327103	0.033298979207616757	0.016578931000373828	0.026610959924719554	37630864
2021-03-08	-0.003257399791735079	0.03162697438689249	0.04165900331123837	0.02326695028327103	0.02326695028327103	53959343
2021-03-09	-0.013071844991127967	0.024933563839941282	0.03332090887954797	0.0064814047528064436	0.013191280784491825	55033439
2021-03-10	-0.008278155825949303	0.031710041547150444	0.0334097286007701	0.018112545118192932	0.018112545118192932	37587436
2021-03-11	0.010016741128812748	0.03003874042543856	0.03860811430584983	0.028324865649356337	0.03689423952976761	34045772
2021-03-12	-0.0016529284628647673	0.026610943469032096	0.028307821061542858	0.01642967791396738	0.024914065876521337	31407065
2021-03-15	0.0	0.02491129333267169	0.030010354493530643	0.021511919225432236	0.026610980386291342	30404913
2021-03-16	0.008278155825949454	0.02831066743991099	0.0368091027080094	0.026610980386291342	0.03510941565438975	34721636
2021-03-17	-0.00492621549727417	0.026610970071508668	0.02829670237047663	0.018182308576668724	0.02155377317460464	26968082
2021-03-18	-0.00495043382788556	0.024917002898736235	0.02830515828021974	0.019834769826511053	0.02152884751725288	25141438
2021-03-19	-0.011608536023746504	0.023206005759577257	0.02490851159278783	0.01128846492710308	0.01469347659352423	40624331
2021-03-22	0.005033494042728349	0.026610926516361183	0.0335009327345918	0.02316592340724595	0.031778431180034185	27386730
2021-03-23	0.0	0.026610990873274114	0.03346648997760316	0.021469366545027287	0.026610990873274114	25211291
2021-03-24	-0.005008284870667558	0.023183241321109514	0.028324865649356337	0.016327742216780464	0.021469366545027287	32598034
2021-03-25	-0.0016778887642946098	0.0283334280709188	0.03005592962547657	0.02316592340724595	0.024888424961803567	23308642
2021-03-26	0.008403371493929427	0.02661096396353965	0.03868874001016942	0.02661096396353965	0.03523794685398953	32537212
2021-03-29	-0.008333343314273137	0.02489993537484054	0.02661095363089199	0.016344844094583137	0.018055862350634586	25307251
2021-03-30	0.0	0.028336360541629597	0.028336360541629597	0.023160170807359604	0.02661096396353965	20931925
2021-03-31	-0.001680708806717452	0.02661096396353965	0.028336360541629597	0.02143477422926966	0.024885567385449704	20756555
2021-04-01	0.0	0.024882700187416958	0.02833930288619416	0.023154398838028434	0.026611001536805637	18602156
2021-04-02	-0.0016835383444393978	0.024882700187416958	0.026611001536805637	0.023154398838028434	0.024882700187416958	19261205
2021-04-06	0.0	0.026611039236796884	0.02834225515456563	0.0231486074012597	0.026611039236796884	16322476
2021-04-07	0.003372754850996843	0.024879823319028292	0.03180468699010282	0.0231486074012597	0.030073471072334223	21542736
2021-04-08	0.003361245073777071	0.02661096396353965	0.03868874001016942	0.023160170807359604	0.03006175711971954	36214888
2021-04-09	-0.006700141868363331	0.02317183268131213	0.02317183268131213	0.01801298310476766	0.01973259963028243	22284347
2021-04-12	-0.0016863774254984214	0.026611039236796884	0.030073471072334223	0.0231486074012597	0.024879823319028292	20579479
2021-04-13	-0.0016892260982570848	0.026611077064155907	0.028345217397034512	0.023142796398398696	0.0248769367312773	19349432
2021-04-14	0.0016920844114052846	0.028348189664232155	0.03008526430893521	0.026611115019529095	0.028348189664232155	15735275
2021-04-15	-0.005067504880737942	0.0248769367312773	0.0248769367312773	0.016206235066884123	0.02140865606551994	23370880
2021-04-16	0.005093315280782444	0.024868039525046834	0.03183993095038729	0.024868039525046834	0.03183993095038729	17987203
2021-04-19	0.005067678294771254	0.026611077064155907	0.03181349806279187	0.023142796398398696	0.03181349806279187	22923654
2021-04-20	-0.005042126420152356	0.023160170807359604	0.02661096396353965	0.019709377651179714	0.02143477422926966	17516140
2021-04-21	-0.0016892260982570848	0.023142796398398696	0.026611077064155907	0.02140865606551994	0.0248769367312773	13768753
2021-04-22	0.0016920844114052846	0.03008526430893521	0.033559413598341484	0.02487404037482604	0.028348189664232155	17795100
2021-04-23	0.0	0.026611077064155907	0.03181349806279187	0.02140865606551994	0.026611077064155907	21290174
2021-04-26	-0.0084457836632188	0.023142796398398696	0.0248769367312773	0.016206235066884123	0.017940375399762728	25882072
2021-04-27	-0.0034072289148198015	0.026610909043847455	0.0283598203028659	0.01611744148973649	0.023113086525810417	29765900
2021-04-28	-0.005128141232189371	0.023101204012873147	0.02485609458579399	0.01608164172118962	0.021346313439952302	20009902
2021-04-29	0.03092780050021695	0.03543060066087632	0.06894539012008688	0.03366666437354948	0.058361772396125694	95794721
2021-04-30	0.009999875095667412	0.02661095363089199	0.043721136191406794	0.019766880606686035	0.036877063167200845	88747577
2021-05-06	-0.0033002327493340576	0.023222925207994558	0.03169331366170309	0.014752536754286024	0.023222925207994558	48637251
2021-05-07	0.0	0.026610980386291342	0.0334097286007701	0.019812232171812584	0.026610980386291342	34152582
2021-05-10	-0.006622490667018365	0.02491129333267169	0.02491129333267169	0.013013483957333828	0.019812232171812584	36818510
2021-05-11	0.011666577978887165	0.02318891711878909	0.040299099679303896	0.016344844094583137	0.03858808142325244	49734324
2021-05-12	-0.0016474824013159562	0.02322847017365107	0.028302330356330375	0.01815460999097177	0.02491975690121079	34542338
2021-05-13	-0.006600634906437062	0.02152884751725288	0.02830515828021974	0.0164466144450277	0.019834769826511053	28761666
2021-05-14	0.034883800248092046	0.03002172254420829	0.06583373607637447	0.02490572061104165	0.06242306812093014	127446409
2021-05-17	-0.0112360346714375	0.018371722486784606	0.023315274537691368	0.010132469068606764	0.015076021119513528	67052066
2021-05-18	-0.0016234120651798026	0.0232779057801035	0.043276822505447565	0.0232779057801035	0.024944482173882284	58038995
2021-05-19	-0.0016258848886852868	0.026611095011771845	0.03328824034518175	0.018264663345009355	0.024941808678419258	31965351
2021-05-20	0.0032572325912529833	0.026610959924719554	0.03664298884906543	0.019922940641822352	0.029954969566168232	42196834
2021-05-21	-0.01298696320615962	0.026611058567660918	0.028277634961439556	0.01161187102365291	0.013278447417431545	38904600
2021-05-24	0.00822369448596757	0.026611006789647177	0.038430541407291186	0.02323399689889168	0.035053531516535695	36640775
2021-05-25	0.019575780220170307	0.024936263869506158	0.05005725072905279	0.02326153141220308	0.04670778581444663	97057670
2021-05-26	-0.0047999406043897335	0.028253650793233623	0.033181383943999956	0.018398184491701094	0.021683339925545223	71120889
2021-05-27	-0.0016077520684891486	0.026611011806026597	0.034863511900930316	0.023310011768065166	0.02496051178704588	51749613
2021-05-28	0.006441199075091202	0.028264205709709733	0.03818315303166843	0.01999841627474425	0.03322367937068908	46367276
2021-05-31	-0.014399986070940915	0.020040762208623157	0.021683339925545223	0.008542718190168422	0.011827873624012695	42295147
2021-06-01	-0.0016234120651798026	0.0232779057801035	0.028277634961439556	0.018278176598767598	0.024944482173882284	39866358
2021-06-02	-0.006504040340641223	0.02327252234506682	0.028280381345124284	0.016595377011656913	0.01993394967836194	37639299
2021-06-03	-0.0032732258992969913	0.023250640455768197	0.03333192755385467	0.023250640455768197	0.023250640455768197	25247400
2021-06-04	0.00492604692404425	0.026610970071508668	0.04009682846325264	0.02323950547357275	0.031668166968412695	42352775
2021-06-07	-0.003267877374331547	0.0282885018557839	0.029965970863705206	0.01990115681617721	0.023256094832019826	25088700
2021-06-08	0.004917971261962307	0.028293902217159835	0.03502577719075827	0.024927964730360543	0.03165983970395898	31867229
2021-06-09	-0.006525260073390102	0.026610996326809237	0.029960461241415545	0.018237334040293693	0.019912066497596772	35556655
2021-06-10	-0.00492621549727417	0.02492523777254071	0.031668166968412695	0.018182308576668724	0.02155377317460464	42190417
2021-06-11	-0.008250666577219467	0.024917002898736235	0.026611080589477913	0.013058459063544347	0.01814069213576938	48722874
2021-06-15	-0.014975195645393192	0.02490274527033009	0.02661091651244727	0.007821032849157982	0.011237375333392344	35399124
2021-06-16	0.0016892260982570848	0.026611077064155907	0.03528177872854908	0.0248769367312773	0.028345217397034512	26773400
2021-06-17	-0.0016863774254984214	0.024879823319028292	0.030073471072334223	0.02141739148349111	0.024879823319028292	25782587
2021-06-18	0.0	0.0248769367312773	0.028345217397034512	0.019674515732641333	0.026611077064155907	26778346
2021-06-21	-0.005067504880737942	0.02140865606551994	0.023142796398398696	0.016206235066884123	0.02140865606551994	27403688
2021-06-22	0.006791145140138479	0.028353985237717143	0.0353258766630576	0.026611012381381912	0.033582903806722374	29936153
2021-06-23	-0.0016863774254984214	0.024879823319028292	0.030073471072334223	0.02141739148349111	0.024879823319028292	26210763
2021-06-24	0.0033784521965141696	0.026611077064155907	0.03354763839567048	0.0248769367312773	0.03007935772991327	24713597
2021-06-25	0.006733980547622628	0.024882700187416958	0.04043741233191399	0.023154398838028434	0.03352420693435989	38691977
2021-06-28	-0.005016660111577831	0.026611028240215415	0.026611028240215415	0.016310583140815176	0.021460805690515294	29395722
2021-06-29	-0.008403371493929427	0.024885567385449704	0.02661096396353965	0.017983981073089766	0.017983981073089766	20573132
2021-06-30	0.005084682355254353	0.026610974471317144	0.03357104887451252	0.024870955870518185	0.03183103027371356	19817421
2021-07-01	-0.003372754850996843	0.03180468699010282	0.03353590290787141	0.02141739148349111	0.0231486074012597	29135915
2021-07-02	-0.010152159053502719	0.023136965730122826	0.026611115019529095	0.012714517861904324	0.01618866715131044	35363531
2021-07-05	0.0	0.026610985158714833	0.02836587573163583	0.019591422867031305	0.026610985158714833	32838419
2021-07-06	0.005128141232189371	0.02485609458579399	0.03538543802331936	0.021346313439952302	0.031875656877477516	30332430
2021-07-07	-0.0017005427944038279	0.02311917609923771	0.030102924741553332	0.021373238938658688	0.02486511325981658	19358180
2021-07-08	-0.005110843372229702	0.023113086525810417	0.026610909043847455	0.01786635274875509	0.021364175266791973	22428757
2021-07-09	0.0	0.02485312782361976	0.02836891899968699	0.02133733664755237	0.026611023411653376	20790730
2021-07-12	-0.003424556395048335	0.03364260576378799	0.03364260576378799	0.023095232235586145	0.023095232235586145	27889836
2021-07-13	0.0017180739438563528	0.02837485551156881	0.03013879179889565	0.023083046649588136	0.02837485551156881	22228496
2021-07-14	-0.0051457338675467215	0.0266110617958227	0.028371972707993888	0.019567418147137805	0.021328329059308992	28657932
2021-07-15	0.01551722520499912	0.030151033947724597	0.05316128041047444	0.024840977071705354	0.04254116665843595	62117747
2021-07-16	-0.010186804858850547	0.02138209381237668	0.023125066668711756	0.012667229530700989	0.016153175243371298	32554772
2021-07-19	-0.0051457338675467215	0.024850150883651518	0.0266110617958227	0.014284685410624096	0.021328329059308992	32602063
2021-07-20	-0.0017241754676434338	0.021300939154359138	0.024840977071705354	0.01953092019568611	0.024840977071705354	17396825
2021-07-21	-0.0017269760755303355	0.02306488252661905	0.030157186738242064	0.021291806473713332	0.024837958579524918	27387532
2021-07-22	0.008650351250120886	0.024834747617125993	0.0390438948977794	0.024834747617125993	0.03549160807761613	33513417
2021-07-23	-0.0034304305480007337	0.019567418147137805	0.03013288362016507	0.017806507234966622	0.023089239971480175	30046630
2021-07-26	-0.0636832751469327	-0.0016606006504578785	-0.0016606006504578785	-0.047601882744419226	-0.03876702080327271	109485383
2021-07-27	-0.02205892482509394	0.02283662034399396	0.02283662034399396	0.003965095983403732	0.003965095983403732	45228266
2021-07-28	0.005639027737602053	0.022751591584799866	0.03432991148953355	0.020821871600677645	0.03240019150541115	27188157
2021-07-29	-0.003823982441304262	0.013178808213886724	0.013178808213886724	-0.0002534865919792516	-0.0002534865919792516	23456737
2021-07-30	-0.034548915869016185	0.0016579365114527981	0.0035842017739747814	-0.03494110347646574	-0.031088572951421607	51909033
2021-08-02	0.015904514652328925	-0.00240141930345276	0.027526538117443728	-0.01836299659459753	0.019545749471871342	51030923
2021-08-03	-0.009784848038493605	-0.00034369322924345506	0.005548190700643175	-0.010163499779054388	-0.006235577159130085	36845526
2021-08-04	-0.005928684423895035	0.00358434313223021	0.00358434313223021	-0.006332498203068473	-0.002365761668948894	23963120
2021-08-05	0.003976028903224192	-0.00040622214205970805	0.019545749471871342	-0.00240141930345276	0.007574566503512677	26862700
2021-08-06	-0.0059406227866495845	-0.0003903048590967814	0.0015969907574854886	-0.0063521917088437685	-0.002377600475679228	21943499
2021-08-09	0.013944424219488312	-0.0004140285093913969	0.02357603480638323	-0.0004140285093913969	0.01757851897743953	35232576
2021-08-10	0.005893739961694289	0.0016124382914069182	0.009499150403937688	-0.0062742738211238516	0.009499150403937688	29296032
2021-08-11	0.0	-0.00033596552060751725	0.013384913384011652	-0.00033596552060751725	0.0035842855949980343	29576683
2021-08-12	0.0	-0.00033596552060751725	0.009464662268406275	-0.002296091078410206	0.0035842855949980343	25823986
2021-08-13	-0.001953069105794657	0.0016241600371953455	0.0055444111528007226	-0.006216342194015584	0.0016241600371953455	19615318
2021-08-16	0.005870869543869888	-0.00034369322924345506	0.013404035940491957	-0.00034369322924345506	0.009476113320567478	26693064
2021-08-17	-0.003891134153629884	0.0035842013978717295	0.015299192075667996	-0.0042257923873257235	-0.0003207954947269103	34253818
2021-08-18	0.02343741730720296	-0.00033596552060751725	0.03494629451984175	-0.004256216636212895	0.02710579228863082	57869942
2021-08-19	-0.01717546542661436	-0.00216134533931781	-0.0002461079983184604	-0.017483244067312942	-0.013652769385314074	36200454
2021-08-20	-0.007766962668809125	-0.00031315726243258965	0.007481671920706345	-0.010056693741356214	-0.0042105718540019705	25818168
2021-08-23	0.00978465164236258	0.007512152010605327	0.015367997250454108	0.005548190700643175	0.013404035940491957	29799149
2021-08-24	0.003876052669505159	0.0035843130436203742	0.013308967239779451	-0.00030554863484336033	0.007474174722083936	34447807
2021-08-25	-0.001930446575607882	0.005521650682941043	0.007459071975201003	-0.0022280344860989717	0.0016468080984209492	26176646
2021-08-26	-0.01160547067903629	0.0016430051153675383	0.003584173729932163	-0.008062837957455755	-0.008062837957455755	26928456
2021-08-27	0.005870869543869888	0.005548190700643175	0.015367997250454108	0.003584229390681023	0.009476113320567478	30287096
2021-08-30	-0.015564341364675226	0.0016317029515724095	0.0035842013978717295	-0.017893281511421135	-0.012035786172523176	41715651
2021-08-31	0.015810420140866612	0.00358434313223021	0.019451289268708174	-0.00038239340188919274	0.019451289268708174	47066790
2021-09-01	0.0214007497203535	0.0035842013978717295	0.04068167187755967	-0.00227329394102623	0.025061684307164767	124595368
2021-09-02	-0.0057143130227001945	-0.0002389486260453527	0.0074074074074072915	-0.009796893667861498	-0.0021505376344086837	73227701
2021-09-03	0.00383130786831209	0.005506832159376994	0.028577734618100595	0.0016616817495896125	0.007429407364270599	89757350
2021-09-06	0.009542095480327124	0.003584366683680408	0.018906265411675543	-0.0002461079983184604	0.013160553388677325	72730371
2021-09-07	0.007561409775973145	0.0035842565897448624	0.014967064793031119	-0.005901416912993713	0.011172795391935756	69357418
2021-09-08	0.0	0.0017013860383915318	0.012998770091456023	-0.003947305988140797	0.0035842833805689194	76121155
2021-09-09	-0.0018761189117456045	0.0017013860383915318	0.007350078064923694	-0.00771310067249574	0.0017013860383915318	57321698
2021-09-10	0.0037594793435199807	0.0035842293906810274	0.0262214676476137	0.0035842293906810274	0.007357102433503056	105200427
2021-09-13	-0.001872793265987826	0.003584148557516983	0.011101632816374794	-0.003933335701340829	0.001704777492802572	58953731
2021-09-14	-0.024390299011629504	0.0035842833805689194	0.00923297540710125	-0.02089338206773762	-0.02089338206773762	74618407
2021-09-15	-0.0019230219931648347	0.005514309954707389	0.011304219608957191	-0.000275599699542414	0.0016543701852076344	43928595
2021-09-16	-0.0038534542636282816	0.005517973247034088	0.015186415297486305	-0.006084157213508709	-0.0002830919832373103	46982203
2021-09-17	-0.007736915747070481	0.0016430051153675383	0.003584173729932163	-0.010004006572020552	-0.004180500728326507	39245386
2021-09-22	-0.007797242354224432	-0.012066289765065416	-0.004241072258254046	-0.017935202895173988	-0.004241072258254046	37009671
2021-09-23	0.005893739961694289	0.0035841163195395667	0.019357540544601107	0.0035841163195395667	0.009499150403937688	34514882
2021-09-24	-0.009765541541529093	0.0016241600371953455	0.007504536710603412	-0.008176467751818446	-0.006216342194015584	38943456
2021-09-27	0.003944857897821729	0.0035842010113833647	0.013481481100252988	-0.00037471102416458994	0.007543113046931144	42322825
2021-09-28	-0.0019647771550342706	-0.00035923973672573057	0.005555794347672216	-0.0082459518492565	0.0016124382914069182	37144835
2021-09-29	-0.005905540199969992	-0.0023424209731724953	0.005559817276544958	-0.006293540098031134	-0.0023424209731724953	33288307
2021-09-30	0.001980141352362633	0.0015969907574854886	0.009546173223814746	-0.0003903048590967814	0.005571581990650029	30859876
2021-10-08	0.029644413803608317	0.03135149887106673	0.03531823540518614	0.01548455273458877	0.03333486713812644	78398798
2021-10-11	0.01727455424777132	0.0016579365114527981	0.026699384924239098	-0.0002683287510691854	0.020920589136672975	91276774
2021-10-12	-0.0018869275025979997	-0.00020298909009378016	0.009264785634431812	-0.007777208869714288	0.0016905658548113048	59945727
2021-10-13	-0.00567110476034721	0.0035842565897448624	0.0035842565897448624	-0.013489955715184607	-0.0021071475118983503	35100411
2021-10-14	-0.01140689924128263	0.0035842840990655076	0.0035842840990655076	-0.007863445377349615	-0.007863445377349615	26721840
2021-10-15	-0.0076922809696478404	0.0035843400699575117	0.007444279839457266	-0.007995479238542094	-0.0041355394690421685	38024333
2021-10-18	-0.007751910845926194	0.0016393822043885933	0.00941910556131589	-0.008085271991770657	-0.004195410313306922	35543422
2021-10-19	0.019531279095613648	0.0016241600371953455	0.023185541173025268	-0.00033596552060751725	0.023185541173025268	50407741
2021-10-20	-0.011494308119977132	0.003584256954483218	0.01511970818384519	-0.011796344684665965	-0.007951194274878583	40435522
2021-10-21	0.02519385611907331	0.005529243882852155	0.03470320647132956	0.0035843130436203742	0.028868413953634046	77079982
2021-10-22	-0.007561409775972977	-0.00021001281135066909	0.001687121889197181	-0.011592821014636927	-0.004004282212446032	38776200
2021-10-25	0.0019047072879331104	0.005495818399044131	0.011230585424133783	-0.009796893667861498	0.005495818399044131	47066798
2021-10-26	-0.009505622170741464	0.0035842840990655076	0.007400193924537328	-0.007863445377349615	-0.005955490464613789	28267703
2021-10-27	-0.015355030913668079	0.0055104670364967655	0.0055104670364967655	-0.01760471611376755	-0.011825920326201429	49658467
2021-10-28	-0.009746699665608857	0.0035841452485573244	0.0035841452485573244	-0.010109985388362617	-0.006197376634956845	44281581
2021-10-29	-0.011811080399940159	-0.0003668614107431758	0.005559817276544958	-0.010244659222889948	-0.00826909966046063	63951027
2021-11-01	-0.009960074537126657	0.0015851434335897778	0.003584315376570952	-0.016407404053241148	-0.006411544338335099	69300269
2021-11-02	-0.02213276793376757	0.0035842293906809	0.0076227977182088845	-0.02872431722954226	-0.018627896410722388	85183450
2021-11-03	-0.004115314715538482	0.0035841997851174478	0.0035841997851174478	-0.00674074054189008	-0.0005457763456856	38869550
2021-11-04	0.0	0.0035842888464875725	0.005657810104434817	-0.0026362749273543444	0.0035842888464875725	30734582
2021-11-05	-0.004132113162837391	0.0015107675885403283	0.0035842888464875725	-0.0026362749273543444	-0.0005627536694069159	27010247
2021-11-08	-0.0062243039769001845	0.0035841696881768336	0.0035841696881768336	-0.010990704145468946	-0.0026622048119570984	35470050
2021-11-09	-0.02087665088587786	0.0014892438379080354	0.0035844096199956644	-0.017367248200880998	-0.017367248200880998	56373539
2021-11-10	-0.00213234900764997	0.001444390948483254	0.001444390948483254	-0.013534478146899915	0.001444390948483254	42184101
2021-11-11	0.01709417288456532	0.0014399720368795397	0.022884082787133844	-0.002848850113171245	0.02073967171210845	42186035
2021-11-12	-0.002100780096985048	0.0035842293906808895	0.0035842293906808895	-0.0069576217583808475	0.0014758591608685795	25753217
2021-11-15	0.0189472465453464	-0.004867066297404092	0.024712256572736693	-0.004867066297404092	0.02259944779629811	57002700
2021-11-16	0.012396754192763636	-0.0005627536694069159	0.01809893765211865	-0.004709796185301589	0.016025416394171408	66816035
2021-11-17	0.0	-0.0005120327700973662	0.005632360471070119	-0.0025601638504864676	0.003584229390681018	36288216
2021-11-18	-0.01632647209421404	0.0015360983102917349	0.003584229390681018	-0.01689708141321054	-0.012800819252432155	39503579
2021-11-19	0.0	-0.0026622048119570984	0.00566629452155475	-0.010990704145468946	0.0035841696881768336	35454306
2021-11-22	-0.010373562344855633	0.001502044854798733	0.0035841696881768336	-0.010990704145468946	-0.006826454478713115	31952677
2021-11-23	0.0	0.0014803394260927236	0.00989614059774057	-0.002727561159731106	0.0035842897190046384	25839534
2021-11-24	-0.0020963760718574944	0.0035842897190046384	0.00568824001191674	-0.00483151145264302	0.0014803394260927236	24155073
2021-11-25	-0.004201771030993107	0.0035842293906808895	0.0056925996204932	-0.0027408812987560404	-0.0006325110689437305	20171299
2021-11-26	-0.008438789084474823	0.0035843204559068017	0.0035843204559068017	-0.00700201203835378	-0.004884745539501701	28490728
2021-11-29	-0.008510608313009073	-0.0049568522813606825	-0.002821566556642618	-0.013497995180233131	-0.0049568522813606825	41208015
2021-11-30	-0.002145861280965492	0.0035842602668716157	0.01219871743654434	0.0014306459744534825	0.0014306459744534825	35839470
2021-12-01	0.010752595344275903	0.0014259528600314732	0.014375426388394057	0.0014259528600314732	0.014375426388394057	36327600
2021-12-02	0.0	-0.0006862808319245535	0.007854862066947894	-0.002821566556642618	0.003584290617511765	34246393
2021-12-03	0.0021278122246814546	0.00571957634222983	0.009990147791666149	-0.0006862808319245535	0.00571957634222983	28031345
2021-12-06	0.0	0.01210714528467809	0.022760904708727294	0.0014533858606288852	0.0035841377454386885	59362580
2021-12-07	0.0063692435340736535	0.007845641515058484	0.014237897169487894	-0.0006773660241809181	0.009976393399868288	44798069
2021-12-08	0.004219500405562463	0.00570158695475888	0.009936119952463037	-0.004884745539501701	0.00781885345361096	41881618
2021-12-09	0.009909340080118007	-0.0027408812987560404	0.026776301918616862	-0.004849251528568538	0.009909340080118007	84447386
2021-12-10	0.006263048016701514	-0.00835073068893529	0.00835073068893529	-0.012526096033402842	0.006263048016701514	59179326
2021-12-13	-0.006224066390041545	0.0	0.010373443983402453	-0.008298755186721999	-0.006224066390041545	60712506
2021-12-14	-0.010438413361169066	-0.004175365344467738	-0.002087682672233776	-0.012526096033402842	-0.010438413361169066	43469768
2021-12-15	-0.00421940928270052	0.0021097046413501657	0.0063291139240504975	-0.006329113924050685	-0.00421940928270052	29823893
2021-12-16	0.006355932203389884	0.0	0.00847457627118645	-0.002118644067796565	0.006355932203389884	31594660
2021-12-17	-0.008421052631578954	-0.004210526315789384	0.0	-0.010526315789473648	-0.008421052631578954	41483314
2021-12-20	-0.004246284501061481	-0.004246284501061481	0.0021231422505307404	-0.00636942675159241	-0.004246284501061481	39059325
2021-12-21	0.01705756929637509	0.0	0.023454157782515868	-0.0021321961620470523	0.01705756929637509	60909521
2021-12-22	-0.012578616352201177	-0.002096436058700165	0.0	-0.012578616352201177	-0.012578616352201177	52454031
2021-12-23	-0.0021231422505307404	0.0	0.0021231422505307404	-0.00636942675159241	-0.0021231422505307404	38823881
2021-12-24	0.0	0.0	0.0021276595744680396	-0.006382978723404308	0.0	37299121
2021-12-27	0.0	-0.0021276595744680396	0.004255319148936079	-0.0021276595744680396	0.0	24328476
2021-12-28	0.0021276595744680396	0.0	0.008510638297872348	-0.0021276595744680396	0.0021276595744680396	38959719
2021-12-29	0.0	0.0021231422505307404	0.004246284501061669	-0.0021231422505307404	0.0	34654564
2021-12-30	-0.0021231422505307404	0.0	0.0021231422505307404	-0.00636942675159241	-0.0021231422505307404	36591015
2021-12-31	0.0	0.0	0.0021276595744680396	-0.004255319148936268	0.0	36469307
