2020-06-05	0.09942371026053297	0.11152726614260261	0.11152726614260261	0.11152726614260261	0.11152726614260261	1413685
2020-06-08	0.09960677977600389	0.11171238688757104	0.11171238688757104	0.11171238688757104	0.11171238688757104	1464402
2020-06-09	0.10011917615416493	0.11223043775847605	0.11223043775847605	0.11223043775847605	0.11223043775847605	7559753
2020-06-10	0.09967497647459715	0.11178134426522922	0.11178134426522922	0.11178134426522922	0.11178134426522922	6565665
2020-06-11	0.10049260544002556	0.11260797999895418	0.11260797999895418	0.11260797999895418	0.11260797999895418	3880493
2020-06-12	0.10026865506290167	0.11238148475865388	0.11238148475865388	0.11238148475865388	0.11238148475865388	10493977
2020-06-15	0.10008141542572647	0.11219213481084866	0.11219213481084866	0.11219213481084866	0.11219213481084866	8931206
2020-06-16	0.053994083503953454	0.055876190291023906	0.08429212175777956	0.018486806782134952	0.0655974300033351	512877877
2020-06-17	-0.011929834419440693	-0.007437549268948242	0.008880489592248493	-0.02730298788257897	-0.0010522297145669325	298972173
2020-06-18	-0.007102409604814671	-0.006224167393209646	0.028960092576250433	-0.016276813098769705	0.0038284783123504126	277741014
2020-06-19	0.008583814207483555	-0.006347300132074796	0.05801593879677921	-0.04395278804556247	0.019687268423416653	322000179
2020-06-22	0.017730515778049523	-0.009067818193916418	0.11210985092708797	-0.022691343124680196	0.02893464608663522	369336190
2020-06-23	0.0	-0.0016727090009104274	0.022986045540351465	-0.019990640945847835	0.011008936191738539	209937873
2020-06-24	-0.03763066850165374	0.009599864503666459	0.025099653072459708	-0.02703599938620836	-0.02703599938620836	179167222
2020-06-29	-0.0955830256503438	-0.02705946035695581	-0.021202782917419043	-0.09001874283197593	-0.08562623475232334	216884318
2020-06-30	0.028022516442860503	0.017484709803161646	0.06362363459137187	0.00777125195301205	0.039339989965998017	157616255
2020-07-01	0.008566962494401713	0.003922462855656253	0.027544167864024693	-0.008675779815473562	0.019670266194568454	130425627
2020-07-02	0.10038616639911999	0.010228288172069094	0.1125002400658412	0.004763374712096519	0.1125002400658412	298247976
2020-07-03	0.1003508307407163	0.053577726472917656	0.11246456236332317	0.02874592820587922	0.11246456236332317	292028160
2020-07-06	0.10012747868869819	0.11223882456279825	0.11223882456279825	0.11223882456279825	0.11223882456279825	8667972
2020-07-07	0.10028992808765964	0.11240298855443992	0.11240298855443992	0.0743069957957261	0.11240298855443992	147894644
2020-07-08	0.09536355440498685	-0.005503819914692688	0.11221634952785411	-0.02521268874853017	0.1074224198430486	344252835
2020-07-09	-0.023088059998786208	-0.03762057217952327	0.054775628955529954	-0.05172319887708464	-0.01233328807540456	326553404
2020-07-10	-0.02904975806967872	-0.02781847754091555	0.00901784184474147	-0.04325002904597479	-0.018360590421289503	202305749
2020-07-13	0.013691687157714268	-0.007960209309629382	0.08432256191738169	-0.014625127388675321	0.024851442682196672	209588372
2020-07-14	0.04952482575899259	-0.008715514805895786	0.07726319098724146	-0.022370964346835134	0.061079005070015575	224687187
2020-07-15	0.03098183475188627	0.03606733512446091	0.11220623696151423	-0.006820985442675584	0.04233188012440725	347834342
2020-07-16	-0.09986132863878638	0.009606782463578978	0.009606782463578978	-0.08995171088152314	-0.08995171088152314	217053293
2020-07-17	-0.10015397247105985	-0.018589065482853266	-0.0009340539624389919	-0.09024764165394647	-0.09024764165394647	180504381
2020-07-20	0.060502189826849816	0.03236007567332499	0.08429558069074532	0.005238318807582021	0.07217726541015329	149927796
2020-07-21	-0.041980652617740824	-0.006947558124855888	0.006655899983022798	-0.047213794124176714	-0.03143383713286997	117370069
2020-07-22	0.004494446351288427	0.00532926718373164	0.07064720993028997	0.0030572799665209384	0.015552840472486739	133378136
2020-07-23	0.006711335395271393	-0.010477796167812397	0.02853770727026829	-0.035922709381908884	0.017794266798821533	114235258
2020-07-24	-0.09888881680768832	0.00033722768401141354	0.00033722768401141354	-0.09009180242973558	-0.0889685713796257	129017824
2020-07-27	0.007398192114017835	0.01973536871503184	0.030954950325613982	-0.021403159521445093	0.01848868620506928	72201923
2020-07-28	0.02325580675892328	0.017196434788586054	0.049989138149436445	0.003584194129576613	0.034520823476149834	85727636
2020-07-29	0.04485645213340747	-0.0022936965580885402	0.06724340943937793	-0.007131060453564372	0.05635928020750856	112401294
2020-07-30	-0.03205494796630911	0.006958080335115647	0.006958080335115647	-0.022556266097584834	-0.021398785145585797	89193751
2020-07-31	0.01419280941181862	0.005030233415744612	0.049273089868481425	0.005030233415744612	0.025358092114105266	84119361
2020-08-03	0.07172009657818533	0.02633628424174119	0.0929509325777235	0.005113878230063332	0.08351866042658933	127937183
2020-08-04	-0.03155602379050617	-0.009343142798097743	0.015409472142712755	-0.028045160091193056	-0.020894443779178172	108152638
2020-08-05	-0.006179707537805048	-0.0003506156619043148	0.01612082307722418	-0.017390150602291515	0.004761284578993996	65926570
2020-08-06	0.031090954687366775	0.009294424328407807	0.05558703329848636	-0.014137665930632247	0.04244225932900094	108413431
2020-08-07	-0.048793823000920854	-0.01892210918210137	0.0032490859070553866	-0.05716757175254075	-0.03832200881285022	99293268
2020-08-10	-0.0103746420532887	-0.004724296393104592	0.028490408001270742	-0.014630436300198876	0.0005201306165338156	67715359
2020-08-11	-0.045428101951630065	0.006887226393116887	0.02749608815480204	-0.03727449406272157	-0.034919261187370904	72146413
2020-08-12	-0.011592307128131758	0.00360687799489828	0.017794313885422377	-0.026618528902305184	-0.0007109755916268668	55864959
2020-08-13	0.01296288137033897	0.01787370102520055	0.040340627616843726	0.004144013098681087	0.02411455903973629	50849039
2020-08-14	0.0042656446090920015	-0.001312956255533333	0.01963421313498412	-0.003777267515684123	0.015321622222728778	39673692
2020-08-17	0.05521845371201345	0.03248068914497143	0.1018034548165775	0.028799831073153426	0.06683530313430572	101871256
2020-08-18	-0.01725122056519079	0.011590384031103795	0.013334505382881627	-0.012827314893784811	-0.006432203270599704	59951404
2020-08-19	-0.025160930260733867	0.006276300873892836	0.016924786496091467	-0.01738680988879131	-0.01442897280664002	50980594
2020-08-20	-0.02460993623968261	-0.004769097934847324	0.009188347933694507	-0.01811975637718467	-0.013871819600077294	36498693
2020-08-21	0.011077050648318192	0.019719218211900157	0.03838412507992411	0.008520348750215519	0.022207918085993768	31388862
2020-08-24	-0.004869210950918763	0.01593166687311436	0.01593166687311436	-0.0031439116125912625	0.006086175249873994	26728669
2020-08-25	0.0	0.01100899130179804	0.026467844379807183	0.006062158316835002	0.01100899130179804	30915592
2020-08-26	-0.039143732891300874	0.007917158850783793	0.013482345958867076	-0.03042073494726657	-0.0285656725779054	46939783
2020-08-27	-0.010821142662829172	0.011008993410872766	0.013583172897596767	-0.02502951940326404	6.87305922954224e-05	40945520
2020-08-28	0.03410554947005628	0.010358418305690734	0.059152354177402625	0.0025513989755759823	0.04549000529120741	52231172
2020-08-31	-0.011200998149608149	0.014154692050562717	0.03491592205152163	-0.00031531904474176595	-0.00031531904474176595	48227442
2020-09-01	-0.0018879590801587434	0.002101422589542046	0.016735284633706816	-0.0036248712538267565	0.009100226175881668	26370253
2020-09-02	0.0018915302117975012	0.007184219539641673	0.03714476277911195	-0.008114781263492138	0.012921344840816838	40391225
2020-09-03	0.0018879590801586304	0.005918951818454619	0.035186675906784044	0.0033739323325128663	0.012917755404794241	40313954
2020-09-04	-0.016331669381001435	-0.013123112891666764	0.0014831730822661246	-0.018838616098857872	-0.005502441948745208	29079651
2020-09-07	-0.04725408399870978	0.0064898257371650316	0.014237021316925185	-0.043866945531275514	-0.03676534958316213	40160002
2020-09-08	0.01005357602065652	0.021173251494914263	0.03675851014413992	-0.009997265803537062	0.021173251494914263	39496347
2020-09-09	-0.04313197840237899	-0.004421134958564411	-0.002408509220610069	-0.03393964578189535	-0.03259789528992579	37587302
2020-09-10	-0.027739294312969662	0.023629003195685543	0.027134581973753007	-0.022644636674804364	-0.01703571062989649	32346556
2020-09-11	0.002139776676628851	0.00884560732108942	0.019662393675497124	0.003076654598738655	0.013172321862852528	25177250
2020-09-14	0.0099643750654817	0.01820478192140357	0.02827889283794034	0.008850250356047862	0.021083099326128323	21879007
2020-09-15	-0.004228283415682928	0.012433986062325151	0.013146465996218397	0.000321827186139578	0.006734146591179051	17945076
2020-09-16	0.004246237712180388	0.007431452625285548	0.036051664347594825	0.007431452625285548	0.015302010848920551	31127365
2020-09-17	0.0049330685662901915	0.0060216666572856774	0.03665830381469604	-0.0025280925494334085	0.015996385731791383	33258964
2020-09-18	0.0883591387592849	0.006755114121009531	0.11239350285624224	0.0032102017473440796	0.10034080078577945	88104501
2020-09-21	-0.013530973417891503	0.05660848718539689	0.07159135279899	-0.003322388988028186	-0.0026709657128569765	75454955
2020-09-22	0.01241018463097319	-0.009462145869509983	0.05591335250310237	-0.012103580147191232	0.023555782601506352	60992802
2020-09-23	-0.01935488626181654	0.003834072163472438	0.010356710709044035	-0.013124788055013761	-0.008558941073113724	35244569
2020-09-24	-0.005263100132794755	0.003027373401882404	0.02298149886743714	-0.0009634516912285672	0.005687923463956306	28698466
2020-09-25	0.025793633679222844	0.01568956194091523	0.053134338417999694	0.009002994712864462	0.037086577070677786	42160287
2020-09-28	-0.007092250821485536	0.0005794887071404335	0.013616355009513668	-0.003983414498690193	0.0038387052827337713	21046204
2020-09-29	0.017532537914315933	0.017574028674710897	0.04514700235492886	0.017574028674710897	0.028734518021465785	37389774
2020-09-30	-0.016592224921687198	0.01810602858129434	0.023912716957233272	-0.01608891407701272	-0.005765912519787925	30539680
2020-10-09	0.014276483334196116	0.030035101890481808	0.03528368839693013	0.013633269057830823	0.02544258869733963	26158422
2020-10-12	0.03134994466941498	0.028473582200654046	0.05111293778368729	0.014889968850834033	0.04270409896529079	52128067
2020-10-13	-0.03225808474763789	-0.009060697415555026	-0.009060697415555026	-0.02913035417675899	-0.02160423289130756	46004639
2020-10-14	-0.026282085763373327	0.005176236363530292	0.011008980481693902	-0.017506657429328203	-0.015562409389940371	28011136
2020-10-15	0.0019750284100854888	0.014336893229860304	0.03097627796132127	0.01034344089430964	0.013005742451343456	21235124
2020-10-16	0.006570229784669706	0.007687653760382072	0.023629976562128407	0.005030599960091075	0.01765160551147355	17620756
2020-10-19	-0.020887697616961985	0.01958810224495474	0.025527450413371944	-0.01208842131993697	-0.010108638597131273	24648468
2020-10-20	-0.00933329819515343	-0.0011230962110549676	0.004268951852583067	-0.022691288465607105	0.0015729278207639898	26851122
2020-10-21	-0.002691828407692134	0.00692684023363973	0.016451823857471376	0.0014839924485930244	0.008287552179901377	16681880
2020-10-22	0.008771969918320383	0.004869284106699519	0.03283916913614602	0.0007761301999512182	0.01987751509810975	21173905
2020-10-23	-0.023411383677026724	0.0035701127623281	0.017771576622172422	-0.016717692751735184	-0.012660131648922504	20983788
2020-10-26	-0.02945207675441745	0.004084268568582264	0.004084268568582264	-0.02776943926186937	-0.018767304440219956	22647375
2020-10-27	0.0007057798964176447	0.003160669594763796	0.018143865940062478	0.00244718405451149	0.011722496077791597	13830887
2020-10-28	0.0021155611744900697	0.00958298162509061	0.01671280494165196	0.003879122971841506	0.013147893283371348	13116848
2020-10-29	0.000703793204895027	-0.005354932831220181	0.020969722022316853	-0.008200841464035068	0.011720518965668758	20181862
2020-10-30	-0.04711678653853626	0.011719954494642413	0.015274838382536371	-0.038759396713452944	-0.03662646638071644	27370779
2020-11-02	-0.030996268444013087	0.01847035154462781	0.04085431531483933	-0.030028236624164015	-0.020328518990405598	30936724
2020-11-03	0.021325205632143986	0.012548985425916617	0.04719895070665135	0.008698989283612697	0.0325689653658967	25047227
2020-11-04	0.0	0.011008990742369319	0.023825659528812472	-0.00482336481735465	0.011008990742369319	17785204
2020-11-05	0.014168525774735508	0.03287271984865465	0.04191978016849695	0.02005605106221149	0.02533350291545281	22867835
2020-11-06	0.014705943573209068	0.01398255176886439	0.03702760976361121	0.006548662093139473	0.0258767752500241	29519354
2020-11-09	0.07971006901161652	0.022730777624848555	0.10624890702974298	0.012474165241791294	0.09159660362537557	60947428
2020-11-10	-0.03355708523253757	0.006259299247266453	0.009651946918363151	-0.027667177463700048	-0.02291747072416472	41085282
2020-11-11	-0.017361131588724866	0.0032860602353572783	0.02083830061736143	-0.011457821685526145	-0.006543194378564962	22585724
2020-11-12	-0.007067060552941226	0.013867043233605676	0.020297489596609507	-0.0004228375730694781	0.0038641266689331184	15412600
2020-11-13	0.003558751639201838	0.005971932951323108	0.025400575433215583	0.0009348774930546603	0.0146068851654975	14747900
2020-11-16	0.005673767917086367	0.02391545269109064	0.02893464608663522	0.0074238172485871735	0.01674517641174129	17213802
2020-11-17	0.0021155611744900697	0.008869999293434488	0.014573857946683593	-0.007528594334656703	0.013147893283371348	17706071
2020-11-18	0.005629918752865866	0.010297564649261251	0.035199265186391035	0.004605747383631605	0.016700859073094588	25435784
2020-11-19	-0.0013995646789267812	-0.0017259316723496243	0.017376406984522592	-0.01446082411026435	0.009593972716907938	19905801
2020-11-20	0.011212280492564619	0.003924089169146871	0.030846541807416215	-0.00032682440531673566	0.022344714658489	25919409
2020-11-23	0.04158007464511345	0.0019008090173876335	0.08527577144610726	-0.0037042304736187356	0.05304679437282061	82594237
2020-11-24	0.015968089516603855	0.007645662815258442	0.05674989070945998	0.004282359534833633	0.027152821841721998	73999334
2020-11-25	-0.02488545209115308	0.024912796340823013	0.039478740474865645	-0.014812505842929792	-0.014150417473200592	53986298
2020-11-26	0.05036936456692521	0.018477835987180977	0.08298143226636906	0.013045954195249341	0.06193289032263407	87204599
2020-11-27	0.017263431325790862	0.0019590562036973388	0.029755339698380536	-0.01614084932772425	0.02846248930327902	70872946
2020-11-30	0.04588309634884057	0.030708048178169522	0.11204635975119143	0.016728100343946443	0.057397160812198	198794086
2020-12-01	0.05108171583538399	-0.014509315834290538	0.11065177575164155	-0.01693956517499308	0.06265309054940481	190000953
2020-12-02	-0.008576350747640899	-0.001129971654174357	0.04164565214966012	-0.017315422500320615	0.002338269049672966	143444388
2020-12-03	-0.02537486920726495	-0.0024010590057290592	0.01917173988358364	-0.02514013319898286	-0.01464517139401821	91812001
2020-12-04	-0.019526652741064084	-0.0045449941801175555	0.009812530805116744	-0.030867003673671966	-0.008732545811123376	66642819
2020-12-07	-0.00784535722300383	0.006738067377745176	0.021991674459226163	-0.0024140968711433303	0.0030772626926179884	44285033
2020-12-08	-0.012773888714237795	0.011623958304122294	0.024538244426044548	-0.00252045017693881	-0.0019054197458161278	49871429
2020-12-09	-0.04497831843335565	0.018484211439066627	0.03343443839597026	-0.06498788907031262	-0.03446450903330084	73771660
2020-12-10	0.011612905666535668	-0.0033408302366564236	0.03449047332765898	-0.0066021495094421645	0.02274972394563008	54317044
2020-12-11	0.003188740351811781	0.009074643733785104	0.041958226373033036	0.005850763082878396	0.014232852775235767	77253871
2020-12-14	0.019071884732889923	0.02193536046745253	0.05085805934860691	0.012294460840401067	0.030290871083561176	45645035
2020-12-15	-0.0031192433036266337	0.0009177917899259827	0.01983873303359204	-0.012957565122095605	0.007855470245936889	34944701
2020-12-16	-0.03692106366503691	0.0167030969459618	0.0167030969459618	-0.033277951379322004	-0.02631856490364951	39988341
2020-12-17	0.10006492398677566	0.009695109521700735	0.11217555004569903	0.005096628216136808	0.11217555004569903	103177117
2020-12-18	-0.012994720359267246	0.0056344792171958554	0.028326883995584022	-0.006906152984115823	-0.0021287920377159445	90150315
2020-12-21	0.026331552158446864	0.007983885810551601	0.05154615410585248	-0.0016966317002340165	0.03763047068733243	77601502
2020-12-22	-0.06064132400092404	-0.0025496881464524656	0.00275589861872597	-0.053837085827474936	-0.05029991008209447	76055367
2020-12-23	0.031036594193871496	0.022932645152739153	0.0624693708530825	0.016657109881234967	0.042387319098586645	63719438
2020-12-24	-0.006622504463412963	-0.0048165660851710096	0.03596465108442737	-0.006642590734556086	0.004313557161753939	57935317
2020-12-25	0.04424230392400166	0.000592512528852042	0.0722822393909928	-0.02820592475764884	0.055738456268960374	104553009
2020-12-28	-0.028438693917087584	-0.01715599682415233	0.006314904744226037	-0.03475911432318223	-0.017742769363361884	73290314
2020-12-29	0.0053763453848345655	0.01825644309879462	0.05388937701310985	0.01342485883922634	0.01644453860665318	74013238
2020-12-30	0.045157441074334295	-0.010016137698104914	0.05726431896318898	-0.011217634496035788	0.056663600600141625	103187086
2020-12-31	0.05173400404403613	0.021929584572427593	0.10239641899340514	0.0173314764640089	0.06331250007184544	135455498
2021-01-04	-0.028108125713991038	0.01483439782557655	0.021392348421885945	-0.03653584174310619	-0.017408590581374984	110058521
2021-01-05	-0.026696316182430048	-0.004735266905807494	0.014944995601155107	-0.03903540521948279	-0.01598125168759208	98969040
2021-01-06	-0.015428690042618895	0.002920949324706721	0.027762883850495263	-0.021921042973022636	-0.0045894607457282535	64790397
2021-01-07	0.012768522516721401	0.004554645803851568	0.026851943616557267	-0.01070144021559431	0.0239181395977639	63067416
2021-01-08	-0.021776496329516015	0.004056492517229763	0.013905863765235001	-0.012745318144830379	-0.011007251744425043	39665158
2021-01-11	-0.04569417078991895	0.015747160809003805	0.024039033593868116	-0.040518657676208505	-0.035188206103449894	51028033
2021-01-12	0.04726817499602961	-0.005748104109965539	0.07183085156185363	-0.005748104109965539	0.058797524945823576	65249577
2021-01-13	-0.04923791786422742	0.001527121443341437	0.008045937026700641	-0.050623403223530726	-0.03877107051574678	56912369
2021-01-14	-0.01972876162808357	0.0047759265675888386	0.01848868620506928	-0.017663298984584345	-0.008936957731909296	33868802
2021-01-15	0.007547213961233059	0.014824126082868596	0.03962245999090865	0.011008997789323944	0.01863925437641313	30703558
2021-01-18	0.011236020292628423	0.00848458656265608	0.03877692655423854	0.005329127906327323	0.02236866775967553	29642907
2021-01-19	0.003703600152724777	0.01038487111321683	0.03597207069223789	0.002271712008751184	0.014753365629866762	35941176
2021-01-20	-0.009840114461638023	0.011008992570576253	0.02033564379355196	-0.00018298889699490425	0.0010605645994020629	27750467
2021-01-21	0.011180189749436195	0.01352076979858624	0.040522936560440606	0.004729449907486383	0.022312278076457928	42512038
2021-01-22	-0.05773960259896366	0.0035567890803084893	0.009145904861077525	-0.049229304404732464	-0.047366265811142824	60791787
2021-01-25	-0.03455021073342244	0.008372723030132345	0.02484940151101686	-0.02721690248857827	-0.023921566792401316	45324092
2021-01-26	-0.024307905967560904	0.005547783931059676	0.017835536891520672	-0.018345069047614494	-0.013566498451879757	32005685
2021-01-27	-0.01522495615229425	0.013807654450692555	0.02500221792288793	-0.007881812276685995	-0.004383511191624894	25125684
2021-01-28	0.011243941139237478	-0.0032004866484637872	0.04440148583518049	-0.008173827057202637	0.022376692596479494	30974729
2021-01-29	0.008339102665255605	0.019439896816663613	0.029275981279401963	-0.004447736878557993	0.019439896816663613	24642701
2021-02-01	-0.0013784142543487184	0.02006696070700683	0.027731398253302605	0.0005574833164355814	0.009615454962057964	19904760
2021-02-02	0.01311255705328471	0.013102230666911442	0.02566134922889793	0.006124942576918963	0.024265891610899457	22395031
2021-02-03	-0.047002757823129626	0.0027446001239105674	0.008942884053247916	-0.037888594523967666	-0.03651119809522606	30402147
2021-02-04	-0.03073619161504256	0.000891696942134873	0.013899675674956822	-0.040300235711801385	-0.020065602127411573	24834834
2021-02-05	-0.011799428943963861	0.021447108723128498	0.031139672528530504	-0.003157091705968766	-0.000920346212414385	19824337
2021-02-08	0.020895518559333356	0.01327243538332259	0.041188355047643545	0.01327243538332259	0.03213454326462048	18011338
2021-02-09	0.02339177699388456	0.007313777946213675	0.037614485866825996	-0.016335555064996055	0.03465831924042485	26888264
2021-02-10	-0.010714240322044004	0.011009021666789891	0.01173117096798044	-0.007044710862974214	0.00017678214893140242	18911530
2021-02-18	0.029602853775399535	0.02925823475934997	0.06794666486023342	0.02925823475934997	0.040937760827541185	30080533
2021-02-19	0.018232902302711296	-0.0031706405252538584	0.03156950073666832	-0.006715552898919435	0.029442553312468922	24458218
2021-02-22	-0.01584025390528311	0.013794074888884796	0.03189754051190058	-0.006398252152171353	-0.0050056778734778595	28880488
2021-02-23	-0.00979716500069511	0.00676399661959361	0.018791395033179756	-0.0017259316723496243	0.0011040444249648292	17015104
2021-02-24	0.005653719891757012	0.008865584951269333	0.028156924040280955	0.0031496326285992467	0.016725019394940782	18359288
2021-02-25	-0.002810931999019284	0.01740335218774052	0.01740335218774052	0.0017728537602751879	0.008167148571510977	15546688
2021-02-26	-0.022551129875615968	-0.0025280925494334085	0.010296546260645285	-0.013215291557832362	-0.011790331690045869	17923807
2021-03-01	0.0	0.016840407882022027	0.018298243592247247	-0.0013825384957919906	0.011009065041121535	14079234
2021-03-02	0.024513361683864473	0.021213915012697426	0.05693088991321291	0.016840407882022027	0.03579227211494872	33240824
2021-03-03	0.0028150305241487	-0.002509024198405421	0.015989381914890896	-0.003931978514812801	0.013854950440279828	20695799
2021-03-04	-0.02245617560082842	0.00178569008738026	0.006752049740787973	-0.014532348773816348	-0.011694428971869156	18715470
2021-03-05	0.021536160263428472	0.008831631444048213	0.044394760897831224	0.008831631444048213	0.032782310463942886	25164865
2021-03-08	-0.020379470136049994	0.020955738193982554	0.025218601401473122	-0.012436690264693205	-0.009594781459699577	22243168
2021-03-09	-0.04088944137398591	0.011734304791667928	0.01753636532093915	-0.047736815633361906	-0.03033063404554838	23262070
2021-03-10	-0.002243880314385219	0.020083084217046156	0.023107793139854234	0.004203362372303342	0.008740425756515595	11618991
2021-03-11	0.010494788870018493	0.01934566496540773	0.02692444314358931	0.009493253333771897	0.02161929841886226	13075294
2021-03-12	-0.004450989502531811	0.008008946079396482	0.03050914576866878	-0.01899129354773017	0.006508932766778364	24934478
2021-03-15	-0.024590192957305794	-0.0010448347802739116	0.0012152447790466875	-0.019125471254839106	-0.013851952283090907	15238975
2021-03-16	0.0038197447499750186	0.014098361516720495	0.01950482650576611	0.005602487962505684	0.014870713658012727	9263453
2021-03-17	0.012176502152279407	0.006392438576591712	0.031013660315468594	0.005623025397251827	0.023319528522069605	12489694
2021-03-18	-0.004511304486637442	0.0041675614349486806	0.017850389675545992	0.0034074043104709325	0.006448032808381521	10669949
2021-03-19	0.00453174858435837	0.0056637884981385524	0.02704464353074889	0.0010821767054362884	0.015590614048993433	19183151
2021-03-22	0.028571417712041056	0.017850389675545992	0.04825667465465106	0.014809761177635402	0.039894946285397186	24638773
2021-03-23	0.013888809852489482	0.0014014446934112422	0.0317021526140237	-0.009684180155593336	0.025050777704620844	28423051
2021-03-24	0.024513361683864473	-0.0021114563509045357	0.09191894695861585	-0.0042982099162421706	0.03579227211494872	55630110
2021-03-25	-0.022519319272884628	-0.005354932831220181	0.021681199180520545	-0.013892658729664713	-0.011758227255053516	25723811
2021-03-26	-0.00431967973796735	0.011009007369666163	0.019015558183968734	-0.002820489491402077	0.006641797834591975	18001868
2021-03-29	-0.008676767546069107	0.005891850689682813	0.014664163341046399	4.3642255440465526e-05	0.002236720418281427	13312858
2021-03-30	0.0007293865881653431	0.011009010590153509	0.01985810477474998	0.008059312528621264	0.011746435105536537	10621494
2021-03-31	-0.027696783657555013	0.010272131646933023	0.011009018686792186	-0.019940236987293282	-0.016992688827856633	15730477
2021-04-01	0.0029984677984157457	0.009493253333771897	0.01934566496540773	0.007219619880317369	0.014040520240680816	9063675
2021-04-02	0.008221211196388578	0.01252026646208718	0.03367740635830985	0.009497817905483865	0.01932077571444447	14284118
2021-04-06	-0.0022237702543748024	0.011758507483827825	0.020751916439239567	0.007261803006121885	0.00876070449869062	9075253
2021-04-07	0.006686404626064547	0.008755592941354785	0.02452913534773493	0.0027466244055909393	0.01776904574500062	11727662
2021-04-08	0.0014760731842203448	0.0065322375338482805	0.034885258309449566	0.005039973282500872	0.012501294539238046	21667256
2021-04-09	-0.01473838000899257	0.00504871208111016	0.011754003711006362	-0.005381741565395103	-0.0038916767587515314	11436043
2021-04-12	-0.017950664426466416	0.005715716833707516	0.013277489140727846	-0.010920182241737318	-0.007139296088227085	12615048
2021-04-13	0.008377745605498822	0.011008986968995103	0.021018976938985075	0.0056189923697696695	0.019478978482063564	10459205
2021-04-14	0.006797584696439311	0.007954594394489617	0.020172225841695562	0.006427390463588907	0.0178814199453445	9222583
2021-04-15	-0.018754634107272256	0.004941429738135732	0.0072167688243352365	-0.011744390227327702	-0.00795215841699506	12975697
2021-04-16	0.0030580701740690257	0.014873657504952098	0.017965427977168186	0.011008944414681853	0.014100714886897939	8765266
2021-04-19	0.017530525805580243	0.008697220149131478	0.0325853896102645	0.006385461814183174	0.02873245905201719	16579770
2021-04-20	-0.012734093061744752	0.006465080319169846	0.022368591746335122	-0.0041372606322735385	-0.0018653304283928421	15544509
2021-04-21	-0.002276304297432331	0.002571092415883428	0.017145576544346883	0.002571092415883428	0.008707717312078589	8053373
2021-04-22	-0.0015208190603581684	0.014853222624122819	0.022541504613699616	0.0056272842366308536	0.009471425231419252	12682539
2021-04-23	-0.005331243658093803	0.007158990826691183	0.017168980796681294	0.004848993141308913	0.0056189923697696695	11703464
2021-04-26	-0.07120986416483502	0.010234801017418681	0.01720193757615949	-0.07414496397177565	-0.06098481713859857	40291624
2021-04-27	-0.045342128194773935	0.010175517996251719	0.014342908747061397	-0.0415001273137875	-0.0348323021124921	32234674
2021-04-28	-0.00863557089355728	0.00926286792695319	0.01624738604409474	-0.003833103542687236	0.0022783498098116403	13862237
2021-04-29	0.005226511368170718	-0.003081728011633301	0.03478707560629933	-0.003081728011633301	0.01629300872312284	19170509
2021-04-30	-0.0788561581309125	0.00750459509704466	0.013637231762852782	-0.08010450012878531	-0.06871531774942735	45773126
2021-05-06	-0.010348052438172137	0.01956877757032396	0.030030770623750737	-0.008963930757203828	0.0005469720186387123	18597140
2021-05-07	-0.033269978694812505	0.006203770006228476	0.012931015841991083	-0.027432459172585407	-0.02262728357561195	27192189
2021-05-10	0.007866285962642574	0.012003072194788115	0.020950054169005285	7.37628958319477e-05	0.01896183595251262	15507968
2021-05-11	0.0175609788815518	0.0011454484820909421	0.039613106108496283	0.0011454484820909421	0.028763253957458903	23595525
2021-05-12	-0.003835145637147399	0.0022849965399843117	0.01585558643510988	-0.0035309705579266706	0.007131635788243493	13609069
2021-05-13	-0.006737270579287759	0.0022514654765239833	0.01879347995526272	-0.003586892574795622	0.004197584826963794	13616251
2021-05-14	0.09980628204957405	0.014927665830951483	0.11191399683217178	0.007090386558125596	0.11191399683217178	58260759
2021-05-17	-0.022026366579019203	-0.002352399596344745	0.016353492911223868	-0.02462131924821205	-0.011259967457091636	46275983
2021-05-18	0.0009007087263364145	0.005543971964268146	0.03833344931092918	-0.002653397372397071	0.01191970367056335	26413366
2021-05-19	-0.00450030990021759	0.005549083944784658	0.0237490673645997	-0.0008209102521506544	0.0064590831157753945	20492577
2021-05-20	0.03526209035513015	0.003696032941706026	0.08779442550148467	-0.0027027577965380275	0.046659342184201535	46032319
2021-05-21	-0.034061027331768766	0.004828208370996033	0.012775004395019714	-0.02695897572509885	-0.023427066381088237	27799384
2021-05-24	0.011754030118376717	0.01649361441819397	0.04117466440856391	0.01649361441819397	0.022892405156438023	26540336
2021-05-25	0.03842710494282195	0.004684522283803222	0.06612206501338845	0.0019740424574980556	0.04985918605555697	54147890
2021-05-26	-0.011187658938102868	0.01100903574099647	0.04407129336419608	-0.0011717960149190472	-0.0003017366037822357	56204139
2021-05-27	0.005222051120103916	0.009249281316842408	0.025967447267164948	0.003089957019355115	0.01628850908539929	29288225
2021-05-28	-0.019913462884285197	-0.0021210180361374287	0.020637625412161173	-0.02575499392475519	-0.009123677558690856	48796239
2021-05-31	-0.004416912608898936	0.0038640728748157286	0.014581482905507641	-0.013105159673779867	0.006543425382488667	28699277
2021-06-01	-0.015971609217674723	0.007420644318614058	0.00921480397011645	-0.011418032022161524	-0.005138473241902997	25415060
2021-06-02	-0.0027051099255735998	0.012832247265991102	0.05750261640733546	0.005539125773526712	0.00827404633320096	43690562
2021-06-03	-0.07775773940595636	-0.012758000385207162	0.03934643848335121	-0.07948824665546635	-0.06760477814158466	115324339
2021-06-04	0.01568630016401143	-0.005841154033068635	0.04371811047176344	-0.005841154033068635	0.026867960540120542	58953034
2021-06-07	0.04150572415518048	0.008081338208946817	0.08419977420149066	0.0012501965173082334	0.05297169789685723	62398251
2021-06-08	0.0	0.007261087508407091	0.026937815729501637	-0.00023480895677175924	0.011009035740996433	39535666
2021-06-09	-0.025023082676177432	0.01288300985729127	0.01756794514802795	-0.0189745501197188	-0.014289614828982123	36008540
2021-06-10	-0.015209149592516305	0.013892050961385911	0.021580331916543346	-0.005328651426507762	-0.0043676163071131036	38492128
2021-06-11	-0.005791539513909688	0.011984847747025908	0.023695376361263527	0.0022260739018280062	0.005153706055387498	29002424
2021-06-15	-0.0194173604184281	0.01984306391873772	0.01984306391873772	-0.008622238154066406	-0.008622238154066406	26860602
2021-06-16	0.002970163926582306	0.011008885767106912	0.026023869219093682	0.004001893489513073	0.014011882457504373	31623002
2021-06-17	-0.0009871559937015685	0.017995261930679823	0.039952022482125926	0.008014916225477115	0.01001098536651762	38880650
2021-06-18	0.008893382706271203	0.0030168428905984965	0.02699334112702717	-0.005974343948062234	0.02000019580806896	38986326
2021-06-21	-0.005876724446007219	0.012989335489888376	0.02289147953182273	0.0020969770437604244	0.005067620256340855	31849511
2021-06-22	0.0009852108800509638	0.016985449936376292	0.021965790043802124	0.007024769721524278	0.012005109828950285	24309600
2021-06-23	0.01476391645005281	0.012004140360695472	0.026930455115278036	0.00603361445886241	0.025935367464972554	40482148
2021-06-24	0.03782732516851286	0.008067086276225564	0.05905880659370014	0.00316403624569928	0.049252706532647225	75329175
2021-06-25	0.0355140040328863	0.011008942515826724	0.08092918713841664	-0.002219211872230709	0.046913932997697284	123779248
2021-06-28	-0.02707587832087462	0.0018843272533798187	0.003709253168231109	-0.023664635554538894	-0.01636493189513357	65755043
2021-06-29	-0.036178085769766714	-0.03400807400436008	0.001630463071207119	-0.03400807400436008	-0.025567367854883633	57935052
2021-06-30	0.04138597949451893	0.011009002553503304	0.08106929916933787	0.008089823527843416	0.0528505685879601	89787742
2021-07-01	-0.029574909037224192	0.027827975234952108	0.03436869871372001	-0.019825867253213832	-0.01889147818481844	71526417
2021-07-02	-0.02952377431043401	0.0033060957874238663	0.015823350341393722	-0.022691279055436404	-0.01883981611575348	50227460
2021-07-05	-0.00588815998349056	0.00207956313299667	0.019938406832396584	-0.0018890688002032325	0.005056037082896773	39785184
2021-07-06	0.0	0.008014916225477115	0.01699722736015957	0.002026708802355418	0.011009019937038051	40500447
2021-07-07	-0.0009871559937015685	0.008014916225477115	0.02498150392432177	0.0070168816549568604	0.01001098536651762	53581354
2021-07-08	-0.0019761629650616513	0.014006071248961749	0.021998237327771307	0.0040158636504498465	0.009010967449705708	40121176
2021-07-09	-0.0039604521351856645	0.007004890179910534	0.014011882457504373	0.003000894592713978	0.007004890179910534	38081340
2021-07-12	0.00994024796451522	0.020053754320404963	0.030103545003364582	0.013018900842333175	0.021058733388700908	52371240
2021-07-13	-0.005905347660737867	0.008023789759473548	0.01598449096191757	6.308855702952582e-05	0.0050385268085569295	41016711
2021-07-14	-0.0227723245026212	0.007004890179910534	0.011008885767106912	-0.021023078930464824	-0.012014088859272794	59919701
2021-07-15	0.01418434267773959	0.012033259838003043	0.029446787588252074	0.005887308867326861	0.02534948694113456	43684989
2021-07-16	-0.006160993839006155	0.004948995051004898	0.00898899101100903	-0.010200989799010109	-0.006160993839006155	30494166
2021-07-19	-0.030487804878048853	-0.003048780487804813	-0.003048780487804813	-0.032520325203252064	-0.030487804878048853	34732120
2021-07-20	-0.01362683438155126	-0.011530398322851094	0.004192872117400517	-0.014675052410901342	-0.01362683438155126	27652428
2021-07-21	0.0	0.0042507970244419924	0.018065887353878846	-0.0010626992561104981	0.0	34945530
2021-07-22	0.0998937300743889	0.013815090329436664	0.0998937300743889	0.009564293304994672	0.0998937300743889	201607726
2021-07-23	0.10048309178743971	0.03381642512077292	0.10048309178743971	0.02028985507246385	0.10048309178743971	274083594
2021-07-26	-0.06233538191395969	0.01229148375768207	0.021949078138718173	-0.06233538191395969	-0.06233538191395969	338549923
2021-07-27	-0.04681647940074907	0.011235955056179869	0.02153558052434461	-0.055243445692883884	-0.04681647940074907	208838733
2021-07-28	-0.056974459724950896	-0.015717092337917498	0.004911591355599284	-0.05992141453831036	-0.056974459724950896	150922237
2021-07-29	0.009374999999999986	0.01145833333333346	0.022916666666666734	-0.009374999999999986	0.009374999999999986	132680552
2021-07-30	-0.05779153766769853	-0.016511867905056776	-0.01547987616099075	-0.07636738906088754	-0.05779153766769853	137194998
2021-08-02	0.03833515881708648	-0.018619934282584877	0.0646221248630887	-0.02957283680175261	0.03833515881708648	142213200
2021-08-03	-0.013713080168776454	-0.02109704641350222	0.02004219409282695	-0.025316455696202552	-0.013713080168776454	110500365
2021-08-04	-0.0021390374331550347	-0.007486631016042812	0.004278074866310259	-0.018181818181818174	-0.0021390374331550347	77335004
2021-08-05	-0.016077170418006468	-0.006430868167202625	0.009646302250803844	-0.020364415862808093	-0.016077170418006468	58186190
2021-08-06	0.0021786492374727207	0.0032679738562092745	0.01307189542483671	-0.0032679738562090806	0.0021786492374727207	43035050
2021-08-09	0.01847826086956521	0.002173913043478408	0.032608695652173995	-0.003260869565217322	0.01847826086956521	72947850
2021-08-10	0.020277481323372603	-0.007470651013873907	0.021344717182497447	-0.013874066168623161	0.020277481323372603	77213554
2021-08-11	-0.013598326359832717	0.001046025104602488	0.001046025104602488	-0.01778242677824267	-0.013598326359832717	64217574
2021-08-12	0.029692470837751977	0.008483563096500538	0.07847295864262993	0.008483563096500538	0.029692470837751977	124301747
2021-08-13	-0.008238928939237906	0.008238928939237724	0.012358393408856767	-0.020597322348094856	-0.008238928939237906	64487448
2021-08-16	0.01246105919003107	0.002076843198338481	0.043613707165109025	-0.003115264797507906	0.01246105919003107	81713841
2021-08-17	-0.009230769230769216	-0.005128205128205201	0.03794871794871787	-0.013333333333333414	-0.009230769230769216	104964772
2021-08-18	0.07142857142857137	0.020703933747411935	0.07142857142857137	0.0010351966873705784	0.07142857142857137	171217988
2021-08-19	-0.03671497584541053	-0.013526570048309063	0.011594202898550822	-0.03768115942028974	-0.03671497584541053	125519728
2021-08-20	0.005015045135406112	-0.0020060180541626228	0.016048144433299914	-0.012036108324975025	0.005015045135406112	68738251
2021-08-23	-0.007984031936127753	0.012974051896207664	0.01996007984031947	-0.01696606786427145	-0.007984031936127753	69704416
2021-08-24	0.008048289738430591	-0.0010060362173038016	0.017102615694164984	-0.012072434607645796	0.008048289738430591	71236970
2021-08-25	-0.012974051896207485	-0.005988023952095681	-0.0019960079840318935	-0.019960079840319292	-0.012974051896207485	48133893
2021-08-26	0.0	0.0040444893832152825	0.01718907987866531	-0.0030333670374116414	0.0	54593489
2021-08-27	-0.005055611729019283	-0.002022244691607821	0.008088978766430745	-0.009100101112234565	-0.005055611729019283	38998146
2021-08-30	-0.020325203252032447	0.006097560975609807	0.010162601626016224	-0.02947154471544707	-0.020325203252032447	57362174
2021-08-31	0.019709543568464678	-0.0010373443983402268	0.02178423236514513	-0.014522821576763543	0.019709543568464678	72754083
2021-09-01	0.037639877924720164	-0.005086469989827132	0.05391658189216677	-0.011190233977619474	0.037639877924720164	117613650
2021-09-02	0.014705882352941213	0.0009803921568628984	0.022549019607843182	-0.004901960784313621	0.014705882352941213	110172188
2021-09-03	0.029951690821256087	0.063768115942029	0.07922705314009665	0.015458937198067646	0.029951690821256087	198505350
2021-09-06	0.030956848030018767	-0.005628517823639822	0.07129455909943713	-0.008442776735459649	0.030956848030018767	137170904
2021-09-07	0.0009099181073703173	-0.006369426751592382	0.008189262966333016	-0.024567788898999052	0.0009099181073703173	111033430
2021-09-08	-0.009999999999999948	-0.00454545454545461	0.027272727272727337	-0.01272727272727278	-0.009999999999999948	92348347
2021-09-09	0.005509641873278119	-0.013774104683195624	0.011019283746556401	-0.021120293847566612	0.005509641873278119	68502904
2021-09-10	0.0018264840182649635	0.008219178082191768	0.034703196347032034	-0.0009132420091324007	0.0018264840182649635	108586949
2021-09-13	-0.01367365542388335	0.006381039197812079	0.01823154056517769	-0.018231540565177853	-0.01367365542388335	82732458
2021-09-14	-0.0397412199630314	-0.0036968576709797527	0.0027726432532346914	-0.04805914972273563	-0.0397412199630314	85666526
2021-09-15	0.00866217516843117	0.0009624639076034443	0.014436958614051835	-0.005774783445620837	0.00866217516843117	49042967
2021-09-16	-0.018129770992366533	0.0	0.0038167938931296893	-0.02958015267175577	-0.018129770992366533	52846500
2021-09-17	0.0019436345966959525	0.0009718172983480625	0.005830903790087512	-0.011661807580174852	0.0019436345966959525	36192076
2021-09-22	-0.011639185257032104	-0.011639185257032104	-0.0029097963142581122	-0.017458777885547984	-0.011639185257032104	30888128
2021-09-23	0.0058881256133464675	0.0039254170755643695	0.022571148184494644	0.0	0.0058881256133464675	43892605
2021-09-24	-0.01951219512195115	0.005853658536585414	0.008780487804878036	-0.020487804878048865	-0.01951219512195115	40395717
2021-09-27	-0.021890547263681653	-0.000995024875622046	0.004975124378109346	-0.026865671641791176	-0.021890547263681653	40106324
2021-09-28	0.004069175991861561	0.0	0.012207527975584864	-0.0010172939979653903	0.004069175991861561	24644228
2021-09-29	-0.024316109422492245	-0.0050658561296858095	-0.0020263424518743235	-0.029381965552178233	-0.024316109422492245	40553167
2021-09-30	-0.005192107995846387	0.005192107995846203	0.008307372793354108	-0.007268951194184868	-0.005192107995846387	27294894
2021-10-08	0.019832985386221243	0.014613778705636802	0.02296450939457209	0.002087682672233776	0.019832985386221243	25546984
2021-10-11	-0.006141248720573053	0.001023541453428842	0.011258955987717627	-0.011258955987717445	-0.006141248720573053	27679826
2021-10-12	-0.02677651905252333	-0.0010298661174048982	-0.0010298661174048982	-0.03810504634397538	-0.02677651905252333	33560878
2021-10-13	0.004232804232804331	0.0010582010582012237	0.01375661375661384	-0.009523809523809509	0.004232804232804331	25357558
2021-10-14	0.0	0.0021074815595363092	0.006322444678609114	-0.007376185458377269	0.0	17245229
2021-10-15	-0.0031612223393044634	-0.004214963119072805	0.0021074815595363092	-0.010537407797681732	-0.0031612223393044634	18822708
2021-10-18	0.0052854122621563355	0.002114164904862534	0.006342494714587602	-0.005285412262156523	0.0052854122621563355	14078991
2021-10-19	0.00630914826498428	-0.0010515247108306822	0.013669821240799242	-0.005257623554153411	0.00630914826498428	20151226
2021-10-20	-0.0020898641588296316	0.004179728317659263	0.004179728317659263	-0.005224660397074264	-0.0020898641588296316	16424592
2021-10-21	-0.0010471204188483311	0.00209424083769629	0.009424083769633492	-0.007329842931937202	-0.0010471204188483311	21972102
2021-10-22	-0.00419287211740033	-0.0010482180293500825	0.005241090146750599	-0.00838574423480066	-0.00419287211740033	16420761
2021-10-25	0.005263157894736917	-0.003157894736842038	0.005263157894736917	-0.023157894736842172	0.005263157894736917	34477626
2021-10-26	-0.013612565445026259	-0.006282722513089057	-0.0010471204188483311	-0.014659685863874405	-0.013612565445026259	18260520
2021-10-27	-0.02760084925690019	-0.004246284501061481	-0.0021231422505307404	-0.02866242038216556	-0.02760084925690019	26343192
2021-10-28	-0.0010917030567685357	-0.006550218340611408	0.0054585152838428725	-0.006550218340611408	-0.0010917030567685357	15819033
2021-10-29	0.01092896174863384	-0.003278688524590288	0.01967213114754095	-0.01092896174863384	0.01092896174863384	21880560
2021-11-01	0.012972972972972889	0.005405405405405482	0.016216216216216255	0.0010810810810810581	0.012972972972972889	19849679
2021-11-02	-0.022411953041622103	-0.006403415154749063	0.0021344717182498773	-0.030949839914621042	-0.022411953041622103	23664650
2021-11-03	0.003275109170305607	0.0021834061135370714	0.0076419213973799435	-0.00873362445414848	0.003275109170305607	15403698
2021-11-04	0.0010881392818280508	0.0032644178454843457	0.0087051142546246	-0.0010881392818280508	0.0010881392818280508	14599822
2021-11-05	-0.004347826086956429	0.003260869565217515	0.00543478260869573	-0.004347826086956429	-0.004347826086956429	15449658
2021-11-08	0.015283842794759887	-0.0054585152838428725	0.022925764192139635	-0.006550218340611408	0.015283842794759887	19448401
2021-11-09	0.004301075268817112	0.0032258064516128343	0.0064516129032256685	-0.004301075268817303	0.004301075268817112	16111106
2021-11-10	0.002141327623126293	-0.0010706638115631465	0.003211991434689439	-0.00856531049250536	0.002141327623126293	15646850
2021-11-11	0.014957264957265019	-0.004273504273504183	0.02029914529914544	-0.004273504273504183	0.014957264957265019	32704232
2021-11-12	-0.001052631578947346	0.001052631578947346	0.002105263157894692	-0.008421052631578954	-0.001052631578947346	19144605
2021-11-15	-0.00526870389884096	0.005268703898840773	0.014752370916754538	-0.008429926238145424	-0.00526870389884096	20077252
2021-11-16	-0.011652542372881297	0.0021186440677967533	0.005296610169491601	-0.014830508474576143	-0.011652542372881297	18688103
2021-11-17	-0.002143622722400812	0.0	0.00535905680600222	-0.004287245444801814	-0.002143622722400812	16000477
2021-11-18	-0.009667024704618674	0.0010741138560687203	0.0021482277121374405	-0.010741138560687395	-0.009667024704618674	16444578
2021-11-19	0.017353579175705004	0.0	0.022776572668112696	-0.00216919739696327	0.017353579175705004	27157970
2021-11-22	0.026652452025586353	0.0	0.03304904051172694	-0.0042643923240939146	0.026652452025586353	56876826
2021-11-23	0.049844236760124463	0.01349948078920031	0.09034267912772577	0.004153686396676962	0.049844236760124463	138301916
2021-11-24	0.010880316518298834	0.0	0.021760633036597494	-0.003956478733926721	0.010880316518298834	80225293
2021-11-25	0.0176125244618395	0.002935420743639859	0.056751467710371824	0.0019569471624265727	0.0176125244618395	108728164
2021-11-26	-0.023076923076923096	-0.003846153846153935	0.004807692307692205	-0.024038461538461536	-0.023076923076923096	67823236
2021-11-29	0.009842519685039335	-0.015748031496063006	0.012795275590551084	-0.02362204724409451	0.009842519685039335	52833383
2021-11-30	0.013645224171540018	0.00877192982456139	0.01754385964912278	-0.0019493177387913815	0.013645224171540018	50712066
2021-12-01	0.01634615384615384	0.009615384615384581	0.03846153846153849	0.009615384615384581	0.01634615384615384	82324000
2021-12-02	-0.022705771050141932	0.019867549668874083	0.019867549668874083	-0.024597918637653718	-0.022705771050141932	76128433
2021-12-03	0.0009680542110357973	0.005808325266214956	0.015488867376573102	-0.008712487899322349	0.0009680542110357973	45542724
2021-12-06	-0.019342359767891615	0.009671179883945807	0.022243713733075477	-0.022243713733075477	-0.019342359767891615	77114286
2021-12-07	0.001972386587771161	0.01084812623274156	0.03057199211045352	-0.0029585798816569166	0.001972386587771161	55273579
2021-12-08	0.04724409448818902	-0.000984251968503916	0.07185039370078744	-0.006889763779527587	0.04724409448818902	122984348
2021-12-09	0.0103383458646616	-0.005639097744360949	0.02255639097744363	-0.011278195488721898	0.0103383458646616	140680980
2021-12-10	0.0074418604651162856	-0.013953488372093056	0.027906976744186112	-0.02139534883720934	0.0074418604651162856	162346142
2021-12-13	0.0036934441366573544	0.033240997229916844	0.05817174515235464	0.0	0.0036934441366573544	129105810
2021-12-14	-0.023919043238270453	-0.015639374425022994	-0.006439742410303451	-0.025758969641214293	-0.023919043238270453	60159384
2021-12-15	0.0	-0.002827521206408988	0.017907634307257426	-0.005655042412817976	0.0	48538664
2021-12-16	0.0009425070688029959	0.0018850141376061593	0.006597549481621139	-0.005655042412817976	0.0009425070688029959	38223712
2021-12-17	-0.02259887005649703	0.0	0.0018832391713748918	-0.02259887005649703	-0.02259887005649703	46557083
2021-12-20	-0.03179190751445087	-0.012524084778420113	-0.0028901734104047334	-0.03564547206165713	-0.03179190751445087	54090357
2021-12-21	0.012935323383084478	-0.0019900497512439154	0.016915422885572132	-0.005970149253731393	0.012935323383084478	37508535
2021-12-22	-0.018664047151276966	0.001964636542239644	0.0029469548133596404	-0.02062868369351661	-0.018664047151276966	41479819
2021-12-23	-0.0020020020020019595	0.003003003003002939	0.009009009009008995	-0.005005005005005076	-0.0020020020020019595	32815451
2021-12-24	-0.008024072216649957	0.0010030090270812223	0.005015045135406112	-0.012036108324975025	-0.008024072216649957	28530951
2021-12-27	0.006066734074822924	0.0010111223458038206	0.014155712841253668	-0.0010111223458038206	0.006066734074822924	23612648
2021-12-28	0.005025125628140776	0.004020100502512656	0.01105527638190967	-0.007035175879396835	0.005025125628140776	33468201
2021-12-29	-0.010999999999999944	0.0	0.0	-0.010999999999999944	-0.010999999999999944	22008874
2021-12-30	0.012133468149646028	0.0	0.013144590495449849	-0.004044489383215462	0.012133468149646028	39172709
2021-12-31	-0.003996003996003911	0.0019980019980019555	0.003996003996004088	-0.007992007992007999	-0.003996003996003911	32485737
