2020-06-12	0.020419843985648507	-0.020531503394261713	0.11198476500130894	-0.02168381927262138	0.036508132584542954	122653610
2020-06-15	-0.09282935588443762	0.0010860061049872637	0.0010860061049872637	-0.0785265865971014	-0.0785265865971014	95517928
2020-06-16	0.004901819522593456	0.01763356689527839	0.04439708074228351	-0.007262667157205615	0.020745596151838696	59466129
2020-06-17	-0.02499987148076397	0.010192101882865711	0.028153888375809892	-0.017679477732509462	-0.00962767017293982	51867509
2020-06-18	0.011882433588160058	0.018307425785689477	0.04689365752055564	-0.005196924953161343	0.027836127347244513	57004790
2020-06-19	-0.02039549597397433	0.005093898747305288	0.015766351138750637	-0.006834136278427957	-0.004950762326996445	34445543
2020-06-22	0.010094538041985823	0.029224333300029985	0.04973191780585778	0.022174915212353142	0.026020087307195995	41007923
2020-06-23	0.04934416766731179	0.008787362724025393	0.07540545955720711	0.00751844780235998	0.0658884707532241	63572028
2020-06-24	-0.016666549772915592	0.016370949661762026	0.030881898051397343	-0.004790850073123034	-0.0011630525134292398	48883833
2020-06-29	0.025423608965895756	0.031752964168291375	0.08647638798434588	0.023144652494800525	0.04159089411042468	62150289
2020-06-30	-0.00826446479215204	0.027758844587922892	0.028358530515834722	-0.005220523541825114	0.007371561767200811	42011495
2020-07-01	0.0023809443193144033	0.05990391575523801	0.07018250419789654	-0.0011630525134292398	0.018184878672751325	47367589
2020-07-02	0.013657896030518807	0.021195075704454232	0.0398938632690366	0.0067186553279631345	0.029639689443297954	44878401
2020-07-03	-0.015231379340631228	0.016361516220963157	0.016956575656689808	-0.006250682830702404	0.000294851950402658	39427041
2020-07-06	0.04045221849190418	0.0278516993089647	0.06894165717973438	0.01274511936615217	0.05685633279916457	65947741
2020-07-07	0.009148053140666303	0.03493173370753483	0.10230102725976493	0.020412489407485235	0.025058647583501008	70623106
2020-07-08	0.01359762979407916	0.010011255151705164	0.04051307884079241	0.004256320037882105	0.02957842588211829	42986361
2020-07-09	0.02291788314495378	0.0157664102778987	0.05324018715085511	0.005546289312546968	0.03904557469897768	51630186
2020-07-10	-0.02896166525301207	0.007995524855110384	0.028532934116779665	-0.014762083360230773	-0.013651956130214155	43415558
2020-07-13	0.013505862320733853	0.01176505490597126	0.037487836669804514	0.01176505490597126	0.029485175670698756	36634676
2020-07-14	0.0022209243925211874	0.021970445766902165	0.03663436725115077	-0.012433691069969588	0.018022323736192922	44333017
2020-07-15	-0.048753356320231034	0.02308220904495846	0.03433718257228434	-0.03825770337852914	-0.03375569145753912	38155107
2020-07-16	-0.066394912199809	0.021682262850508963	0.021682262850508963	-0.056408101189020406	-0.05167529269392469	37818160
2020-07-17	0.006238250250868323	0.029707015720236003	0.0379446084794124	0.006895044910433888	0.022102962083716468	19572978
2020-07-20	0.0278983742384507	0.018285369909321045	0.04410460315995915	0.0025419350003951314	0.04410460315995915	21405103
2020-07-21	0.023522220747107848	0.0108652081086583	0.049461818426430916	0.008414564521412567	0.039659489135680286	25439718
2020-07-22	-0.015321014526238632	-0.0009933202430945452	0.012773637430389805	-0.0063804739158114365	0.00020369200284718158	19134610
2020-07-23	0.01735483264657158	0.007863891446372062	0.03886573611691798	0.00360873629551303	0.033394822351527555	22944549
2020-07-24	0.0017647446853310668	0.07252984142333478	0.08507748385349725	0.01576636704347209	0.017558955677452668	50023592
2020-07-27	0.02055176212196021	0.029484839463887778	0.06348289036159419	0.018748612864611814	0.03664226421770163	28635951
2020-07-28	-0.02876857711622943	0.018688759958880793	0.02803989028552572	-0.022222435220190684	-0.013455808983525549	25958093
2020-07-29	0.017180172287942757	0.005536468481093466	0.03502269888892732	-0.0028880742164186127	0.0332173666689254	23726867
2020-07-30	0.005824121332548242	0.016357919847813786	0.02878132769473584	-0.0055311049892996815	0.021682262850508963	25557316
2020-07-31	-0.012230661650298461	0.007531904296579877	0.015766316577247464	-0.014818424859936568	-0.0024669534809611655	21968186
2020-08-03	0.03950465157282086	0.021198229343496824	0.06347530013254138	0.012266466404632503	0.04977981120277683	34411709
2020-08-04	-0.025524535730844285	0.018477109871448422	0.019622638785828705	-0.01932912492657865	-0.015892251772568235	24147133
2020-08-05	-0.0017462538601781244	0.013411537666843156	0.013411537666843156	-0.008337955113040503	0.008121106205705353	18594980
2020-08-06	-0.02157437420423733	0.010473475130163298	0.014006540283679376	-0.021913436341172036	-0.011902918230908291	18304566
2020-08-07	-0.022050091121326568	0.010486550749803217	0.018310388348795927	-0.021410938856298953	-0.01238336449150475	15629416
2020-08-10	0.016453366220741995	0.01173097065857283	0.03327025400353747	0.006192236257629696	0.02650070341145331	13102328
2020-08-11	-0.019784113532836343	0.011700979436798003	0.020782797473859478	-0.017360390251415805	-0.010095032693200704	14923678
2020-08-12	-0.009174261493290287	0.009266973226877254	0.016061365902637976	-0.014822018178170646	0.0006197047455560109	14826882
2020-08-13	0.011728313367437293	0.025469289316163008	0.0454175645236771	0.017365214849517654	0.021728851349165364	12067531
2020-08-14	0.004270783167717845	0.008036254305103158	0.016662419277003813	-0.003054670066550219	0.014197721493155352	9029655
2020-08-17	0.005467918702925226	0.004362996766221268	0.021542020440779706	0.0012952416572688612	0.01540657157674984	13138372
2020-08-18	0.01087612223814852	0.008054059034623378	0.03246214763110349	0.00012136922054588946	0.020868305547775422	17515547
2020-08-19	-0.02570244028702228	0.0026410929016636004	0.011695587317055733	-0.016071774369187393	-0.016071774369187393	11622502
2020-08-20	-0.007361874247039507	0.002450054846657073	0.017939085360356967	-0.0018868117410567962	0.002450054846657073	7604205
2020-08-21	0.0018540559322580748	0.017374510747376493	0.024240291141395084	0.006139824341229628	0.011757105128685122	7334749
2020-08-24	0.0049354147218648595	0.013622791274196766	0.017983798980969603	-0.002575237350959297	0.014868855776241991	6883678
2020-08-25	0.009821980097896177	0.010504473621368112	0.03158248233972846	0.00802476988393971	0.019803719103049008	9815855
2020-08-26	-0.004255451074621452	0.01602364541939073	0.017251530021198492	-0.005463137984614025	0.005587148128889712	10672607
2020-08-27	0.012210110524422993	0.018516217928684464	0.0314634579871	0.011734330279038295	0.022215429373945952	15949874
2020-08-28	-0.01688797535004412	0.009884626467857779	0.011711981635449118	-0.016306591227026334	-0.00717018084792179	13954514
2020-08-31	-0.0024538341701023387	0.012363034375425014	0.023515136345288918	0.005547860949397096	0.007406544611041154	10778128
2020-09-01	0.001845057984209303	0.009884634033894819	0.015474401380945888	0.004294866686843751	0.01174795192477117	7059554
2020-09-02	-0.007980444071487671	0.011744418481297344	0.01422424620701245	0.0018253555550101052	0.0018253555550101052	8799674
2020-09-03	-0.006188168388522008	0.009884683792669517	0.01800881861802415	0.0011356828192181359	0.0036353348901973855	8754532
2020-09-04	-0.016811939780434992	-0.00017638397754360884	0.00485417509678322	-0.012123961779069785	-0.007093402704743068	12053583
2020-09-07	-0.03419876424391549	0.007966001357939954	0.015640869388584232	-0.027210477115845955	-0.024652187772297936	12317884
2020-09-08	0.03278681468153706	0.011209057042587617	0.05028000292700979	0.003924643403119113	0.04299558928754128	13145361
2020-09-09	-0.013333299136179984	0.002831524303916926	0.02655579949525006	-0.0035804419640110222	-0.0035804419640110222	10392694
2020-09-10	-0.0450450146010864	0.022881880667766447	0.03133007917391693	-0.03820509314593749	-0.035605647451737374	9394698
2020-09-11	0.04312663272619576	-0.0010036238797698927	0.07045047659204498	-0.003045169607535987	0.053437595527327166	12880386
2020-09-14	0.008397960841917549	0.03597988137508457	0.044460824988356726	0.011841811091156213	0.01836561387059627	12632600
2020-09-15	-0.020499687815609135	0.015707167353800122	0.019588850795916588	-0.016640194663836826	-0.010817669500662184	8556902
2020-09-16	0.02158273428812014	0.011205624601767664	0.04951387164742575	0.0026192933673959734	0.0316807221606538	13611127
2020-09-17	0.06017916853649425	0.009884650095981051	0.09652001637280341	0.0021262532962680594	0.07065869370709335	37530699
2020-09-18	-0.012681066509020582	0.009884673724598253	0.01781263479232191	-0.011459508470316782	-0.0029217746089730055	18630632
2020-09-21	-0.003058251875482461	0.019149636367409722	0.03026763240050872	0.0006197047455560109	0.006796245675099501	12849573
2020-09-22	-0.038650211533689735	-0.002506434917726787	0.003069678023327064	-0.035962740827318616	-0.029147567401290694	14788556
2020-09-23	0.058072816488484676	0.018262801126250318	0.07046494588416573	0.013751510235184632	0.06853147105526758	24622213
2020-09-24	-0.022316196582021757	0.008057271300266658	0.018411938761034908	-0.017524848308689823	-0.012652063621269622	17493020
2020-09-25	-0.0339295744603439	0.01922986348301483	0.024213872290755088	-0.029364284692563854	-0.024380275884823485	13919478
2020-09-28	0.017241362632370746	0.014398853245634571	0.059540569537557236	0.006660273309876329	0.027296486471898158	14431138
2020-09-29	0.003138693748059411	0.019393970284665697	0.029537193869587756	0.003545183433225111	0.013054455544089554	9094505
2020-09-30	0.025031301371092277	0.009884736634952802	0.06423397778051343	0.008620800794358395	0.035163390250049525	19816684
2020-10-09	0.040903598981311205	0.08510202394339277	0.10298148427529946	0.047493374249899994	0.05119252404163755	50353451
2020-10-12	0.009384168183171858	0.012846206825801605	0.027653899908050165	-0.00373840942631685	0.019361532551218547	32018646
2020-10-13	0.0005809917525107323	0.02396794892483368	0.03805117492246878	0.009297921843963691	0.010471406650216706	29298052
2020-10-14	0.04065044083345155	0.013403551404510881	0.05328273822562078	-0.007122619652720488	0.050936955453233956	39498670
2020-10-15	-0.046874936600430496	0.0003043179333431932	0.0014314213901694714	-0.043089165154469415	-0.037453647870338024	28716421
2020-10-16	-0.0076112071887701905	0.007519619876587172	0.020527442402726147	-0.004305786207305524	0.002198213745866129	12435387
2020-10-19	-0.007669701126590519	0.0146510720625047	0.025375391084512273	-0.0038189128565518384	0.002139167936122303	10757296
2020-10-20	0.002378212380429879	0.005681832168573755	0.017690033488904935	-0.0063263691517574236	0.012286369913073799	9008991
2020-10-21	-0.018979840463392253	0.012280520063010392	0.022463223519265628	-0.01647064263700392	-0.009282792063744761	11664382
2020-10-22	-0.021765516397527895	0.002557743387835753	0.002557743387835753	-0.013927676265923002	-0.01209596297106087	8772409
2020-10-23	-0.030284307509017	0.016126323218903203	0.018622885522703712	-0.02569220324697279	-0.020698953808136	11309032
2020-10-26	0.013384287133714815	0.009241056518335905	0.03305599157386701	0.00022997565656501218	0.023401326443975863	6105555
2020-10-27	0.011949731113424594	0.004168410411568762	0.02195254418229859	-0.0028182135697894786	0.02195254418229859	6487711
2020-10-28	0.0180235859856877	0.016788877987350723	0.039384059462814286	0.007374041205806126	0.02808640596034087	12616552
2020-10-29	-0.008547028044276796	-0.004912182878162876	0.00988466290288351	-0.007378262188146383	0.0012532311841304204	8033182
2020-10-30	-0.01908862503508023	0.01672509674901064	0.02729655035435192	-0.01001446237038239	-0.009392612158303499	10526593
2020-11-02	0.04205906678032154	0.011786552595974324	0.05616315578000824	0.0016433290110522678	0.05235944693566255	19271724
2020-11-03	0.008433753483873823	0.028135568617676493	0.03361084679374695	0.0001508743319627384	0.018401740749106762	15629547
2020-11-04	-0.0017921530758255263	0.016520662728036324	0.04668448061314125	0.008074733392571075	0.008074733392571075	18270788
2020-11-05	0.013764226319564452	0.026202367106793422	0.035872058068791	0.012906458934620666	0.02378498969325359	13543366
2020-11-06	-0.01593859090568473	0.022403879578588266	0.025384708522192392	-0.01813464290055557	-0.006211505972299153	13214828
2020-11-09	0.0509897838689377	0.04078092252203874	0.08500502458496591	0.030482159027932533	0.06137844951025137	37632902
2020-11-10	0.00114153856156922	0.002967631352445277	0.030059343404357952	8.554045775450609e-05	0.011037543499397881	25342796
2020-11-11	-0.03306727420959538	0.0058542795158081345	0.019672541731151842	-0.023509527691797524	-0.023509527691797524	16546913
2020-11-12	0.001768905877498869	0.017625524167951136	0.031320894007543246	0.005120996508454811	0.01167101554204145	9806736
2020-11-13	0.0023542972463139627	0.011667822971683303	0.027122267486398913	0.003346171568401477	0.01226228183757865	9024353
2020-11-16	0.0076335538356876636	0.021151657515439484	0.027674753334338935	-0.006719439218108549	0.017593696896552682	10098270
2020-11-17	-0.02738923798374038	0.011061709545275961	0.011061709545275961	-0.026014535395075228	-0.017775265228616742	11083921
2020-11-18	0.034152193065257026	0.021381176089029657	0.06918284660402849	0.01654050672126937	0.04437441609425758	22060862
2020-11-19	0.01969866001882499	0.00871443850092154	0.04030996086199674	-0.002402542475274072	0.029778081068226343	21096913
2020-11-20	0.15909098211976191	0.025377312435146446	0.21186170409322336	0.020786927409716955	0.1705481814845443	84117248
2020-11-23	0.019607801398462427	0.00988464196643931	0.03859704845372052	-0.00397647028189212	0.02968625210869102	58635721
2020-11-24	0.04807687125684172	0.014254328096288219	0.15554107946282486	0.0001742536600188071	0.058436782990978375	71500302
2020-11-25	-0.0045871002883174335	0.018223231036333616	0.07010721733117868	-0.0012333101492209935	0.005252280787610118	47051917
2020-11-26	0.010599088721021515	0.01640006176584995	0.0424616018111281	-0.008265370886895511	0.020588523558841082	30207838
2020-11-27	-0.01094387099706556	0.005740132867297497	0.02231831297592206	-0.039849735792895864	-0.0011673769399352348	30191139
2020-11-30	0.0	0.01733421095675006	0.02431819867498855	-0.015257731728363345	0.009884670617213594	18824790
2020-12-01	0.025818312676948136	0.018265455879099852	0.09369247667615815	0.0010382396141933577	0.035958178205386146	29838548
2020-12-02	-0.01887644635340639	0.0171467522177407	0.033032578334483705	-0.02370251493959822	-0.009178331061433396	19990432
2020-12-03	-0.07237746057621529	0.005258570962719899	0.00895943062302581	-0.0789370387543602	-0.06320818858743316	32109325
2020-12-04	-0.01975304553797041	0.011380876942980643	0.021354996964361363	-0.030011928109774152	-0.010063638196163375	26223563
2020-12-07	0.002015088745204381	0.015480946757965025	0.055672880806646056	0.005305837336835069	0.011919640654038974	22145384
2020-12-08	0.0251382587475866	0.00886926527411226	0.054565354060289825	0.005315019539161508	0.035271377694942485	23605729
2020-12-09	0.002942682134857609	0.09012074238757944	0.11191330107777826	0.00938935210077814	0.012856441251555696	37566408
2020-12-10	0.07677256479780223	0.003958648953142136	0.0958112850087985	-0.011843946603424624	0.08741610673626125	44903317
2020-12-11	-0.06221614191952371	0.00025357185934823376	0.01722261536281328	-0.06853966182163554	-0.052946482991790215	37178734
2020-12-14	0.03486684194156063	0.0406947321678334	0.07248281973485751	0.02504509024896461	0.045096166448551	31811814
2020-12-15	0.03883953906729478	0.0075217738356519355	0.07179145546869536	0.002323443505272198	0.04910808567885773	37096272
2020-12-16	-0.000900980816286941	0.03262978040469075	0.04491206953100871	-0.007856674632017599	0.008974780634416724	31798732
2020-12-17	0.0	0.012161233323243531	0.019446198917957194	-0.030182939378144258	0.00988466734635811	27079394
2020-12-18	0.08701536008170856	0.014893158026825523	0.10823231754780688	0.010795339268431832	0.09776015958545366	46779405
2020-12-21	0.02281212535101983	0.042556103049952165	0.06349937635120766	-0.01608502030701668	0.03292223921792126	44207021
2020-12-22	-0.028791581313465202	-0.00526769907780666	0.05001787364738008	-0.019191493577178875	-0.019191493577178875	35396960
2020-12-23	0.042171138129449184	0.03307614656694042	0.1106622734927841	0.03265448283364772	0.052472636132028	41591379
2020-12-24	-0.008814076141826228	0.03456536703219281	0.058032238869450144	-0.00872696549516138	0.0009834642306002404	35226248
2020-12-25	0.030315235457221965	0.020497842116492925	0.04090779895882278	-0.02399586379978616	0.04049959982197612	35086065
2020-12-28	-0.03805407221448225	0.010280895726927855	0.010280895726927855	-0.04637407215109201	-0.028545585755910957	29378732
2020-12-29	-0.09869493003727633	-0.026359224614529428	-0.020181218279191934	-0.09884686578060674	-0.08978586944868731	42451911
2020-12-30	0.005429797756210016	0.014454282111863457	0.05558075951366159	0.012626390944707345	0.015368113455099617	25111013
2020-12-31	0.04185417555959065	0.029882406154351865	0.07033228751335303	0.02579196411755171	0.052152590576930453	22798422
2021-01-04	0.04406050600938112	0.019918067160080863	0.07706497755198624	0.003777405009874495	0.05438069878699116	29174170
2021-01-05	-0.04095991104658398	0.006959889486778895	0.009049017888203628	-0.03649402304542607	-0.03148007309943846	30468655
2021-01-06	-0.01941322561229706	0.0033496978514680133	0.006399349282221653	-0.05633723353017663	-0.009720467134852936	35473423
2021-01-07	0.03827538359288883	0.021880641586427906	0.07341896959687384	0.0023315761873553597	0.048538397453900005	34572628
2021-01-08	-0.004237322042594517	0.05524390105612108	0.07835147452790561	-0.0050924290529272154	0.005605501817471417	36327318
2021-01-11	-0.06382974151721547	-0.008164294748303064	-0.003007393688254931	-0.06317082397524744	-0.054576017524378934	32929305
2021-01-12	0.009545383895259179	0.004376151555410586	0.030541436806972338	-0.0015913027998685596	0.019524421443964227	20382035
2021-01-13	-0.05222868282703529	0.0007907656613183062	0.008975378955720856	-0.053318321623414544	-0.04286030820627065	27798289
2021-01-14	0.010451322982519017	-0.0016294885176350558	0.033872395864817266	-0.03473250097726139	0.02043929839832768	23828285
2021-01-15	0.00517158757145816	-0.004833962283680112	0.03314952356186288	-0.00910700414128682	0.01510734285859857	12896688
2021-01-18	0.014967265660226967	0.007522932365028006	0.047200347423003955	-0.024124529645500215	0.02499993623272584	14748307
2021-01-19	-0.02764975821871609	0.0024385689943438637	0.02756929321382625	-0.02501912498193138	-0.01803840186541046	13408196
2021-01-20	0.03127957412541486	0.014670896057261976	0.060618207358996125	0.005098481703019786	0.04147347437417677	17010809
2021-01-21	0.02941177835592435	0.01591798288152589	0.051189737937702075	0.011741070015548275	0.03958720219887534	20091124
2021-01-22	0.038839353944298514	0.013491428378210867	0.05902640803399338	0.0008679147458945515	0.04910789761392197	28056683
2021-01-25	-0.0073055844059577175	0.028546057769740805	0.060660996615085436	-0.00660686749324152	0.002506874766841307	36473193
2021-01-26	0.007792200184148613	0.033929545636272894	0.05797446250855609	0.013382108577116572	0.017753947414037154	27422280
2021-01-27	0.06958764820805992	0.019428263852501036	0.08363055451214793	0.009884723485722833	0.0801601604224372	35709673
2021-01-28	-0.0722891663994257	-0.010394146627384776	-0.006338384933234655	-0.06676923417607053	-0.06311904865133547	26580711
2021-01-29	0.020779229636364104	0.02518599911628528	0.04573339245749053	-0.016783277743772633	0.030869289052994277	20656146
2021-02-01	-0.012722662330072984	-0.014955586702945457	0.01716542677413241	-0.03337163442980342	-0.002963698843485143	16634166
2021-02-02	0.012027431556562558	0.030273245382846793	0.04025062839076491	0.00077489562030635	0.02203101603985795	17543881
2021-02-03	-0.06621384738009709	0.00731287716633879	0.02617324624149049	-0.06341334612406366	-0.056983689461299857	26617224
2021-02-04	-0.06090912754870791	-0.009394956984881159	-0.0006732258369259297	-0.07962789055384194	-0.051626497280242954	28550013
2021-02-05	-0.0479186379011488	0.011351182222548871	0.03383646545048057	-0.04681744320168452	-0.038507646552673476	19540845
2021-02-08	-0.018810449323197566	-0.0003836740209405717	0.022206577937835124	-0.039916422418679307	-0.00911170607766753	15763814
2021-02-09	0.045077800891754345	0.020873113896369828	0.06953600558251719	0.01930334488474029	0.055408032152218324	12207358
2021-02-10	0.02627667795314164	0.00688058396867955	0.04443207081229083	-0.0011303998912908636	0.036421086952320415	13275168
2021-02-18	0.0014492088285772502	0.026472149553082136	0.04257175949856243	-0.0023120015615645936	0.011348224756994686	12669677
2021-02-19	0.022190133470413917	0.00014152026180412372	0.03229414428616686	-0.02421652824150097	0.03229414428616686	14368739
2021-02-22	0.003775319496944913	0.014173937970970642	0.0718407327596991	0.012267548413339654	0.013697304837652335	17075290
2021-02-23	0.0	0.025552835888613887	0.038372293816519375	0.00276282034816473	0.009884667562537754	9537297
2021-02-24	-0.04889517810220585	0.00276282034816473	0.014157851858038311	-0.05563681109853275	-0.03949380231358065	13327473
2021-02-25	-0.013840761701658186	0.03634237037857952	0.03734082335304671	-0.010083371647050648	-0.004092903401010089	10224765
2021-02-26	0.012030029058354149	-0.03162447356916809	0.026589528017894548	-0.03162447356916809	0.02203365755607305	9288909
2021-03-01	0.04210008592272803	0.03039247649429679	0.05440162157765888	0.019388234978703504	0.05240090950643105	11923607
2021-03-02	0.010456193782268993	0.017564408824145335	0.02380414228372055	-0.0011550315461750882	0.020444259960239207	9703519
2021-03-03	0.000940817335891792	-0.0005656019397387058	0.019860005088374908	-0.0010406182660499153	0.010834789891728466	8235894
2021-03-04	-0.055921127251442326	-0.003403330170483524	-0.003403330170483524	-0.05987718891780701	-0.04658918586309591	12682041
2021-03-05	-0.005973148829559315	-0.0036876626170742888	0.015414238720859575	-0.017260080750562075	0.0038524914845958712	8170089
2021-03-08	-0.05908847207221169	0.020504452848294708	0.02303295743909825	-0.0543392324693972	-0.0497879242059509	13521514
2021-03-09	-0.017030448153875558	0.013109312022458174	0.02063373131599351	-0.04332388642491025	-0.007314165520133134	11152724
2021-03-10	-0.0027071142520753606	0.03667636509534548	0.041050636558142395	0.00660405527475558	0.007150825538348688	8170375
2021-03-11	0.02443005386161374	0.009884698799421434	0.040586948057167074	-0.009852516263145934	0.03455620392126916	8753460
2021-03-12	-0.002649729576234462	0.01684195327204482	0.043600952042361786	0.0034624538868863347	0.007208713714730725	14363003
2021-03-15	-0.018597277754548766	0.01793360861722447	0.02329968052873748	-0.02070166913217311	-0.008896482639428322	8361815
2021-03-16	-0.005414119150098084	0.00660405527475558	0.025194244236918358	-0.004878065583671537	0.004417028897409755	7211012
2021-03-17	0.005443591402555972	0.007135876538335401	0.020879542975812685	-0.020351456336619167	0.015382021426156082	5589491
2021-03-18	-0.016783933396383326	0.010431447119906756	0.014258784288031519	-0.016360295796151485	-0.007065201315069999	9463260
2021-03-19	-0.026982438017218342	-0.008466792702048705	0.013777362256963223	-0.01736445468565324	-0.01736445468565324	6620913
2021-03-22	0.016411969402608403	0.011027803720250641	0.03846094715296834	0.011027803720250641	0.026458864744433812	5449006
2021-03-23	-0.03674827689824582	0.01944371095974597	0.022255250275975188	-0.032287577833097755	-0.027226908277276102	8576797
2021-03-24	-0.022543369438753534	0.008717231066690832	0.017473398149249083	-0.01638400695267649	-0.012881516769718736	6593224
2021-03-25	-0.0011827177018152153	0.00809299252303135	0.023620492142906097	0.0033153003323005115	0.008690204046872572	5282472
2021-03-26	0.031971669177327224	0.01705969656104673	0.05592441159718305	0.01705969656104673	0.04217228166131938	9799126
2021-03-29	-0.002868755909099554	0.013940347166222083	0.013940347166222083	-0.001123909420247593	0.006987555417633953	4236198
2021-03-30	0.03107022504798832	0.010465729433985159	0.06334231751112804	0.002330927835950102	0.04126204213450595	12398611
2021-03-31	0.03515621653911619	0.01439311114367197	0.057223042503071544	0.01439311114367197	0.04538839985122242	15114280
2021-04-01	0.0215635160604064	0.028939158827538475	0.05888188720289862	0.01859527157270303	0.03166127453550342	12377957
2021-04-02	-0.015303508147103762	0.0018906957443785128	0.009351690885155039	-0.011432319535361377	-0.005570139520214681	7921686
2021-04-06	0.012861687260700482	0.014755464498766609	0.03802718981793831	0.013673058669967948	0.022873508214756665	6744487
2021-04-07	-0.01058198853027479	0.015227992421910747	0.015227992421910747	-0.018434777051658354	-0.0008018698148566465	6879521
2021-04-08	-0.0224598349427222	0.004484211938392142	0.009344673420040773	-0.014417372694857248	-0.012797182864622716	7648041
2021-04-09	-0.010393911346053625	0.009884659908100363	0.014304286186712157	-0.0033742189277346317	-0.0006120077489308235	4188269
2021-04-12	-0.025981166572516718	0.009884643707505945	0.02495760466304331	-0.02193593378908215	-0.01635332050796589	7065288
2021-04-13	-0.01816124429704641	0.014469835228328417	0.016762364982383007	-0.011894973376759694	-0.008456150088339217	4866874
2021-04-14	0.009248558827445661	0.009884611044670739	0.03089961051725412	0.007549675964202012	0.01922458486589162	5194851
2021-04-15	0.0034364420178420634	0.009306324336201799	0.02145264563465203	-0.010359241887794891	0.013355059542418064	5469702
2021-04-16	0.003995442607310018	0.02026023436240888	0.028906449404663855	-0.009137092763438746	0.013919576752270903	8338375
2021-04-19	0.017623606521386143	0.007588086025177306	0.02997904848198373	-0.0038943425274937044	0.027682493876533706	13201644
2021-04-20	0.019553116436431643	0.009884683581125405	0.04147878486161412	-0.007040758043139109	0.0296310321427676	14376635
2021-04-21	-0.02739725724185508	-0.003949395981079642	0.002690996715191077	-0.028850716417697337	-0.017783432148009093	8954824
2021-04-22	-0.011267638488609406	0.004764095215906268	0.01671208302787874	-0.003201192062136056	-0.0014944016831789735	6098431
2021-04-23	0.008547019367113589	0.011610969177399007	0.028873897456253038	0.009884613051899022	0.018516221049541166	6618218
2021-04-26	0.011864318972012742	0.006461264875401295	0.05781144643212313	-0.004379190807379397	0.021866342164670066	13781167
2021-04-27	-0.03629247232134841	0.0036821604564204894	0.01101248022449998	-0.03973544064496856	-0.02676656951060393	10664342
2021-04-28	0.0	0.007544177625953214	0.015150551507598128	-0.004742888694856234	0.00988464086577198	4834992
2021-04-29	-0.030706870685207794	0.011054901740740307	0.013395247960322676	-0.022880966839917048	-0.0211257218027599	9952436
2021-04-30	-0.011954547583737785	0.02195741606669163	0.02195741606669163	-0.002188002980518161	-0.002188002980518161	7847684
2021-05-06	0.017543828566184805	0.009273710264887849	0.04470825941462373	-0.002334159284163604	0.02760192534233743	7985493
2021-05-07	0.008323443127972065	0.005081425104592423	0.026095672343935842	-0.021336545751288374	0.018290320471473345	9860788
2021-05-10	-0.03655663389721946	0.0003573896077270188	0.008693820774172925	-0.03358325001487141	-0.027033290526370886	7754835
2021-05-11	-0.02753975339406851	0.024717762258680623	0.024717762258680623	-0.030906241723997977	-0.017927307461372898	8610693
2021-05-12	-0.00755189084856365	0.009884667230609014	0.01624014027800112	-0.01108839382578501	0.0022580995737383983	7227898
2021-05-13	-0.011414065829493456	0.0028404206166315563	0.016928855644451454	-0.003563413486922901	-0.001642263255856598	4685154
2021-05-14	0.049390678110643925	0.020896838439253395	0.061058958930084645	0.019601284075751832	0.05976353412201933	9813415
2021-05-17	0.04400973316392444	0.009267296017357159	0.06605787169539794	0.004946335683783959	0.05432938324015028	12990443
2021-05-18	0.01756430608893621	0.011067164836999828	0.027622591450286095	-0.011401053508334955	0.027622591450286095	8073523
2021-05-19	-0.009781297202160213	0.004655231571855378	0.017438524429419587	-0.004641867159484119	6.6241000448258355e-06	5720478
2021-05-20	-0.005810504326190953	0.011058266413559774	0.022794288078255724	0.0004957882352250129	0.004016712094850503	4738270
2021-05-21	0.003506678164359056	0.015786839391755444	0.04352773759290957	0.012835745310765199	0.01342597593157576	7229908
2021-05-24	-0.016890011741011682	0.008120072401140993	0.02047166141373743	-0.010701248128007929	-0.00717229831745092	4908106
2021-05-25	0.017180185271967977	0.016465727725146612	0.030225945553931724	-0.0008841277530501441	0.027234640673382618	6340254
2021-05-26	-0.011648316409972428	0.011061030557568017	0.01164919866212934	-0.0059959032915181745	-0.0018787853763998419	4958019
2021-05-27	0.0	0.012265130388199293	0.028927990398418268	0.009289570788872891	0.009884670806737886	6357188
2021-05-28	0.011196271246111951	0.009289570788872891	0.050351531531552876	0.009289570788872891	0.021191630656172748	11309857
2021-05-31	0.07167827239567903	0.006353622422830073	0.08756812528502331	0.005765111532524233	0.08227146842118249	17415524
2021-06-01	0.06699621455223582	0.02141686004485786	0.08017578693991152	0.006589841108722657	0.06699621455223582	26945510
2021-06-02	-0.016984045290787356	-0.007205301080802858	0.04065872362326308	-0.020586670097786985	-0.016984045290787356	21263662
2021-06-03	-0.04188486910994773	-0.0036648691099477907	0.013089005235602092	-0.047120366492146654	-0.04188486910994773	15149773
2021-06-04	-0.006557322762695232	-0.0010927869449610939	0.005464535817734138	-0.019125574815605145	-0.006557322762695232	7283696
2021-06-07	-0.056105610561056084	-0.01705165016501657	-0.0044004400440043065	-0.06600660066006597	-0.056105610561056084	18342406
2021-06-08	0.012820454545454626	-0.0046620046620047696	0.04137534965034955	-0.005244755244755236	0.012820454545454626	11335111
2021-06-09	-0.01668578922242755	-0.002876812593602752	0.0063291718256138505	-0.02186415545823688	-0.01668578922242755	7489007
2021-06-10	0.14686951433586903	0.007021591574019893	0.1878290813341135	0.007021591574019893	0.14686951433586903	36929426
2021-06-11	0.0459183673469387	0.015816326530612178	0.0795918367346938	0.012755102040816325	0.0459183673469387	41480196
2021-06-15	0.022926780487804947	-0.014634097560975595	0.06243907317073164	-0.014634097560975595	0.022926780487804947	32733142
2021-06-16	-0.04673338324908852	0.0028613258398341944	0.017644302224334794	-0.051025228947316724	-0.04673338324908852	19831228
2021-06-17	0.023511705852926536	0.018509304652326267	0.04302151075537784	0.005502751375687994	0.023511705852926536	15204756
2021-06-18	0.08113402156080256	0.027859336650016393	0.08602150958071902	0.027859336650016393	0.08113402156080256	22757499
2021-06-21	0.13471965937072078	-0.005424999754746778	0.14376120507408663	-0.027124817941915957	0.13471965937072078	46440665
2021-06-22	-0.010756972111553909	-0.015139482071713149	0.01792824701195212	-0.022709123505976207	-0.010756972111553909	21889410
2021-06-23	0.024969834877164802	0.013290374546919125	0.06121627064035454	-0.0024164317358034123	0.024969834877164802	32248990
2021-06-24	0.016110019013358786	0.060903691123627056	0.08369347411813453	0.0015716698793056282	0.016110019013358786	30716078
2021-06-25	0.03248259735179437	-0.016241298675897256	0.0901005378924772	-0.016241298675897256	0.03248259735179437	38086080
2021-06-28	0.05430707661771242	0.008988763708285944	0.0749063642357167	0.008988763708285944	0.05430707661771242	27981971
2021-06-29	0.01278863232682071	0.02309055062166967	0.04085253996447606	0.0017762344582593868	0.01278863232682071	24355116
2021-06-30	-0.005612065941774821	0.0	0.021396036478428512	-0.04244128376008424	-0.005612065941774821	24544819
2021-07-01	0.04832447971781305	0.007760141093474386	0.10158730158730155	0.005643738977072315	0.04832447971781305	30343783
2021-07-02	0.009421299105696423	-0.002355282717203416	0.04138634055808679	-0.025908412715626303	0.009421299105696423	24830073
2021-07-05	-0.032999999999999946	-0.014000000000000058	0.004999999999999952	-0.06333333333333328	-0.032999999999999946	35201778
2021-07-06	-0.009996587383660813	0.01826959669079623	0.03653912443984828	-0.04653567735263707	-0.009996587383660813	25350684
2021-07-07	0.1420612862834709	-0.01218656031290262	0.1995126114036424	-0.02994422109833642	0.1420612862834709	44136241
2021-07-08	-0.007012164847931837	0.0003049390336871677	0.017987805426457587	-0.019816982311493335	-0.007012164847931837	23739762
2021-07-09	-0.027632790911882057	-0.010746054651519706	-0.010439054344488897	-0.061099171016272706	-0.027632790911882057	21771846
2021-07-12	0.01452481844016414	0.006630849384275333	0.045153078623302735	-0.02399747395011056	0.01452481844016414	24989495
2021-07-13	0.04575153919229568	0.0	0.07998754808628858	-0.0031124182037841667	0.04575153919229568	24727207
2021-07-14	-0.035714168792510013	-0.017559524854733513	0.019345298770553517	-0.049999943452377515	-0.035714168792510013	16419090
2021-07-15	0.09567894471117623	-0.012345739978658045	0.115740733596251	-0.030555615397801533	0.09567894471117623	32683978
2021-07-16	0.023380338028169023	0.00845067605633802	0.10140839436619717	0.00028163380281698763	0.023380338028169023	32102800
2021-07-19	-0.0027526010045362363	0.00853280987983438	0.0597301921425713	-0.003578337265161726	-0.0027526010045362363	20581579
2021-07-20	-0.0030361854816449603	-0.034501794093292855	0.025393375655534192	-0.04278222467568306	-0.0030361854816449603	19122143
2021-07-21	0.06838319679909192	0.02380955215419571	0.0819491440185256	0.015780731333907297	0.06838319679909192	21012410
2021-07-22	0.09613887017362001	0.003368774293858513	0.13760046644208335	-0.020471650686706495	0.09613887017362001	25326282
2021-07-23	0.04018914988626833	0.03427898426191453	0.09172579413063343	-0.03356969346500457	0.04018914988626833	24941865
2021-07-26	0.052727272727272734	0.01772724999999992	0.06318179545454537	-0.03863638636363637	0.052727272727272734	21726882
2021-07-27	-0.09542310017271156	-0.02029358808290156	-0.000431800518134728	-0.14723661485319517	-0.09542310017271156	48402603
2021-07-28	-0.03603825603636004	-0.02147976031122864	-0.010023913602677244	-0.1210023808590749	-0.03603825603636004	27762288
2021-07-29	0.18816546640667145	0.03738556665970696	0.18866053945680958	0.017083511192956386	0.18816546640667145	31288675
2021-07-30	-0.027089038254259644	-0.020004229214243427	0.018962283018867217	-0.05167751399551919	-0.027089038254259644	27676720
2021-08-02	-0.03790963885006724	-0.012636560561931066	0.036838745702264766	-0.0880273524957668	-0.03790963885006724	26441962
2021-08-03	-0.08793404220543367	0.0017809885031606714	0.009572573890141307	-0.1188779215885094	-0.08793404220543367	29940705
2021-08-04	0.11545032669147351	0.01830607717095247	0.1442518881071054	0.01830607717095247	0.11545032669147351	34793660
2021-08-05	0.07177240543167596	0.004376389400954287	0.09737419918218383	-0.014004376061173402	0.07177240543167596	36097228
2021-08-06	0.020008146182115282	0.0004083299305839757	0.0694161086157616	0.0004083299305839757	0.020008146182115282	26147300
2021-08-09	-0.022618034880264967	-0.007205784771933322	0.011409127530206578	-0.08466771586604728	-0.022618034880264967	27234601
2021-08-10	0.024574993873643425	0.010034773293681206	0.069834115509559	0.0034814252106727265	0.024574993873643425	23671266
2021-08-11	-0.029582251240900425	-0.0005996202398484269	0.016590086280033712	-0.05316810020324	-0.029582251240900425	24072565
2021-08-12	-0.048403667320363886	-0.024098826448997447	-0.015859938534705287	-0.07621011485499722	-0.048403667320363886	28184223
2021-08-13	-0.019480562348905592	-0.03354976117857659	0.023376579580593432	-0.043073635431306524	-0.019480562348905592	22312182
2021-08-16	-0.002428256124244052	-0.050772605977320216	0.01942607106900819	-0.079911679468249	-0.002428256124244052	30610747
2021-08-17	-0.05067486281643865	-0.026997079597191335	0.0030980969926553904	-0.06815662908069556	-0.05067486281643865	24629922
2021-08-18	-0.006060675708126949	-0.02097906662102255	0.01864799446862496	-0.04615393724224071	-0.006060675708126949	32866913
2021-08-19	0.03893058252651452	-0.0009381097780983467	0.06003757176448332	-0.040103166981781666	0.03893058252651452	22891759
2021-08-20	-0.011738149249168226	-0.024830655188050894	0.020090293907230123	-0.0388261182579259	-0.011738149249168226	17348753
2021-08-23	0.060301486073583585	-0.01073545022237202	0.06281407178652518	-0.015303746352301188	0.060301486073583585	18589762
2021-08-24	0.030159458429963756	0.030159458429963756	0.11977600688392957	-0.00560099119349387	0.030159458429963756	30435285
2021-08-25	0.12818906315349227	-0.01714763697197826	0.15014638226683397	-0.01714763697197826	0.12818906315349227	40407388
2021-08-26	-0.020945337887945545	-0.002780389197768516	0.06209449375172392	-0.030583910461836703	-0.020945337887945545	34771055
2021-08-27	0.015145759182127976	-0.010791366906474826	0.047330556607345704	-0.012684551306323356	0.015145759182127976	20999874
2021-08-30	0.14901160292822827	0.020514770990577667	0.1878030620627203	0.020514770990577667	0.14901160292822827	29070149
2021-08-31	-0.01736731021965087	-0.012335708288659136	0.005193945703717856	-0.05047883378544332	-0.01736731021965087	22127884
2021-09-01	-0.052857630445034075	0.02163853614736483	0.0403039141013559	-0.1136438864611185	-0.052857630445034075	29720832
2021-09-02	0.08074644227415416	-0.012905510987094594	0.11266130101151021	-0.014126281827694574	0.08074644227415416	23885711
2021-09-03	-0.0453445369478049	-0.01758915575941339	0.05341290861040974	-0.08003877553592423	-0.0453445369478049	22522482
2021-09-06	-0.014536866125760597	-0.022988522650439436	-0.004732910750507042	-0.10074372887085863	-0.014536866125760597	18708082
2021-09-07	0.02881648419925354	-0.016295043161149974	0.05677533545069181	-0.03447681019685786	0.02881648419925354	16249793
2021-09-08	-0.08302767589196394	-0.013004318106035289	0.017005668556185446	-0.11203737912637536	-0.08302767589196394	24743588
2021-09-09	0.014000000000000058	-0.00018178181818187381	0.021818200000000006	-0.03636363636363636	0.014000000000000058	17128020
2021-09-10	0.008427505827505717	-0.0003586157432311839	0.04984757037833955	-0.05002689618074244	0.008427505827505717	19656682
2021-09-13	-0.08090332215848778	-0.016714135251986607	-0.004267460730175595	-0.0910384569331985	-0.08090332215848778	29634470
2021-09-14	0.00019349971355194003	-0.023021842194270507	0.026891140005632426	-0.04333523008967363	0.00019349971355194003	21312106
2021-09-15	0.05899417680862327	0.043133442105736115	0.10232110053537516	0.03655703991185615	0.05899417680862327	25522901
2021-09-16	-0.09461187214611871	-0.0319634703196347	-0.0228310502283105	-0.10210045662100463	-0.09461187214611871	24532349
2021-09-17	-0.0110954206173088	0.0034295339923340056	0.054670143231793346	-0.06031870082711317	-0.0110954206173088	28581941
2021-09-22	0.028967747858017076	-0.02039983680130559	0.07078747450020387	-0.02039983680130559	0.028967747858017076	20514785
2021-09-23	0.013084833724917384	0.035884239410869136	0.04381449333494238	-0.016653469798839624	0.013084833724917384	15589120
2021-09-24	0.04657538342760791	-0.0037181606151922507	0.12954996593150558	-0.02172203607522651	0.04657538342760791	26497729
2021-09-27	-0.028608807030665605	0.026925916230366546	0.028421839940164607	-0.07460729244577412	-0.028608807030665605	18429700
2021-09-28	-0.06256015278998743	-0.004619865166123807	0.03888354111869994	-0.0648700468744938	-0.06256015278998743	19554065
2021-09-29	0.03039012257925825	-0.013552361118021407	0.07002053244311014	-0.015811108504905382	0.03039012257925825	19245485
2021-09-30	0.06735753288162614	0.010362714228776417	0.09007574730968515	0.0003985850936628259	0.06735753288162614	18313523
2021-10-08	-0.07281555129171867	0.006348039463255441	0.03696788579223508	-0.08513817988913032	-0.07281555129171867	20201154
2021-10-11	-0.027990334273056656	0.019130104712041893	0.023157490938381056	-0.04933550140958504	-0.027990334273056656	13531483
2021-10-12	0.03791170499274904	0.002693225605966387	0.05821425315931214	0.0006214833229748613	0.03791170499274904	18913116
2021-10-13	0.13772459631635117	0.017964112493577357	0.15768467695348012	0.005988104031461264	0.13772459631635117	27784448
2021-10-14	0.027192964912280695	-0.010526280701754374	0.06052633333333334	-0.010526280701754374	0.027192964912280695	24196801
2021-10-15	0.015713100182973595	0.00973526916712672	0.03586683238030458	-0.013492758556665332	0.015713100182973595	13075941
2021-10-18	0.07953583185579553	0.008912039534016428	0.08525306734062439	0.008912039534016428	0.07953583185579553	25145011
2021-10-19	-0.012616791866828174	-0.0031152182141067114	0.015264844950070803	-0.04906539170087495	-0.012616791866828174	17943600
2021-10-20	0.0616817173320984	0.006467897246693387	0.11389812452907584	0.006467897246693387	0.0616817173320984	26656917
2021-10-21	-0.04799409890070897	0.0	0.010401143667110924	-0.062258570775992485	-0.04799409890070897	18746808
2021-10-22	-0.022007179647260757	-0.001092555017949012	0.027782082097705735	-0.04245359762759473	-0.022007179647260757	17392113
2021-10-25	0.06447489626556016	0.042451324609000904	0.10916054899457395	0.030641589530801098	0.06447489626556016	22457739
2021-10-26	0.007046492071056774	-0.0010494753095715008	0.02053977603627174	-0.019939940926833915	0.007046492071056774	13380768
2021-10-27	0.0582105719282586	0.009081450322508523	0.08322173837194387	0.009081450322508523	0.0582105719282586	16020285
2021-10-28	0.012943134132157268	-0.019836859318039787	0.03404611609324388	-0.025464335242984235	0.012943134132157268	15516141
2021-10-29	0.08750004166666672	0.0	0.10472223611111116	-0.08333333333333333	0.08750004166666672	29613645
2021-11-01	-0.05491702216154454	-0.016602847384309855	0.08556828535498263	-0.055044761620251834	-0.05491702216154454	37100522
2021-11-02	-0.00689191891891892	-0.011351297297297287	0.021621594594594586	-0.04310813513513523	-0.00689191891891892	23542376
2021-11-03	-0.05429307536516738	-0.010749775772207855	0.009797265200633103	-0.08831131006426207	-0.05429307536516738	28572613
2021-11-04	0.002877654676258938	-0.0002877266187050877	0.06258989928057553	-0.007194244604316547	0.002877654676258938	17982370
2021-11-05	-0.0014347059441049451	-0.003299799281196524	0.02883790654969469	-0.05308460773678364	-0.0014347059441049451	18368592
2021-11-08	0.041522989698936495	0.012931063589973101	0.06077592128666432	-0.00632175305522277	0.041522989698936495	16567793
2021-11-09	-0.04538558547070182	0.04428195735361996	0.04828252305925019	-0.06331902506053316	-0.04538558547070182	29008914
2021-11-10	-0.019364104885727082	-0.019942154043735047	0.0	-0.035260044881215764	-0.019364104885727082	17523339
2021-11-11	0.027704052052696007	0.025935779163928988	0.06955497981793422	0.0011789124494709334	0.027704052052696007	21486578
2021-11-12	0.053914569943061944	0.032406109331979044	0.06538579195256077	0.004588471597030921	0.053914569943061944	20126859
2021-11-15	-0.03673465306122444	-0.014149673469387806	-0.012244925170068036	-0.06272110204081628	-0.03673465306122444	16658679
2021-11-16	-0.03559327532796856	-0.018361623515750467	-0.005508460218568113	-0.05663844392774955	-0.03559327532796856	14676229
2021-11-17	0.057996471265326116	0.014499092186571354	0.09094902007833942	0.003661394312557034	0.057996471265326116	20546808
2021-11-18	0.02934666471059422	-0.00013835825410742024	0.042774142933946276	-0.05537098713651681	0.02934666471059422	23709696
2021-11-19	0.10005381791213272	-0.004841325916603967	0.10650884741112372	-0.01828941610692013	0.10005381791213272	32821635
2021-11-22	-0.006723752809642364	-0.021271453987599616	0.009168703820218687	-0.03520788379433185	-0.006723752809642364	18432479
2021-11-23	-0.03446157538461543	-0.015384615384615385	0.02436926769230765	-0.05600003692307697	-0.03446157538461543	16226387
2021-11-24	-0.06972586627377436	0.008540548446419964	0.011599796492025369	-0.07966858175915546	-0.06972586627377436	23679385
2021-11-25	-0.05426152147458795	-0.015072704231047968	-0.0013703205794605596	-0.05426152147458795	-0.05426152147458795	19032354
2021-11-26	0.03767032907868705	0.0	0.03853959889334685	0.0	0.03767032907868705	13861217
2021-11-29	0.01605688287949397	-0.009215358452302784	0.043283969144765316	-0.014521096850554499	0.01605688287949397	16212297
2021-11-30	0.0049470937864680604	0.0006871375850130869	0.025147740489806475	-0.013329586917531408	0.0049470937864680604	11970707
2021-12-01	-0.029126173764235257	0.025434173065807687	0.04198003727526466	-0.041569822572261335	-0.029126173764235257	24499068
2021-12-02	-0.042394394366197186	-0.00845067605633802	0.013802859154929526	-0.05746481690140835	-0.042394394366197186	25350112
2021-12-03	0.052360716351249253	0.004559567717592871	0.06633331567387309	-0.016767172136113322	0.052360716351249253	27667358
2021-12-06	-0.02012581327215328	0.006289265983678522	0.018728105434181453	-0.021663213626979216	-0.02012581327215328	15724972
2021-12-07	0.0396519463749545	0.019112765381361203	0.04093570045734274	-0.018684894898232753	0.0396519463749545	20837740
2021-12-08	0.03169156306340453	0.006996885814197878	0.05816981833131867	-0.013856523718706595	0.03169156306340453	26457048
2021-12-09	0.010638338190359288	-0.015558484663237322	0.027792607491726466	-0.027127567571578436	0.010638338190359288	22324266
2021-12-10	0.06723685526315785	-0.018552684210526325	0.10276313157894727	-0.02394736842105254	0.06723685526315785	54878059
2021-12-13	0.04968558686123067	0.011096054603673388	0.0763161376363441	-0.005054913018679419	0.04968558686123067	24858099
2021-12-14	-0.029833227975490154	-0.0029363401801308455	0.009866149986682443	-0.04909560781178782	-0.029833227975490154	17695402
2021-12-15	-0.007263898480966057	-0.007263898480966057	0.019975811621690362	-0.013317167392667483	-0.007263898480966057	10312458
2021-12-16	0.018048817073170687	0.00012197560975609837	0.03817069512195126	-0.013292634146341456	0.018048817073170687	10667268
2021-12-17	-0.035697207629472615	0.005510289691772178	0.01940578511958131	-0.05366558264258803	-0.035697207629472615	12943314
2021-12-20	-0.0946584223602484	-0.06782607453416145	-0.0573913416149068	-0.096894447204969	-0.0946584223602484	27464949
2021-12-21	0.05241493080742022	0.008507176530207553	0.0702525138687917	-0.01372118607524092	0.05241493080742022	19605034
2021-12-22	-0.020208540555744683	0.0014341721551827038	0.015384615986360558	-0.025162973604809825	-0.020208540555744683	9968638
2021-12-23	0.04923480906893387	0.0031935727692994935	0.06427146868206332	-0.005988090326331653	0.04923480906893387	12525452
2021-12-24	-0.049841472411958625	-0.0031705771254426666	0.009384882926693289	-0.06150917086897072	-0.049841472411958625	11496613
2021-12-27	-0.013881487289948988	-0.009610264538448205	0.02749606320064223	-0.05192203822536144	-0.013881487289948988	13022135
2021-12-28	0.052652952868961274	-0.005143435509343659	0.05278833457451278	-0.020303195193686865	0.052652952868961274	16669760
2021-12-29	-0.014401376407408155	0.0	0.013244259222486536	-0.04577598222101008	-0.014401376407408155	11531984
2021-12-30	-0.015264174422330794	-0.007436399023186032	0.02087407642859552	-0.024918512069967078	-0.015264174422330794	12628881
2021-12-31	0.04531000084883415	0.04663482856512345	0.08002111499651116	0.03312135533433935	0.04531000084883415	17798053
