2018-11-05	0.0	0.0027999229427427066	0.0027999229427427066	0.0027999229427427066	0.0027999229427427066	0
2018-11-06	0.2615130667468905	0.3359670026046407	0.3359670026046407	0.2534999036784283	0.2650452975280981	381228057
2018-11-07	-0.040417154338633056	-0.044267540240128106	-0.011581751602649588	-0.0834904866051023	-0.03773038251263231	232851445
2018-11-08	-0.07608703649456029	0.008249936984378953	0.013699936643753978	-0.08712505705468394	-0.07350005790624643	238808494
2018-11-09	-0.024999952072057692	-0.019320564641300553	0.014597671468849884	-0.035542329737459535	-0.022269976476965884	139903711
2018-11-12	0.045248815395263646	-0.006275138062717395	0.07237584035545407	-0.02291284503579219	0.04817553930370896	187938479
2018-11-13	0.018759016879743552	-0.017458560338029037	0.08528141347051284	-0.024693769761165763	0.021611570546909365	237292790
2018-11-14	-0.04249272792430192	-0.018505921704612332	0.007061217816830432	-0.04691385450621547	-0.03981187130581472	152531167
2018-11-15	0.03846137870735533	-0.012034488006899774	0.05917023357818846	-0.017968214805657138	0.04136905318191637	166129090
2018-11-16	0.004273613546884998	-0.0029139767604674234	0.051368643415896795	-0.022912836825443803	0.007085453272020639	201738595
2018-11-19	0.0	0.00279987414505974	0.00279987414505974	0.00279987414505974	0.00279987414505974	0
2018-11-20	0.12624098262439418	0.1464634022140684	0.21473913832607228	0.10948071182006609	0.12939446818606737	263029177
2018-11-21	0.026448408212856156	0.02300756646707485	0.06215970789976544	-0.03761510413838138	0.02932242798847664	282616791
2018-11-22	-0.07975458839429442	-0.013195617112024651	0.0027999651542393845	-0.08456052260766367	-0.07717794617708036	200257795
2018-11-23	-0.07600006899263663	-0.011907781446837185	0.008148217576569416	-0.08143524472797985	-0.07341284511861727	151371173
2018-11-26	-0.002885980334700879	0.0028000260467538236	0.014376361123772637	-0.026140811645793082	-9.405772250081562e-05	89968016
2018-11-27	-0.01736614506554183	0.011507384003903226	0.012958614110078221	-0.0291270589689938	-0.01461475790724488	80874471
2018-11-28	0.016200315431556245	-0.00015374297689243585	0.048583223761309274	-0.01344564299640197	0.01904566816239926	130165099
2018-11-29	-0.09999994186666715	0.007159991942719972	0.010066658586133372	-0.09748000722016	-0.09748000722016	143581927
2018-11-30	-0.012882507212973548	-0.023037107957306298	0.006029556599335929	-0.07148154888504314	-0.01011859037657645	136991123
2018-12-03	0.016313249196287665	0.05187665920046896	0.05351254825054756	0.010979432948506713	0.01915887819889928	114349884
2018-12-04	0.040128255377575105	-0.008467462521760161	0.04625998272866214	-0.016515616235057536	0.04304072124334325	104772997
2018-12-05	-0.03549370727460292	-0.029698048841936164	-0.011127676570968418	-0.03743570395483936	-0.03279311088709739	75611332
2018-12-06	-0.006399949683508222	-0.014849301626028131	0.022053737563876425	-0.018058261555584973	-0.003617941872578893	70277030
2018-12-07	0.003220586432875906	0.006029556599335929	0.025407332970430553	-0.0020445168886203324	0.006029556599335929	51761419
2018-12-10	-0.03531304501090929	-0.018125246977717124	-0.006857831779100716	-0.040660077374949796	-0.03261192366165242	55150054
2018-12-11	0.001663880462235789	0.009474207433434348	0.012811312251396192	-0.005542764247393577	0.004468550206491657	36585189
2018-12-12	0.008305582814206609	0.006131572358767174	0.031118283592842577	0.0011342301119520637	0.011128914605582284	52825658
2018-12-13	0.018122100738949695	0.004452134964664945	0.039145383047326066	-0.02198081595545784	0.02097272928974161	87068158
2018-12-14	-0.03883512947558271	-0.0036907254802852397	-0.00044541839715905775	-0.044257064019361574	-0.03614379631154619	60462548
2018-12-17	0.0067341232606735945	-0.007329219264430999	0.019682230551502877	-0.007329219264430999	0.009552936870527747	31732496
2018-12-18	-0.015050216297913994	0.0011230353379662165	0.01118457338156395	-0.029061578792826687	-0.012292348720163996	40682148
2018-12-19	-0.0067911182905614495	0.004502555011837802	0.013015288528887245	-0.007415271912031508	-0.004010178505211791	29006651
2018-12-20	0.05982893089868356	-0.005770985174674072	0.10393704404743095	-0.007485173131269425	0.06279653308914157	113885192
2018-12-21	0.03225829930282759	-0.011756698704511601	0.03838330512553766	-0.013374118182900399	0.035148466168760356	145203656
2018-12-24	-0.026562601112387115	-0.005034525301972112	0.007500472804459747	-0.03637202056805162	-0.023837022461619763	98911989
2018-12-25	0.03691816878748937	-0.018125246977717124	0.044650351986002694	-0.04226970811760924	0.039821459758024216	136952003
2018-12-26	-0.020123990156416593	-0.012723295678661924	-0.00030472078153816423	-0.02979883616220713	-0.01738026126508337	93351994
2018-12-27	-0.028435798220148727	0.02973151730939069	0.039236731315323466	-0.02888396906052849	-0.02571556439188414	97914444
2018-12-28	0.013008026149106693	0.004430418653446893	0.05497805335840925	-0.005352994515255592	0.015844400683599744	89665935
2019-01-02	-0.02086677005861467	0.004409583419515691	0.012457737132813064	-0.04709860034558772	-0.018125246977717124	75475146
2019-01-03	0.014753981937764617	0.004443883314855538	0.060337650962490684	-0.002131854055454487	0.017595358055475588	109380287
2019-01-04	0.0	0.0028000640236809982	0.0028000640236809982	0.0028000640236809982	0.0028000640236809982	0
2019-01-07	0.17932154986556964	-0.02150042218044703	0.21340427779279006	0.14536291642123175	0.18262366193422788	295455785
2019-01-08	-0.012328807957891232	-0.01780546971083776	0.013789599095666693	-0.04527944258605911	-0.009563277848271419	197108932
2019-01-09	0.02773931315567968	-0.011108409778872072	0.08346912627603183	-0.0236260248449624	0.03061697377476199	213524709
2019-01-10	-0.028340129186622265	-0.012086378836454314	0.02445289208329333	-0.03509258645259167	-0.02561944214006448	163217556
2019-01-11	0.018055693285808028	-0.011127737783388594	0.041797819912711844	-0.015306071285712215	0.020906152401093246	138593294
2019-01-14	-0.015006839013266788	0.03289758280076399	0.0561548793671388	-0.01772123913781651	-0.012248934063375374	131100537
2019-01-15	0.07479220721679822	-0.006922513983294881	0.10280213132484456	-0.012478192226744985	0.07780157922931905	235011666
2019-01-16	-0.02963907084381097	-0.019168598714994566	-0.008830454827932576	-0.038552618503235714	-0.026922206630291	131878099
2019-01-17	-0.023904457811557756	0.0027998491405486713	0.01079028618549323	-0.033157117561702136	-0.02117146199428524	109114107
2019-01-18	-0.019047741189754608	0.004164280184755365	0.009621694750976866	-0.034037621778795144	-0.016301024438575295	95350117
2019-01-21	0.009708940414483369	1.8359168763694566e-05	0.020881050945580664	-0.008326717541963192	0.012535974234853902	59846382
2019-01-22	0.005494461597035828	-0.005464983689350327	0.042746547572246336	-0.02061717922870918	0.008309739528248773	101002335
2019-01-23	-0.0027323557221652314	-0.0026798868206064468	0.012389510493917278	-0.020489174555952745	6.000360021600453e-05	61353566
2019-01-24	0.052054799036817444	0.020658092314472	0.10308001094013591	0.01104220180814462	0.05500055840849865	250752407
2019-01-25	-0.05208318643880119	-0.011563015273375247	-0.005034369403318304	-0.0520406196677285	-0.04942916131970566	164450802
2019-01-28	0.005494461597035828	0.02208446274584775	0.0386141306069666	-0.015107289941669563	0.008309739528248773	114983582
2019-01-29	-0.02595635190166205	-0.013639448503896496	-0.0013099416101952212	-0.06432742128911294	-0.023229064976775318	86439944
2019-01-30	-0.018232816115459516	-0.007045197164818718	0.019677382514881686	-0.023922615909892513	-0.015483906537355615	54896103
2019-01-31	-0.022857106019593256	0.0056651034925373055	0.024288531334991814	-0.028716609447378406	-0.02012118121239951	73725987
2019-02-01	0.045321571839032335	0.02772331284044244	0.052646702738142176	0.01746074052962499	0.048248457462077614	69328493
2019-02-11	0.02377631753892972	-0.002810083988355638	0.035057887505757376	-0.009822671302080381	0.02664278272928786	84628736
2019-02-12	0.004098328091466317	0.0014299488106272302	0.020609181756384876	-0.01637933892471907	0.006909729652272254	88726241
2019-02-13	0.035374142606062864	-0.006750548947687637	0.09011855960274391	-0.010843609872353794	0.03827312122363972	164339912
2019-02-14	-0.015768864234857127	-0.016966162552156192	-0.0011532858103678067	-0.02355486119456799	-0.013012943366709067	93562234
2019-02-15	-0.005340412468138603	0.00012237106387580213	0.03493252052526916	-0.009249592252653075	-0.0025553327408467	96235331
2019-02-18	0.06979865121376493	0.009530234622902712	0.10375305652104021	0.008184194310072205	0.07279412932593791	172490360
2019-02-19	-0.0025093907127883334	-0.012298581258132907	0.034255498351356495	-0.014815017993780922	0.0002836024201075067	165758160
2019-02-20	-0.002515703596028223	0.006584170492653655	0.014152472526432845	-0.02242765397016724	0.0002772521311707737	84978240
2019-02-21	-0.01891548887195501	-0.03387238364674737	0.04073694798262695	-0.06422194227564527	-0.016168474446556804	189635066
2019-02-22	0.10025705449805421	0.0066668153251037525	0.1033377642999858	-0.026845780319521954	0.1033377642999858	226758265
2019-02-25	0.0	0.0027999909560562026	0.0027999909560562026	0.0027999909560562026	0.0027999909560562026	0
2019-02-26	0.14836437581148018	0.15978036337207432	0.21366914793279684	0.14220793362401254	0.15157989615631215	254365443
2019-02-27	0.04577838505727884	0.004840372180632071	0.08543163045704834	-0.03596532821249008	0.048706500103238314	261215579
2019-02-28	-0.09922178627738514	-0.04597437768118511	-0.029391110217565637	-0.09767515271482226	-0.0966996663934329	138106464
2019-03-01	0.042116514306413964	0.015795181903684744	0.07535673308140602	-0.019941748802948092	0.045034488845475194	139201819
2019-03-04	0.05181358726516678	0.027740151126643228	0.10359963649797266	-0.017983374302651445	0.05475859797122634	227394546
2019-03-05	0.01182266545210958	-0.031779372158321814	0.032439342953626084	-0.04067119425074538	0.014655698768778959	167448890
2019-03-06	0.10029210087561918	-0.0040351224084774675	0.10337285458668688	-0.014775920107993832	0.10337285458668688	226148895
2019-03-07	0.09999992013097811	0.03119781613245965	0.10307993584565181	-0.010511561972725797	0.10307993584565181	206386631
2019-03-08	-0.09975867452265963	-0.09723795960289128	-0.01736893190019799	-0.09723795960289128	-0.09723795960289128	193917349
2019-03-11	-0.005361798874515937	-0.03304624933516331	0.01624240338639934	-0.08681568866777699	-0.002576900380015381	119209697
2019-03-12	0.05211126772288917	0.016314734653557327	0.09740367624825609	0.0009979345745586867	0.055057228971024635	159103154
2019-03-13	-0.01707937183782935	0.006225495733047245	0.0361981700740316	-0.05628893932100594	-0.014327195243627782	135435006
2019-03-14	-0.03822758977238088	-0.03292093945719162	0.02196733154658946	-0.05208827218867061	-0.03553466664784781	101001073
2019-03-15	0.015356789793652246	0.023635007628798405	0.06621097697265098	0.0018940871127885095	0.018199777499795892	103871519
2019-03-18	0.0	-0.018612110540676855	0.006368672100105857	-0.08463275037703134	0.002799988865708395	99229163
2019-03-19	-0.01067616198110449	-0.0061217192202854195	0.018859063420497296	-0.016827768923478124	-0.00790606083748431	71040847
2019-03-20	0.020683471322039345	-0.005316192667818662	0.028050353906334386	-0.017039573896575018	0.02354136112604338	84488917
2019-03-21	0.009691553747119008	0.007217597611091999	0.05934552590850815	-0.010452886557523744	0.012518742861676738	129390315
2019-03-22	-0.024432706997488094	-0.015575864930358342	0.0001749212307558986	-0.04357726255011706	-0.021701170659680583	72450921
2019-03-25	-0.05277284051785376	-0.026799694029411594	-0.001684847423718888	-0.051914540635104145	-0.05012062302041185	72423898
2019-03-26	-0.029272858276333632	0.0046938425145716094	0.017950877194311536	-0.03886498571885931	-0.026554882087672378	59178982
2019-03-27	0.007782039677516	0.009628342638009652	0.030113555387186745	-0.01280784275394616	0.010603828959399013	51328236
2019-03-28	-0.025096425124476452	-0.011719305439038045	0.0134474899170687	-0.031078378789889508	-0.02236679578200641	49088479
2019-03-29	0.08217816080541722	0.012728608590321457	0.0901725610119344	0.009749995035644105	0.08520820508747196	106780799
2019-04-01	0.022872830103302006	0.006469848750610336	0.05142611364466679	-0.018301970680808636	0.025736819419491578	111606347
2019-04-02	-0.01967802049084441	-0.001684847423718888	0.017151287530550483	-0.026799694029411594	-0.016933147148603677	85873452
2019-04-03	0.021897820904682848	-0.010924480927494847	0.033908729465245924	-0.019159152224120686	0.02475909469121707	90365894
2019-04-04	-0.018750120873209545	0.009067460502216528	0.009067460502216528	-0.02406075248676478	-0.016002538516472025	72842560
2019-04-08	-0.03366689134620029	0.008274880003883532	0.015574607641920705	-0.04647307728139534	-0.030961156050566367	53031614
2019-04-09	0.01318275973393517	0.009409795543054444	0.03396045474241777	0.0018557465586349457	0.016019588404421525	40443271
2019-04-10	-0.012081688677783276	0.0037318882079395974	0.012119619864273342	-0.03261494896950657	-0.009315694368579468	52934812
2019-04-11	-0.03198516346816289	-0.0075772233689903965	-0.00286038507701785	-0.02927467951206384	-0.02927467951206384	32252475
2019-04-12	0.0009719071756044628	0.008647274391430012	0.020341735543794516	-0.0010981099022069583	0.003774582244611614	26049000
2019-04-15	-0.008737892529247383	0.02421898191270166	0.03200771941774123	-0.006935968107456592	-0.005962375919326496	28705096
2019-04-16	0.004897219385921035	-0.01782567820119099	0.016550423061767294	-0.03255829302817316	0.007710854165578027	48339651
2019-04-17	-0.020467869694262397	0.000845147264491788	0.000845147264491788	-0.025544324391896137	-0.01772522167889229	42470305
2019-04-18	-0.01194030416668865	0.0057933898819380525	0.010782444395241387	-0.01216720636595367	-0.009173773657971776	34685110
2019-04-19	0.0010069404260072154	-0.004269120406080544	0.021987474796193174	-0.004269120406080544	0.003809831963849845	35479834
2019-04-22	-0.008048126332631982	0.01793286989980569	0.020959429473343203	-0.009306166262032478	-0.005270753497315793	32887176
2019-04-23	0.031440014563990454	0.0017828683942080611	0.050600713757580684	-0.013472708281845906	0.03432809863645647	65176403
2019-04-24	-0.007866113473382829	-0.009032398527136117	0.007730237517678489	-0.011990510770338806	-0.005088248869532762	32537044
2019-04-25	-0.03270568727670559	0.006775309615708057	0.02367084788171697	-0.03496660845325515	-0.029997332492664397	55880409
2019-04-26	-0.05532784211326109	-0.023914004152372582	0.0027999283655624624	-0.05473777244229773	-0.05268285455630259	50231434
2019-05-06	-0.17028205759312584	-0.12880399144813992	-0.10161310478921794	-0.1679588682369875	-0.1679588682369875	48616913
2019-05-07	0.0470588466620525	0.00935422303320124	0.06440990792592118	-0.02341701797437023	0.04999056188258981	58563363
2019-05-08	-0.023720287669629355	-0.02975035789692444	0.0015480176547876762	-0.04226970811760924	-0.020986812742445012	34766981
2019-05-09	0.005115048846100413	-0.010023638891503515	0.03614106188557668	-0.011305991690866825	0.007929300299583282	43213553
2019-05-10	0.040712528900668545	0.015558198501822051	0.0551088318605613	-0.00868251226643757	0.04362638991770152	60705174
2019-05-13	-0.018337507375421492	-0.015588879513350412	-0.00455562909693717	-0.025396213216828764	-0.015588879513350412	28119383
2019-05-14	0.019925248317874945	-0.013434647350965808	0.03526921183044206	-0.013434647350965808	0.02278104280956825	49211909
2019-05-15	0.006104958264418758	0.006473263809131545	0.017493044069815448	-0.0057709364805174305	0.008922103867061253	48667465
2019-05-16	-0.010922245025917047	-0.0032849003625657546	-0.0008509196552702687	-0.015454803899042321	-0.008152861777156295	28216649
2019-05-17	-0.05521478129609492	0.0027999651542393845	0.005260823964433784	-0.07102579915159425	-0.05256935807513582	37313900
2019-05-20	0.010389659438692451	0.00019535065442469974	0.0314514553623755	-0.025851403268867517	0.013218727616070925	27237644
2019-05-21	0.010282824395158872	-0.0010668605928867512	0.02342311314741672	-0.00493369855188206	0.01311154525676264	26430757
2019-05-22	-0.01653956453987175	0.004075756558962272	0.004075756558962272	-0.027819915504537163	-0.013785819796597371	22608175
2019-05-23	0.01423042036132977	-0.007578210620703314	0.0495022583109163	-0.007578210620703314	0.017070173690677846	39730459
2019-05-24	0.03316313021945194	0.00024174640674029803	0.036056028886776954	0.00024174640674029803	0.036056028886776954	54157981
2019-05-27	0.0	0.0028000405576905705	0.0028000405576905705	0.0028000405576905705	0.0028000405576905705	0
2019-05-28	0.13456796588697106	0.10927016832060601	0.18602770228921928	0.09193782194059648	0.13774473737347856	127779048
2019-05-29	0.030467987874740705	-0.007020691069951532	0.06827114664012901	-0.014658993446336551	0.03335319291951209	110337169
2019-05-30	-0.03379096800263552	-0.024732095177252517	-0.016260712724937846	-0.0437927056949611	-0.03108563201648871	70938196
2019-05-31	0.008742990811941331	0.010471642570973123	0.034582679595443075	0.003895905200663049	0.011567598799358102	74524064
2019-06-03	0.014084615687987696	0.037566761445583775	0.08537088448600852	0.01040532789988787	0.016924071950854748	95939998
2019-06-04	0.006410313412503946	-0.025055537014945017	0.02208463482169495	-0.04005468259933035	0.009228224320793212	69875670
2019-06-05	-0.003184688287828718	0.021961744991163126	0.05176896255340551	-0.015297276961639659	-0.00039366818051846873	84576619
2019-06-06	-0.0021300154147116924	-0.017491009508764855	0.024158828131624524	-0.01855895406364661	0.000664047924225353	56730604
2019-06-10	-0.02988247761599447	0.0038702515893631454	0.004940475738179075	-0.07853700786946531	-0.027166248726299563	56799904
2019-06-11	0.07590742910348146	0.003903086946832848	0.08112640132735857	-0.01154157592927214	0.07892002091648627	101643335
2019-06-12	-0.016359790712143857	-0.011554963491105751	0.02330720584634486	-0.01873246894293385	-0.013605679334485338	94742767
2019-06-13	0.03950083080201066	-0.011793844351275971	0.06013255305353617	-0.014921079021050533	0.042411556591481	108630337
2019-06-14	-0.018999853290342598	-0.00722788241607041	0.01784212055322074	-0.027283884791503437	-0.01625308348501521	85643224
2019-06-17	0.005096902063651929	0.0017777466113589875	0.0191555238484948	-0.007422253102418784	0.00791107975387738	37903678
2019-06-18	-0.00038596608990418627	0.017038445070262028	0.026191791075894373	-0.00126824694100266	0.0017828683942080611	41729144
2019-06-19	0.027411222774178578	0.10187792352478839	0.1028953546637771	0.02251829468366796	0.02964031265658888	114051681
2019-06-20	0.09980242800347112	-0.020606964227198942	0.10218852256332416	-0.022587536594788158	0.10218852256332416	183086665
2019-06-21	-0.013477244763033766	-0.006834652376370999	0.03458475468680853	-0.020340980766538085	-0.011336761839759974	154092089
2019-06-24	-0.022768602478882228	0.022249628247970003	0.02681324265979136	-0.034339190458613986	-0.020648347223150065	95366700
2019-06-25	0.0754893399223108	0.004037632264445714	0.1002384472628065	-0.011840172152759468	0.07782272337969327	140336920
2019-06-26	-0.09878682767033693	-0.06817332531945024	-0.04733097658475013	-0.097699986026942	-0.09683155482966285	110965247
2019-06-27	0.027884501880754264	0.011805846985083565	0.07251419780418865	0.006024099288025897	0.03011471469243265	89091685
2019-06-28	0.014031969682538184	-0.002517705310730609	0.03591911243575441	-0.004392672030071467	0.016231961882676643	67699036
2019-07-01	0.04704788493688327	0.044697039245384915	0.07797942279656526	0.019735251581999486	0.04931959251638209	113779785
2019-07-02	-0.022907478640100853	-0.012840839215966123	0.00305259986642438	-0.030500215974177756	-0.020787558757161373	67333035
2019-07-03	-0.018935945275936002	-0.0005413884757361412	0.001265950785609686	-0.0375918433333264	-0.016807441827848907	54552800
2019-07-04	-0.007352958785959961	0.006775145383673411	0.020591821669817177	-0.02362154244584281	-0.005199307397651067	46815597
2019-07-05	-0.010185290952570647	-0.009893548245511903	0.006809278494488807	-0.014533222339956619	-0.008037678607734083	28265199
2019-07-08	-0.0018708417925580652	-0.006267638749412159	0.02466931211970992	-0.012830022267104748	0.00029474476828042885	58257232
2019-07-09	-0.04311151602813966	-0.004405038086203574	0.011562050925621457	-0.07860503996468456	-0.04103541876039031	70981683
2019-07-10	-0.030362304444411358	0.00020651957970509491	0.00020651957970509491	-0.03414797324197267	-0.028258631615399286	39663896
2019-07-11	-0.006060595017415489	0.015329347330503753	0.022415394619948972	-0.018076304176880727	-0.003904209597990287	38924151
2019-07-12	-0.008130100345279983	0.0001326041395713365	0.006243393981564695	-0.011070510570749668	-0.005978185702422021	26530321
2019-07-15	0.0307376491587167	0.00319636639606377	0.046322515207358216	-0.01323264267490556	0.03297394533719575	47165197
2019-07-16	-0.004970103766394521	-0.0008189698154683683	0.010139147165618341	-0.008788509438076804	-0.0028113547211204327	26400780
2019-07-17	0.0009988656762442785	-0.006840983427660035	0.01418355220542386	-0.007842151791140195	0.0031707002071417432	22386084
2019-07-18	-0.01796394129526139	-0.004831517975993457	-0.0008308406613239907	-0.0168335499200015	-0.015833380591334177	24295570
2019-07-19	0.026422749737286977	0.010317253876226812	0.03476041324420007	0.009298788902561283	0.028649623402206705	37305271
2019-07-22	-0.030693079622370605	0.012092019009469478	0.020029995629151597	-0.029582358243861614	-0.02859011116640137	32843880
2019-07-23	0.0	0.002169558900033381	0.01342989102250579	-0.00806710666585048	0.002169558900033381	18946800
2019-07-24	-0.0010215168568195045	0.010358891352740505	0.017524557248859263	-0.003972440439496826	0.001145892343445013	25451500
2019-07-25	-0.021472457704189197	-0.0009045144462546718	0.0011449121907786083	-0.02754706072768786	-0.019349354179554558	37036252
2019-07-26	-0.0407521780959217	-0.005160702674892547	-0.005160702674892547	-0.044954274567896926	-0.038671079005843566	42555380
2019-07-29	0.006535717244968502	0.010903014772611838	0.010903014772611838	0.0010778234843251287	0.00871963893077039	19474141
2019-07-30	0.01731616991115494	0.002169740872961361	0.035792318759391935	0.001085141586302335	0.01952332945950616	32929106
2019-07-31	-0.008510658713278201	0.001103452687467096	0.001103452687467096	-0.012756339522263628	-0.006359512348541741	15448627
2019-08-01	-0.012875621396235114	-0.008583281638801009	0.0053954790322353115	-0.01826088518028775	-0.010733860203575989	17058427
2019-08-02	-0.029347777067786584	-0.030509749259320356	-0.01743797059764836	-0.0424922130325199	-0.027241804593902408	26934300
2019-08-05	0.004479350423486767	-0.004563855881944741	0.03134815833651952	-0.010175108103579657	0.00665864856132549	26426400
2019-08-06	0.032329968300381866	-0.02799605969713032	0.07143882614994493	-0.03916851878107131	0.03456971117293951	63509590
2019-08-07	-0.03995680497509025	-0.011899735853634654	-0.011899735853634654	-0.04436743347071136	-0.037873893947295977	43671420
2019-08-08	0.0033745722178746074	0.032606698370848786	0.04275239737230907	0.004424201144570161	0.005551501033621282	33083107
2019-08-09	-0.019058412219548314	0.00778714996108737	0.012281184074626125	-0.020300563248530447	-0.01693003766337638	23338700
2019-08-12	0.024000075134095984	0.01018708389912969	0.02736713634639384	0.01018708389912969	0.026221799516576258	26745001
2019-08-13	-0.014508866405192899	-0.015726234094751053	-0.0045413049367369	-0.02020020575795683	-0.012370755347346865	14899225
2019-08-14	-0.0045300789341908895	0.018059027902308206	0.023733827388943023	-0.002370250249577746	-0.002370250249577746	19858400
2019-08-15	-0.013651739773366107	-0.030893960417148862	-0.002390841605888534	-0.041155083189202565	-0.011511839625491847	26160093
2019-08-16	0.0	-0.0024541016186018436	0.022975805408502033	-0.004765911348338728	0.002169517840871513	25160690
2019-08-19	0.06343709929835423	0.021819900543633693	0.06921200000323663	0.007949042165213416	0.06574428540863161	63723854
2019-08-20	-0.01626905969974038	0.0021695557845401855	0.01303907374315772	-0.020656431928556807	-0.014134721153386211	43553699
2019-08-21	-0.007717811128922506	-4.02193768117354e-05	0.005484420295139463	-0.009984570786324089	-0.00556485904876313	23763698
2019-08-22	-0.0011110721378451308	0.008850828710825607	0.008850828710825607	-0.006738477693094498	0.0010561755088655542	15518413
2019-08-23	-0.0022246159845280755	0.0021696582935893365	0.012202502481178091	-0.0056336649634241825	-5.98626369858979e-05	16694099
2019-08-26	-0.015607590166493098	-0.02576156788034196	-0.005651141529248138	-0.03134779742231256	-0.013471862888006891	16694359
2019-08-27	0.013590009810593374	0.004439509134384238	0.03621838625954003	0.004439509134384238	0.015789108107654076	30145815
2019-08-28	-0.016759747135250597	-6.987193728010272e-05	-6.987193728010272e-05	-0.016866010706530758	-0.01462652553729719	20603046
2019-08-29	-0.006818283536323846	-0.00010807487892257553	0.005586070480536945	-0.009218707454057687	-0.0046633911664900295	17556499
2019-08-30	-0.012585714747649392	0.010196216568639813	0.017076099995894874	-0.013883375426753514	-0.01044343371312578	17615026
2019-09-02	0.019698729009743808	0.004492111949891136	0.030039888207576096	0.004492111949891136	0.02191105030740374	22234176
2019-09-03	0.0022726472958675115	0.0033084123367532175	0.009002557696212535	-0.0058022202383818935	0.004447241408645081	19306999
2019-09-04	0.020408128482241345	-0.002375323901348877	0.03398457317741749	-0.005784064252483148	0.022622105340303046	43869090
2019-09-05	0.043333483658787836	0.017759003798779923	0.10238666713434584	0.017759003798779923	0.04559705094863714	92732336
2019-09-06	0.003194882382222136	0.011775011974805615	0.018178651291101716	-0.009570452412848625	0.005371372658509324	46916220
2019-09-09	0.010615656590748996	0.02983028971317632	0.03727740957680469	0.006425055856058797	0.012808301453454381	51469096
2019-09-10	0.01785714661678276	0.0011169138228875523	0.039014084062239704	-0.013620874603527256	0.02006549894256363	59325600
2019-09-11	0.006191836154680467	0.016648839975749365	0.023888455316370193	-0.004035775283167131	0.00837499387218273	57011735
2019-09-12	0.017436005809911864	0.00011399038184306746	0.02067131803614604	-0.01119253982802373	0.019643451653430906	45141569
2019-09-16	-0.02116941879415553	0.0021696163993742733	0.0021696163993742733	-0.02510717759536672	-0.01904566781875755	37573433
2019-09-17	-0.020597218819157274	0.0021696818797607258	0.015586989670117872	-0.031889637895761526	-0.018472330105404382	41268300
2019-09-18	-0.015772947786438136	0.0021695759442207853	0.006384800238413189	-0.016798933379644564	-0.0136375151590004	23696353
2019-09-19	0.011752152309230145	0.007523124850638164	0.016088677452981533	2.8266323587690046e-05	0.01394728930239574	21674321
2019-09-20	-0.005279751368802933	0.001111381789805202	0.0032278963390436457	-0.010529448231006613	-0.0031216473086718727	22152818
2019-09-23	-0.018046818340383727	-0.002085938273802173	-0.002085938273802173	-0.025491172130919885	-0.015916303734826318	19464179
2019-09-24	-0.004324172527463355	0.00216967025042537	0.009753656944212404	-0.008664596454984595	-0.0021640364317385393	20507627
2019-09-25	-0.016286723636902502	-0.004359274181175158	0.008698309108251968	-0.015240593589031128	-0.01415246164824555	20265609
2019-09-26	-0.03642388721012574	0.006594187460579651	0.013231072213067045	-0.05092548039431057	-0.03433326851309218	27421756
2019-09-27	0.0	-0.0001262756712698985	0.012501291455728923	-0.0001262756712698985	0.0021696456245480318	12924100
2019-09-30	-0.016036551067029503	0.003317606272456997	0.011353330807819957	-0.017345685389904785	-0.013901803446177889	12300322
2019-10-08	-0.013969823380160291	-0.012997170591888856	0.006836219597163012	-0.012997170591888856	-0.011830500580768183	12987487
2019-10-09	0.010625837778908055	0.0033528312711948527	0.01755122039295695	-0.004929562383166459	0.012818424019036321	12544225
2019-10-10	0.009345699199985463	0.005681809534168016	0.017389397538058172	-0.0013427432681661611	0.0115356035361132	13022472
2019-10-11	0.006944432361959554	0.005649383300304653	0.027687835760172863	-0.01638906915956356	0.009129138951862726	23906231
2019-10-14	0.008046039903630401	0.015992669186681772	0.026359941321239734	0.005625397052123811	0.010233073556371703	28058101
2019-10-15	-0.03306736796444383	-0.00811494530805229	-0.00811494530805229	-0.03439761380795418	-0.030969439655792942	19736128
2019-10-16	-0.023584905102922712	0.002169673707499554	0.015169516173044881	-0.026193618944599515	-0.021466403502583106	18192754
2019-10-17	-0.027777650018627385	0.0033800229821227706	0.0033800229821227706	-0.029299422880986126	-0.02566837334064055	22258645
2019-10-18	-0.037267137192528436	0.0009246103334510438	0.002169541440831153	-0.03642332288794625	-0.035178391780566365	27047682
2019-10-21	-0.09935483553944259	-0.09740079878736176	-0.09740079878736176	-0.09740079878736176	-0.09740079878736176	10742100
2019-10-22	-0.10028645108342725	-0.09833451760681326	-0.09833451760681326	-0.09833451760681326	-0.09833451760681326	10115500
2019-10-23	0.01592348403909425	0.048448033601403116	0.07238520331833005	0.010148562054319868	0.018127618626628844	134017159
2019-10-24	-0.018808743945356338	-0.026104789867971226	0.01630677573455254	-0.032387984772048836	-0.01667999751185488	79909648
2019-10-25	0.014376970719999611	0.002169553000361131	0.02138047094924986	-0.018642274777601622	0.016577741462027642	87528124
2019-10-28	0.009448801997016231	-0.01992549855569217	0.024264656098801622	-0.01992549855569217	0.01163889762608911	89909632
2019-10-29	-0.035881423793757576	-0.007211087091352149	-0.0025207457705238518	-0.04160692344409267	-0.03378968790937893	79078506
2019-10-30	0.0016180660364890698	0.0037912172646900563	0.0183859199389747	-0.020533287192451115	0.0037912172646900563	71551553
2019-10-31	-0.009693036572392037	-0.007544443147434453	0.005407668524377181	-0.01887754086026967	-0.007544443147434453	41450555
2019-11-01	0.004893955576583504	-0.004369819228545264	0.007074205837793343	-0.010909262123595876	0.007074205837793343	47909673
2019-11-04	-0.004870121418707781	0.0005427334241793606	0.013557923452461379	-0.005964861589961649	-0.0027110640828912165	43042583
2019-11-05	0.0016314275162426708	0.0005347629427427309	0.01524850945660657	-0.006004679952307881	0.003804484390267964	64364585
2019-11-06	-0.04723140061514266	-0.004359274181175303	-0.001094878358818425	-0.05006081569417043	-0.04516422196063533	80771565
2019-11-07	0.00512819634302298	-0.006395898128169886	0.014161428117454205	-0.011535229689575946	0.007308986035579508	39185876
2019-11-08	-0.005102032120560336	0.010691514111332746	0.014100254462467168	-0.008056557819906045	-0.002943447293204639	32973603
2019-11-11	-0.025641153026166968	-0.009822119169107158	-0.008109008648638522	-0.0492236611398867	-0.023527003332856553	52369479
2019-11-12	0.010526474952172807	0.002169785495227502	0.012718941132019301	-0.006621177535432357	0.012718941132019301	35096663
2019-11-13	-0.012152698637501735	-0.0030500058285906854	-0.001310128002811649	-0.01696902843482329	-0.010009517131706986	26473200
2019-11-14	0.007029805473430937	0.00040826520400399674	0.026827497559743604	-0.015443274209439705	0.009214675989250637	60439385
2019-11-15	0.02443282534002495	0.005667592755345525	0.061635180526077846	0.002169618519674832	0.026655438169370146	115055821
2019-11-18	0.0017035175982348608	-0.004659491109543471	0.022656886492939066	-0.013195859110319225	0.003876876891232284	71919718
2019-11-19	0.01190468480230149	-0.004647817468771774	0.014100254462467168	-0.008056557819906045	0.014100254462467168	61295455
2019-11-20	-0.028571269764218914	0.0004854207041194895	0.0004854207041194895	-0.029832319317217564	-0.026463681537068937	52324692
2019-11-21	0.0	-0.009967426021072968	0.007371147954039529	-0.015168998213606778	0.0021695757615058722	33896189
2019-11-22	-0.017301122655326254	-0.0012981390335167194	0.01083886274906212	-0.029039857393696838	-0.015168998213606778	54170231
2019-11-25	-0.00880268426203712	0.00040527882283167434	0.003934045238432573	-0.01723855325517235	-0.006652254008369966	36265419
2019-11-26	-0.019538389679113515	0.003949580370436012	0.0075096852653667185	-0.019191101446613026	-0.017411048999147753	39147211
2019-11-27	-0.00905783517902613	-0.005092365736034542	0.007616308424271475	-0.008723415496122091	-0.006907890616078397	35136226
2019-11-28	-0.027422254907241643	0.002169596409631177	0.007665956170561559	-0.030808562155950785	-0.025312202395020404	49502835
2019-11-29	0.007518720508288396	0.004053323708487007	0.03607753853596219	-0.016668227062232296	0.009704655736865029	65507929
2019-12-02	-0.0018656060620792223	0.018997097447533806	0.024606255782107435	-0.001569816445902714	0.0002999029989551063	55330760
2019-12-03	0.01869149249833947	-0.009069728147926942	0.020901697843818207	-0.01656258464586323	0.020901697843818207	54442574
2019-12-04	0.007339375650145962	-0.003346878866742946	0.02423577208712955	-0.0051857222636677355	0.009525024911730906	71816783
2019-12-05	0.005464471896714827	0.007646062130141846	0.016773290953784565	-0.005132058222957669	0.007646062130141846	81745873
2019-12-06	-0.005434773728410921	0.003985258664184087	0.005800783544227781	-0.01598551501629703	-0.0032768408559908486	59457260
2019-12-09	0.0018216123286226619	0.007646062130141846	0.016773290953784565	-0.005132058222957669	0.003995170600684888	55903926
2019-12-10	-0.007272835937729271	-0.001474647022198728	0.002169606090858863	-0.016051659474429415	-0.0051189001352564805	53394004
2019-12-11	0.05860820652184893	0.005840667129329041	0.10312087763636256	-0.001501235550447089	0.06090493722764994	215723985
2019-12-12	0.05190302119449936	-0.004765853828539157	0.061120727276888547	-0.011701283418584186	0.05418529768684351	227338305
2019-12-13	0.05921059029606378	0.05161882542748393	0.0994196811287332	0.021949328785329257	0.06150865764153558	310794950
2019-12-16	0.021739143966643306	-0.013392035988470757	0.0472983592740682	-0.025841347837196688	0.023955899557707043	286644132
2019-12-17	0.025835871122209097	-0.006968733984134445	0.08746061953271168	-0.020676220784966923	0.028061510062437567	352405331
2019-12-18	0.09333331551698516	-0.008223283977594831	0.10164419653985728	-0.014162066708267921	0.09570541380918418	376746878
2019-12-19	-0.03387536948214322	-0.027705372457419032	-0.008694024991502689	-0.03856899958079983	-0.031779232628686864	239339267
2019-12-20	-0.00841513267713947	0.0035752015162137858	0.05417563184476243	-0.013291608593302428	-0.006263771047670579	250879019
2019-12-23	-0.0608203559218868	-0.01909281961768996	0.006422107039653325	-0.06161769737992881	-0.058782705529112945	176893222
2019-12-24	0.03765063673238372	0.014243939251013969	0.03990189604754259	0.0036788982171493305	0.03990189604754259	124349277
2019-12-25	-0.008708257237293404	-0.010921175653999336	0.021078433368959475	-0.02110286943403161	-0.006557592605414003	124971842
2019-12-26	0.03660310593328393	0.0021695576984082916	0.04325410764797704	-0.009568885144325637	0.03885219158195179	170553222
2019-12-27	-0.04096042958540753	-0.009154282038854718	0.01632460785157469	-0.04595712299169723	-0.03887965357768907	194241911
2019-12-30	0.03092792939058056	-0.017017696633359336	0.047924077162634866	-0.025873393060085903	0.033164583118090764	177850668
2019-12-31	0.051428621332524696	0.002169553917151486	0.06945808110873163	-0.007852141622020069	0.053709702404319326	253669544
2020-01-02	-0.010869590378192339	0.030764016722614376	0.03484894677567617	-0.012808570510045714	-0.008723640456983801	236015368
2020-01-03	-0.01511004592359284	-0.0060901071550499815	0.006299351343017243	-0.021232778652687648	-0.012973139653976205	136948135
2020-01-06	-0.009762838010381521	-0.01600075029942789	0.014749226253714956	-0.020193928920311043	-0.007614393057661703	118271652
2020-01-07	0.011267491918066651	0.007815652732133195	0.020519211380017333	-0.004887905915750818	0.013461678797859436	112871884
2020-01-08	-0.04178252218766121	-0.03970364807930266	-0.03970364807930266	-0.03970364807930266	-0.03970364807930266	120976484
2020-01-09	0.011627788412880986	0.021105864934933247	0.031302357166808514	0.007996089208236551	0.013822656197879542	74884657
2020-01-10	-0.0028736062498523787	0.02088832547244526	0.02088832547244526	-0.006469753771527109	-0.0007101581412171164	72842616
2020-01-13	0.007204646948183903	0.00938992559539931	0.00938992559539931	0.00938992559539931	0.00938992559539931	83533455
2020-01-14	-0.01287551432880371	-0.01073382474533197	-0.01073382474533197	-0.01073382474533197	-0.01073382474533197	67930688
2020-01-15	-0.0028984488447598065	0.005074464107948535	0.007979303599590072	-0.012354572841900299	-0.0007352148753344092	50113095
2020-01-16	0.0	0.0021695222185935605	0.012366014450468827	-0.003657044771049431	0.0021695222185935605	50472473
2020-01-17	0.026162596761069697	0.012366014450468827	0.037128924156451505	0.0050828057134151205	0.028389073671986956	130239765
2020-01-20	-0.022662804669883806	-0.006347311424237894	0.0007502077798746666	-0.029059372877398192	-0.020542349832463017	140518381
2020-01-21	-0.057971010282841205	-0.00509247411279665	-0.003640054366975817	-0.06028442445398456	-0.05592716521652232	152845482
2020-01-22	0.012307722194880959	-0.008622975771547362	0.025296611371572422	-0.025582769343107117	0.014504015462397934	82690531
2020-01-23	-0.027355574492194768	-0.010014842162097158	0.008261806905679526	-0.037429815763762114	-0.025245383051910993	77978121
2020-02-03	-0.10000007829449531	-0.09804741358049342	-0.09804741358049342	-0.09804741358049342	-0.09804741358049342	8167200
2020-02-04	-0.019097246991316253	-0.09874328624643987	0.0021696276487464246	-0.09874328624643987	-0.01696902843482329	149750966
2020-02-05	0.008849424098331057	0.0003959013567070063	0.05360844930121283	-0.013794111428494524	0.011038410945608234	119172449
2020-02-06	0.02631592365154106	-0.006621177535432357	0.04260821543626291	-0.015412140566092372	0.02854267458720708	142687315
2020-02-07	0.044444596720935044	-0.0046827876077012495	0.05870230164963966	-0.009822119169107158	0.04671052800635905	167014134
2020-02-10	0.0	-0.012592399290575556	0.01365099209040585	-0.015872823213198158	0.002169508361226594	116763038
2020-02-11	-0.021276829562130627	0.012010780129094548	0.0185716279743399	-0.024073883019754813	-0.019153247135820763	130347274
2020-02-12	0.015050310429620833	-0.009561336224095848	0.025631915788245918	-0.011237205367540658	0.017252570071021715	119713827
2020-02-13	0.014826992010215218	0.005471647928406397	0.046747167137290074	-0.00608549745008108	0.017028793306893875	185493153
2020-02-14	0.0032468018424302646	-0.010845557850567442	0.02331931597367282	-0.022233849125314245	0.0054234296847850095	151425953
2020-02-17	0.03883504434600401	0.02000755356945074	0.04757532528754399	0.007034484525642135	0.04108879076563969	212119454
2020-02-18	-0.12423233348454332	-0.11818575476943702	-0.10574636495016783	-0.1320074204250884	-0.12233227007624908	164198392
2020-02-19	-0.01574811991678802	-0.004143303952029324	0.0242646638113013	-0.013612567124821524	-0.013612567124821524	204735212
2020-02-20	0.10080015849599755	0.0005662899730635063	0.10318846427302446	-0.009054663371669233	0.10318846427302446	428859701
2020-02-21	0.014534800029283345	-0.010940172065052146	0.0633485316726207	-0.02404995299016296	0.016735995551545053	472694253
2020-02-24	0.0057306265014720765	-0.013623940203004175	0.023706210529985696	-0.023674265611457256	0.007912772535153668	307944028
2020-02-25	0.02279189417312064	-0.02780978700317072	0.03928699551208	-0.044940952451587766	0.025011104921556095	384768719
2020-02-26	0.023677064868098674	-0.015975401844231074	0.0817292799868844	-0.021558382392235318	0.0258980557462562	489018320
2020-02-27	-0.023129427903270917	0.025349096563748383	0.03489348701107306	-0.036008249147412554	-0.021009855304213527	332208308
2020-02-28	-0.08774372139325438	-0.04807832819558085	-0.027141520580304616	-0.09832641424813961	-0.08576439273499992	276001295
2020-03-02	0.054962046547088486	0.019000141179552562	0.0771412332941129	0.002169706807913038	0.05725081420166072	261582339
2020-03-03	0.014471860862044727	0.02392440974804344	0.05003013913140336	0.0021695260621587475	0.016672836452624233	288681664
2020-03-04	0.03423676702073881	-0.009267489385021489	0.03648061774435928	-0.009267489385021489	0.03648061774435928	283916573
2020-03-05	0.02758604754854181	0.017374838652064826	0.06160852728911114	-0.01580038879622415	0.029815568459921053	448561829
2020-03-06	-0.052348850946322446	-0.018008201622822594	-0.005901449261270561	-0.0543284587074787	-0.05029282394465493	350708932
2020-03-09	-0.01699722935911016	-0.013445031106784648	0.020623014243101426	-0.027640036642615478	-0.014864499596475863	292284721
2020-03-10	0.03025935635914392	-0.009382820750139647	0.05126718067691161	-0.03537570180338496	0.03249468933095762	395363799
2020-03-11	0.0	0.002169679855869683	0.002169679855869683	0.002169679855869683	0.002169679855869683	0
2020-03-12	0.0	0.002169679855869683	0.002169679855869683	0.002169679855869683	0.002169679855869683	0
2020-03-13	0.0	0.002169679855869683	0.002169679855869683	0.002169679855869683	0.002169679855869683	0
2020-03-16	0.0	0.002169679855869683	0.002169679855869683	0.002169679855869683	0.002169679855869683	0
2020-03-17	0.0	0.002169679855869683	0.002169679855869683	0.002169679855869683	0.002169679855869683	0
2020-03-18	0.0	0.002169679855869683	0.002169679855869683	0.002169679855869683	0.002169679855869683	0
2020-03-19	-0.07910039178029149	-0.09768165923995346	-0.05177423488549495	-0.09768165923995346	-0.07710246901209276	207104145
2020-03-20	0.005145788163363612	0.002169533736756745	0.02279738005723889	-0.04080514609758102	0.00732649531687732	142385437
2020-03-23	-0.07849843534997442	-0.02690363472869757	-0.011511952325460827	-0.08333980354056574	-0.07649905580579383	115437200
2020-03-24	0.025925944484624184	0.03000774454471714	0.03371948416469819	-0.02010074032502578	0.028151874734726696	110422307
2020-03-25	0.019855622443246245	0.020259384667816797	0.03834909006972854	0.00397864980609634	0.02206835520800808	112534151
2020-03-26	-0.030088503109741302	-0.008472856634043912	0.002169652954857316	-0.029757875811846208	-0.027984124213695897	77564839
2020-03-27	-0.0018247534443181852	0.013142321259017644	0.03508764229711913	-0.001487892766383346	0.00034088398679173697	82652020
2020-03-30	-0.034734978357167344	-0.01798372271377995	-0.010655243032539495	-0.038137041837191236	-0.032640682076260856	69824698
2020-03-31	-0.030303105074641828	0.007863805143294	0.017354048129577505	-0.03199521539909615	-0.028199118204582718	116808412
2020-04-01	-0.007812422011327145	0.00021237386020332474	0.02565808982924957	-0.009574439974045378	-0.005659714440345863	96500862
2020-04-02	0.02165357204435901	-0.0057214418143848025	0.025842956858174438	-0.011639766565489705	0.023870181941139528	145550048
2020-04-03	-0.030828398436383755	-0.005554221045793898	-0.003623258368212956	-0.03451866120950871	-0.02872577317676571	124941816
2020-04-07	0.09940346009482566	0.02209335477936237	0.1017887430662523	0.012131431243501174	0.1017887430662523	322756477
2020-04-08	0.018083271777526257	-0.01232831729016235	0.05834910587622964	-0.01776504214911563	0.020292031863557006	395806182
2020-04-09	-0.0035524506694064846	0.028870314634950486	0.05023094400453425	-0.006730734314355791	-0.0013905769719598103	274746099
2020-04-10	-0.019607867656450537	-0.003189614593446946	0.014674370808104121	-0.022839998535153245	-0.017480802914687864	184191256
2020-04-13	0.02545456135674085	-0.006941026691785276	0.03861213722143558	-0.012407406361371824	0.027679377882262483	205433148
2020-04-14	0.012411266234170137	0.0021695905497539194	0.027046140669783374	-0.019153166695985546	0.014607865609768646	247598498
2020-04-15	-0.03327501677010731	-0.013626348321883613	0.00041455775182623974	-0.034687707432448395	-0.03117748091402101	175491244
2020-04-16	0.009058016731514159	-0.006907890616078397	0.031218131864839977	-0.008723415496122091	0.011247358184359024	161067479
2020-04-17	0.005385987364745334	0.014764280513233247	0.03635500988585525	0.005768143274640786	0.0075673707223592466	229243715
2020-04-20	-0.005357133909199139	0.002169697394859876	0.005748874885555887	-0.013936601313271776	-0.0031990688411839023	118368494
2020-04-21	-0.028725205971060076	-0.006826448859388757	-0.003227993963951676	-0.03381486057516614	-0.02661795078429214	137876358
2020-04-22	0.0388169360360174	-0.005240179849611557	0.04662811617312755	-0.008945058136950146	0.041070798742119746	186563634
2020-04-23	-0.028469820695445215	-0.004963236244731293	-0.0031800162380014583	-0.02814509633221961	-0.026361876325489777	125406379
2020-04-24	-0.029303919713357364	-0.003336711220391244	0.005840667129329041	-0.03270432193949577	-0.027197894929663628	111427249
2020-04-27	-0.0094340086443746	0.005951374730879686	0.022969349115424614	-0.009175713610938066	-0.007284827568210889	82488747
2020-04-28	0.007618970899665718	0.017440806133812714	0.030803068128065467	-0.02264597984894538	0.009805227851382593	140729651
2020-04-29	-0.009451843471318874	-0.007302577773769836	0.011642029520623801	-0.011091499232648664	-0.007302577773769836	76125724
2020-04-30	0.047709975127446715	0.013645000482915778	0.0710211325857223	0.0117324627461556	0.049983217481360004	206586875
2020-05-06	0.018215028018767142	-0.025211961634971424	0.020424182483241526	-0.030688298929157025	0.020424182483241526	176256815
2020-05-07	-0.012522459177274394	0.0003768444672168308	0.020097534949545536	-0.013965475883567653	-0.010379895795871612	152086783
2020-05-08	0.09963782094168017	0.013062883064402717	0.10202360218654564	0.005800783544227781	0.10202360218654564	354039278
2020-05-11	0.0016473885226648624	0.015377772538538562	0.026934917917025892	-0.012689580523502327	0.0038206271600510853	457621088
2020-05-12	-0.01151308334145115	0.0021696643572260933	0.012059496571277603	-0.02749983228492858	-0.009368473225834123	246633446
2020-05-13	-0.0066556733720873	-0.012837942507481704	0.010507106149435905	-0.014505445982975786	-0.00450042513001114	209029580
2020-05-14	0.005025117192581937	-0.007902368192443361	0.01056306996302714	-0.014617072976250856	0.007205717571123467	185777041
2020-05-15	-0.011666591503939273	0.007180545881834259	0.012191394368808452	-0.012862848066062957	-0.009522282408080162	189442418
2020-05-18	-0.01686332062566487	-0.00797037498719828	0.01061961798578443	-0.016420371793099457	-0.01473037243191925	176908547
2020-05-19	0.0	0.014202444090371368	0.021078392863865418	-0.006425402230110778	0.002169533736756745	186240616
2020-05-20	0.01715256991163897	-0.0012684406499903558	0.034830290410853365	-0.006425402230110778	0.01935940567049179	285215207
2020-05-21	-0.0016862813625856895	-0.0029003769036575135	0.020759614152865813	-0.013040373070739046	0.0004796218187028974	243693056
2020-05-22	-0.016891974246950773	-0.00629470827385771	0.04110520342687825	-0.014758978220417666	-0.014758978220417666	362090752
2020-05-25	-0.06701036608465073	-0.00988394117849646	-0.004718118262905963	-0.0770396390811723	-0.06498605227812801	299741330
2020-05-26	0.012891446010921712	0.004015323045621566	0.024317103474852778	-0.0015215261623506573	0.015089021461565849	150720843
2020-05-27	-0.02363644347863633	-0.001474647022198728	0.0003474795343300675	-0.028806545370131307	-0.021518039144015965	146460995
2020-05-28	0.020484199124585163	0.005902163604108124	0.04322691921093963	0.00403592582376659	0.022698303627182427	206326116
2020-05-29	-0.0018247534443181852	-0.012460553285434007	-0.0033166695195584292	-0.017946883544959418	0.00034088398679173697	107573322
2020-06-01	0.06215723326440898	0.04430835457676383	0.08827923266420655	0.020490795612732395	0.06446167370017496	306043144
2020-06-02	0.02753861975202074	0.0004446804113966082	0.05736653291756229	-0.0047300334528003135	0.02976805897517891	373334519
2020-06-03	-0.01172521749348455	0.0155990985508828	0.02399247953064213	-0.014617072976250856	-0.009581044388395198	290776090
2020-06-04	0.011864329335355927	0.01915553791284076	0.05652457430297821	0.005566797407336207	0.014059760223276516	320650499
2020-06-05	0.030150871023111245	0.007205717571123467	0.03238586051040161	-0.009581044388395198	0.03238586051040161	375711317
2020-06-08	-0.030894362201357505	-0.005978145207364437	-0.004348601183114105	-0.03693948166811858	-0.028791761546867498	275822988
2020-06-09	0.011745058135086682	0.003851122656987006	0.029073512673494277	-0.0011933553463143293	0.013940078663589974	238521741
2020-06-10	-0.009950396762743131	-0.0028163789404126124	-0.0028163789404126124	-0.021098078659838433	-0.00780229704571059	168094024
2020-06-11	-0.005025117192581937	-0.007902368192443361	0.027349831922545954	-0.007902368192443361	-0.0028663396045877023	220092492
2020-06-12	0.01851854351339783	-0.02145048033284178	0.03422561302753103	-0.026511943365602985	0.02072837827350125	356956159
2020-06-15	0.006611669362861871	0.0021696558930390767	0.041925146374746446	0.0005131771229679728	0.008795570973323638	345231885
2020-06-16	0.016420276671204197	0.01862554337666311	0.026853536457250016	0.0038151558316064944	0.01862554337666311	208971327
2020-06-17	-0.017770621016517472	-0.0010683873115286365	-0.0010683873115286365	-0.03668669440901056	-0.015639512942316688	202369550
2020-06-18	0.01151324817198822	0.0021696643572260933	0.028542550261363646	-0.004423557118808295	0.01370780194028631	225942399
2020-06-19	0.035772239283548106	0.00216957491388679	0.05920361576264451	-0.007607689231614625	0.03801954344739164	457579787
2020-06-22	0.0031397645986782027	-0.0025501049446297187	0.06038048780334323	-0.01198969385682559	0.005316219148866865	429980252
2020-06-23	0.006259717830432945	0.002169642383840089	0.02098972956475729	-0.011945423001847777	0.008443004777479156	268056374
2020-06-24	-0.027993732620810976	0.0037282895051635938	0.008404042406585063	-0.03211914940573517	-0.02588481220383974	231216686
2020-06-29	-0.043200086459180616	-0.021882414552208945	-0.010658114391332607	-0.042727543422407754	-0.04112407197085389	222188475
2020-06-30	0.014395883529105537	0.005521486066907745	0.03233539236202531	-0.0028578596503164564	0.015576700927576757	197092289
2020-07-01	0.011551054245579988	-0.0004880261769707652	0.014380746987338738	-0.012052627526989186	0.01272866108019327	201143469
2020-07-02	0.09951065447717995	-0.00373550190172201	0.100790609374163	-0.007001942879093344	0.100790609374163	520442409
2020-07-03	0.06083082064412286	0.02938684045528901	0.08583229491026877	-0.0032921068607518764	0.062065787771330025	668200594
2020-07-06	0.09370630408561792	0.03897034957851689	0.10198068075241619	0.020767365017168225	0.09497953284420518	625418107
2020-07-07	-0.04603575487456199	0.0024444024234317224	0.0024444024234317224	-0.06412917219472727	-0.044925256439489074	576116249
2020-07-08	0.07908847364885122	-0.006888169971358056	0.1004752711128193	-0.012256342025566936	0.08034462590953621	582475575
2020-07-09	-0.021117970708799273	-0.032415330122975226	0.012357225295498963	-0.047339515262466624	-0.01997850917339912	488229480
2020-07-10	0.02284267571000708	-0.021705185648592924	0.08628839775383519	-0.028057749378147492	0.024033273204200175	544008422
2020-07-13	0.019851119707540738	0.001164008427167591	0.04712315025322853	-0.014983798160367467	0.021038231919518327	428646511
2020-07-14	-0.01581522458654172	-0.015887449678415603	0.0011640054014138976	-0.04390055445242115	-0.014669488601284955	348255774
2020-07-15	-0.04573550480762988	0.012301943681608436	0.017252075435552846	-0.0532873020581534	-0.04462457148875096	287571820
2020-07-16	-0.04663207462874905	0.0050547119364058495	0.028397918149122334	-0.05330330359538548	-0.045522234857813246	293490671
2020-07-17	-0.02717398845015709	0.016127176137688385	0.017487453481915636	-0.05052641372944236	-0.02604142153335352	231288194
2020-07-20	0.04608948897838462	0.020740039325058714	0.05709516401334845	0.013748669192695323	0.04730724582803975	263536443
2020-07-21	-0.018691560052937387	-0.00017256379948317276	0.010520777764158608	-0.02824258540404325	-0.01754924384040135	177653573
2020-07-22	0.0	0.0025262025751302966	0.03930365837612007	-0.00564656538064529	0.0011640745825009517	253937407
2020-07-23	-0.01224498580253987	-0.020629973299566996	0.003888330567759521	-0.04242402118163506	-0.011095077351162306	204288495
2020-07-24	-0.03443522067947332	-0.0071099203784896975	0.037018527604688455	-0.044343298364296395	-0.033311186368501826	285220147
2020-07-27	-0.012838751592615076	0.0068768978022804884	0.012589674527399815	-0.0359689276361144	-0.011689626554357294	164008565
2020-07-28	0.001445032764974982	0.008397914685196118	0.015631759123396927	-0.010410080854126034	0.002610839134635446	104531534
2020-07-29	0.030303056569962666	-0.004614600931357113	0.03583647479276775	-0.01039332603480352	0.031502430965182904	166210827
2020-07-30	-0.012604992527726256	-0.004444663809376175	0.005370670491094805	-0.015662188724200117	-0.011455616881141106	116292958
2020-07-31	0.018439595654692408	0.0011640484688367468	0.04234668308670379	-0.0016761332289471267	0.019625229504432302	179603265
2020-08-03	0.050139361215430105	0.020685473958506975	0.05275619240255836	0.00534730426787363	0.05136181333977354	244182785
2020-08-04	-0.02122016408203011	0.0011640856151973716	0.0024918894422732017	-0.024064187099243992	-0.020080775618016383	170635715
2020-08-05	-0.01219520963331489	-0.0029056820674554984	0.0011640906587998194	-0.01918477297247653	-0.011045227519966012	120527712
2020-08-06	0.0178326704454549	0.006657535792992771	0.02725762179148517	-0.027675940871161143	0.01901758739208816	187716883
2020-08-07	-0.03234502329663121	-0.016376454993758244	-0.006931510117155063	-0.04336201178405297	-0.031218511228420374	163871939
2020-08-10	0.004178256861634762	-0.007202107297189959	0.019291094895722036	-0.012779623548329348	0.00534730426787363	142481729
2020-08-11	-0.038834894834714875	0.002552760380447969	0.009495646532667113	-0.04188171099375463	-0.037715979302423215	186670059
2020-08-12	0.0	-0.0031699196554954147	0.008387530551397402	-0.021950776241696338	0.0011641241720892954	108861526
2020-08-13	-0.0014429476583305504	0.0011641241720892954	0.01705561820656695	-0.006059282207218683	-0.00028055710377227465	99652585
2020-08-14	0.010115518708602571	-0.007516543078845634	0.012738221348116653	-0.010410080854126034	0.011291452460476517	92250827
2020-08-17	0.0371960414055142	0.01691924458082296	0.05988766336592826	0.014054683328482675	0.03840345397337561	230018208
2020-08-18	-0.009655226698077973	-0.0043595518651342625	0.0066877762695105826	-0.015406879999779107	-0.00850229991562611	129139687
2020-08-19	-0.01392761583072007	-0.0016245910460505725	0.009530441456228202	-0.014174002611114163	-0.012779623548329348	118431300
2020-08-20	-0.01694908783052384	-0.003078014306749718	-0.00024986682960568044	-0.018632825431041486	-0.015804677953897575	89384709
2020-08-21	0.014367856186798733	0.008356412132670863	0.019864045937323323	0.001164141004763108	0.015548683260578618	83044085
2020-08-24	-0.00849869203440654	0.0011641014318206412	0.0011641014318206412	-0.013016693206023795	-0.007344375350885995	59487428
2020-08-25	-0.005714216245748582	0.0068851493021885556	0.014036322237573392	-0.008847431155658187	-0.004556727394427234	73939741
2020-08-26	-0.024425240441220037	0.001164141004763108	0.009794866358252389	-0.024728035055704863	-0.02328958083012334	96039916
2020-08-27	-0.0014726991103794303	0.005587498276715073	0.010010903694354487	-0.010631654921296507	-0.0003103756134709441	67142248
2020-08-28	0.017699044479001187	-0.0003126053492578682	0.02183704150415597	-0.006219177843501418	0.018883755257034195	86397170
2020-08-31	0.0014492213192237708	0.009869882038201836	0.027281431728515677	-0.0002868552811479373	0.002615069667237767	123927057
2020-09-01	-0.004341517234584614	-0.0031824270334607305	0.004061886723563512	-0.017671054547509214	-0.0031824270334607305	73325800
2020-09-02	0.002907013969732234	0.002619324796274708	0.014260768335273554	-0.010477299185098961	0.004074505238649661	87379509
2020-09-03	0.0	0.0011641071930449793	0.014222769460780327	-0.004639742703726301	0.0011641071930449793	87556183
2020-09-04	-0.015942014896451365	-0.013345517548883285	-0.006090705177919218	-0.02350225486823293	-0.014796480023076073	79332790
2020-09-07	-0.0324005600031258	-0.0003103756134709441	0.00411302980416847	-0.0312742135369475	-0.0312742135369475	85279834
2020-09-08	0.012176562673098829	0.007259429952116351	0.020974006154187503	-0.007978988050185036	0.013354797153036878	80790988
2020-09-09	-0.024060305907560496	-0.012385528557414427	-0.0018469595023867939	-0.025935117342449878	-0.022924097612441928	76558805
2020-09-10	-0.032357349910597036	0.010419975277877101	0.011962601194331842	-0.0358588022157661	-0.031230924466401737	83764773
2020-09-11	0.0015922972857931126	-0.0020243282874451026	0.005946723403549717	-0.011589590316638858	0.002758302727151846	53871866
2020-09-14	0.00476961605275195	0.00593917951653167	0.013897559101314329	-0.0004275241512944852	0.00593917951653167	47463661
2020-09-15	-0.0015823777391815715	0.0011640115754837038	0.004332252118444028	-0.005172469510437085	-0.0004201086959965987	40917529
2020-09-16	0.0	0.0027507420276160063	0.012270527553194577	-0.005182412577032967	0.001164111106686127	51743095
2020-09-17	-0.006339066518390668	0.001164111106686127	0.0043373729485457445	-0.014702198102611537	-0.005182412577032967	50943170
2020-09-18	0.04625186221300361	-0.0020294728639838376	0.06343739371613885	-0.005222978550819021	0.0474698652819625	132788447
2020-09-21	-0.0060974865285425926	0.024056631705281672	0.027108961457011346	-0.004940500936149613	-0.004940500936149613	105374667
2020-09-22	0.010736102821393936	-0.00958461057250773	0.04108780470052677	-0.012655666043600801	0.011912777725143216	136284111
2020-09-23	-0.00758727485390063	0.001164176188487459	0.008760262502512375	-0.009470344651147504	-0.006431910125537457	61340486
2020-09-24	-0.009174123732566744	-0.006489962716584034	0.01341085467121935	-0.00955162693009232	-0.008020794823338109	61807958
2020-09-25	0.010802374241904148	0.005799026213501926	0.025884106614078754	-0.0019260047097968327	0.011979050952140961	73635457
2020-09-28	0.027480961068625718	0.0042210912719277995	0.059246904492307316	0.0011641016485733065	0.0286770082587632	182386757
2020-09-29	-0.017830687240364945	-0.010736852283673015	-0.000323555991922296	-0.03305105862313909	-0.016687307307530628	125385365
2020-09-30	-0.021179998406619254	0.004193378261015774	0.00722261922107924	-0.02761365181964988	-0.020040549419491415	69146584
2020-10-09	0.02472952708381011	0.01663804760929911	0.02592241334089082	0.00735368187770726	0.02592241334089082	66609845
2020-10-12	0.028657605049370465	0.0072043043714026195	0.034385230126552875	0.0026741500788775327	0.02985507583402792	150789156
2020-10-13	-0.020527827811516908	-0.010579750354884796	-0.007643785222406773	-0.028195541149753332	-0.01938764575231913	111884618
2020-10-14	-0.022455001196750753	-0.0018334191866501304	-0.0003346705668102978	-0.024314648484248153	-0.021317151244568355	92270162
2020-10-15	-0.0015314895970935925	0.002697163378923797	0.0149625721052715	-0.0019023648934566252	-0.00036918880266319644	54635575
2020-10-16	0.0030673702045276524	0.005770666782957211	0.00884172225405028	-0.0003714441592287927	0.004235139047410744	43539394
2020-10-19	-0.0489295273785496	-0.011082459036846395	-0.011082459036846395	-0.04935326170569909	-0.04782242959894501	151196610
2020-10-20	0.001607657005701931	-0.0036647111239304663	0.002773642923733963	-0.016541419219259324	0.002773642923733963	59475919
2020-10-21	-0.008025704366361238	-0.00044289057774411317	0.002771119420398263	-0.011691925571242073	-0.006870910574028723	38658055
2020-10-22	0.011326924802853367	-0.0004558698836543386	0.020604217136625212	-0.006935896659124981	0.012504183667286946	55232908
2020-10-23	-0.01920008432204296	-0.0004377890260563917	0.002765936009116436	-0.018058276719507372	-0.018058276719507372	48335819
2020-10-26	-0.008156629764594085	-0.00373550190172201	0.006063821030392281	-0.013534824833836157	-0.007001942879093344	47459737
2020-10-27	0.0016448402994930001	-0.002129120539838393	0.006104137541516193	-0.003775772156109252	0.002810834308974329	31357743
2020-10-28	0.0016419748479307196	-0.0004798683000711234	0.007739869625092736	-0.008699606225234982	0.002808026869994362	40547067
2020-10-29	-0.001639283186170392	-0.011965880982591843	0.007729151290180432	-0.011965880982591843	-0.00047711215680797965	49365377
2020-10-30	-0.03776690105523358	0.0011640792849616193	0.006095922040059994	-0.03993461034085782	-0.036646715170792196	67174963
2020-11-02	0.0017064210841753339	0.006289566058553356	0.03020816355400294	-0.012503617687871144	0.0028726235592035016	54261658
2020-11-03	0.02385022173996544	0.004575337521963325	0.03527543272636978	0.0028697766772741193	0.025042067658234243	60932306
2020-11-04	-0.004991660852918468	0.002829912717149251	0.002829912717149251	-0.013828391480809981	-0.0038334089620343237	44239198
2020-11-05	0.008361226690498116	0.011209186868946421	0.01958012384633833	0.0011640624960761582	0.00953499947346807	64602476
2020-11-06	0.0016583128410162938	0.0011640399808135666	0.012786176431668681	-0.005477180848246562	0.002824345188078562	80534611
2020-11-09	0.026490072811482607	0.004479214822135042	0.03763034402418573	-0.0038085674783775946	0.0276850052635706	173079005
2020-11-10	-0.019354924136790557	0.0011640954781132556	0.0076232186747462495	-0.02305761650926051	-0.018213274111785728	90491416
2020-11-11	-0.013157899070135896	-0.002129120539838393	0.002810834308974329	-0.01530233347000541	-0.012009030237463691	58785226
2020-11-12	-0.008333356971932146	0.0028327940673679706	0.006170008024331003	-0.010516061760483862	-0.007178847803520829	44957918
2020-11-13	-0.0033612195425235932	-0.0022010468980652566	0.002846839879853511	-0.007248933675983875	-0.0022010468980652566	36708042
2020-11-16	0.008431726265193779	0.007917300132278616	0.012982211188219758	0.0011640853910238119	0.00960560381759243	38825340
2020-11-17	-0.006689048319894322	0.0011640624960761582	0.006186624682511216	-0.010555249272272606	-0.0055326870858374	49421463
2020-11-18	0.005050485471911496	0.0011641482781409285	0.016333302039930917	-0.0005213132509469645	0.006220532865404158	52976990
2020-11-19	0.013400339221922629	-0.00386680793646478	0.019611078745167307	-0.008897783653957424	0.014580103027674663	75357200
2020-11-20	0.0	-0.0021454699803820556	0.004473797217094686	-0.007109920378489649	0.0011641636183562414	46650439
2020-11-23	0.013223144598719403	-0.0038002867797513515	0.03426049960573995	-0.007109920378489649	0.014402698013309725	135085271
2020-11-24	-0.008156629764594085	-0.007001942879093344	0.004430600541706614	-0.010268383856464823	-0.007001942879093344	63772421
2020-11-25	-0.019736766272622948	0.006104137541516193	0.012690744006599775	-0.020242288318818132	-0.018595636702547273	75897991
2020-11-26	0.0016777897790551573	0.0011641052431769923	0.009563132971727105	-0.005555116939663127	0.002843910788886985	43761947
2020-11-27	0.013400339221922629	-0.0005128241248031173	0.014580103027674663	-0.005543799842295761	0.014580103027674663	62097525
2020-11-30	0.001652996500889882	0.007783430815832983	0.030950866007001653	-0.0004906531810129071	0.0028189804177253903	224722298
2020-12-01	0.026402645716455123	-0.007096369805552782	0.03916203559452134	-0.0137047134341348	0.027597434244502773	249013903
2020-12-02	0.036977398801951125	0.0011640544118177482	0.06554759488846204	-0.008493476659678824	0.03818459018588825	384826554
2020-12-03	0.018604734187039226	-0.00814901047729922	0.0632518432285603	-0.012805587892898653	0.019790454016298083	396521662
2020-12-04	-0.028919469684767392	-0.02016972245202609	-0.011026671650645232	-0.035408140454327344	-0.027788931453176718	230982078
2020-12-07	-0.023510882011542868	-0.00668190800556324	0.0011642064651668797	-0.025512582735315613	-0.02237413694702348	131357037
2020-12-08	0.006420627773288849	-0.00044289057774411317	0.0172341644120386	-0.005263905574957464	0.007592134417611613	118615911
2020-12-09	-0.0271133423070843	0.0043575385096866716	0.012341302726774772	-0.033964529732336386	-0.02598076551524828	130572853
2020-12-10	-0.003278730497609747	-0.003759617535603286	0.007729151290180432	-0.011965880982591843	-0.0021183648462056327	90730295
2020-12-11	-0.014802574704467246	-0.003775772156109252	0.0011641826927034705	-0.028475546400172573	-0.013655681853734551	106881361
2020-12-14	0.0016693868580076642	-0.0005072676325643552	0.004506909954563141	-0.008864230277777146	0.0028355174255206422	51421325
2020-12-15	0.0	-0.0005044198895949132	0.007838615002812445	-0.008847454782002271	0.0011641870888865287	51629456
2020-12-16	-0.013333337782952008	0.0011641870888865287	0.0028327940673679706	-0.013853275717446746	-0.012184668738965303	65261530
2020-12-17	0.023648783484037882	-0.002218119854235777	0.028222683268855284	-0.014056209957660146	0.024840371810733973	107312496
2020-12-18	-0.01155121945417058	-0.0037921979912617005	0.006120317451611252	-0.0137047134341348	-0.010400541619843719	67088877
2020-12-21	0.010016655426551842	-0.0005072676325643552	0.019549442715945928	-0.005521445219692	0.011192480070733285	77970367
2020-12-22	-0.039669433796157914	-0.007109920378489649	-0.0038002867797513515	-0.038551439566504205	-0.038551439566504205	112328072
2020-12-23	0.001721278650354875	0.00978004715982992	0.016672743727473818	-0.007451694259279896	0.002887350592186024	84838017
2020-12-24	-0.02061864714522886	-0.0022763580954006995	0.0063247077830871955	-0.021198703028074035	-0.01947848985237649	66568977
2020-12-25	0.010526450757125959	-0.004105124344588791	0.018728444233048484	-0.012887266105218488	0.011702730824544696	72577587
2020-12-28	-0.027777956419121338	-0.005788500970659825	0.004640290977200473	-0.03186048084031026	-0.026646084866380267	111237697
2020-12-29	0.028571617566713302	0.00652759065541932	0.06910035384003696	-0.004199168747657903	0.029768902695420103	192463185
2020-12-30	0.010416625023921126	-0.009264764953279821	0.015069082925060618	-0.01621729291851997	0.011592818942440622	177940958
2020-12-31	0.048109889970004635	0.0063247077830871955	0.05793110305401487	0.004604494607389647	0.04933003717552682	262599655
2021-01-04	-0.003278730497609747	0.007729151290180432	0.014294162047771189	-0.013607133671989496	-0.0021183648462056327	199602826
2021-01-05	0.01315789907013575	-0.008715727004921974	0.03739051825066309	-0.010362378621192833	0.014337395622870633	236706495
2021-01-06	-0.021103760752966473	-0.008587420729656944	0.0060399779808892225	-0.03946748467414296	-0.019964286393414882	183774783
2021-01-07	-0.003316791712553337	-0.003816875640981567	0.0078052608098736955	-0.03702297978628221	-0.0021565704337165714	153128547
2021-01-08	-0.01663898056508971	-0.0054992393818303655	0.009493234396332973	-0.01882588274019781	-0.015494221900605875	114591192
2021-01-11	-0.03384087216133541	0.007940197129386399	0.011328231405451491	-0.034410231321428154	-0.03271621418339561	114934221
2021-01-12	0.04203135659832863	-0.002342653743994065	0.05201126142988316	-0.005849357948760423	0.0432445009179675	163452837
2021-01-13	-0.028571375688805297	-0.0005184179720922345	0.002846839879853511	-0.03248836756557756	-0.027440480787658796	122339440
2021-01-14	-0.006920503928530013	-0.0023000793829641387	0.008092628123463405	-0.009228551053915783	-0.005764315218439884	85847362
2021-01-15	0.0	0.0011642458782644331	0.020350320276628284	-0.002324131285074548	0.0011642458782644331	76896278
2021-01-18	0.005226635503830663	-0.002324131285074548	0.01686194311328946	-0.002324131285074548	0.006396811623272672	68956341
2021-01-19	0.0	-0.0005710279074924263	0.01504504978145298	-0.007511506880357069	0.0011640918357236957	83185765
2021-01-20	-0.006932497422045811	-0.0005710279074924263	0.006369451065372216	-0.010981746366789313	-0.005776387137140793	67905621
2021-01-21	0.005235756692293314	-0.0005830514610619898	0.025625434951672462	-0.0023302838885775785	0.00640587824900052	105197734
2021-01-22	-0.024305690140081295	-0.0005741049967296758	0.0011640269945803225	-0.026646084866380267	-0.023169820883760118	106330351
2021-01-25	-0.019572937570644745	-0.0006172658064135762	0.010071319586031129	-0.020213005692562385	-0.01843157479382163	93084477
2021-01-26	-0.023593496103363764	0.001164148584388305	0.004798138234422466	-0.02609077379086718	-0.02245678414083318	89744342
2021-01-27	0.005576186733123088	0.0030250789765942296	0.014190478742567542	0.0011641790155987324	0.006746878898585389	44731389
2021-01-28	-0.0036969052182491526	-0.006238122741250498	0.008566523474894758	-0.009939284295286895	-0.002536961187214266	53767158
2021-01-29	-0.016697339317781817	0.0067365909001413414	0.008594038484827909	-0.02855491320890411	-0.01555278011609797	68504521
2021-02-01	-0.013207619878054376	0.0030529834875943625	0.008719949495998898	-0.019614880546023443	-0.012058925868150785	59423317
2021-02-02	0.003824140458533126	0.0011640685852900865	0.010735426793562423	-0.006493017981327817	0.004992611868598953	50392691
2021-02-03	-0.007619144239321434	-0.004556917223377538	0.008791936377075307	-0.006463896309156468	-0.006463896309156468	47717026
2021-02-04	-0.03454900150693452	-0.004600743052093953	-0.0026791228649357033	-0.03918990642094006	-0.03342504585946565	80467808
2021-02-05	-0.001987997574117475	0.005144948867977895	0.01907765112951428	-0.004806981318833732	-0.0008262092441091516	54697200
2021-02-08	-0.011952144355897405	-0.0008302482388386933	0.007147154968835257	-0.02077375625802348	-0.010802002248431086	54238581
2021-02-09	0.022177398600348286	0.0011640550616007833	0.027404241988618523	-0.0069098486082508435	0.0233672901536928	65084201
2021-02-10	-0.0019725104436025768	-0.002785289799480819	0.007088123172801514	-0.00870933758285029	-0.0008106072050243874	46426554
2021-02-18	0.01778669108504839	0.01303571188314643	0.030842980256092334	0.011057126508374702	0.01897146800746179	71272456
2021-02-19	0.031067967959639266	-0.0007799359721556538	0.036156214254554626	-0.0027239438788245703	0.03226819844121662	79505820
2021-02-22	-0.011299390289198703	0.0030494967218005183	0.021903810569954597	-0.010148522971907437	-0.010148522971907437	103614806
2021-02-23	-0.005714453528445251	-0.0026499381375984397	0.010698915462854237	-0.008370875394935398	-0.004556917223377538	56814342
2021-02-24	0.005747296185410992	0.0011641890090583022	0.016507701484292925	-0.004589628169154554	0.006918006187271329	58242587
2021-02-25	0.0	0.0030709991197383495	0.010698915462854237	-0.004556917223377538	0.0011640200339594197	58120805
2021-02-26	-0.011428716358982067	-0.008370875394935398	-0.00074295905181951	-0.014091812652272356	-0.010277854480714327	47793467
2021-03-01	0.0038536139808042517	0.008880268288848539	0.008880268288848539	-0.0026938839286144455	0.005022217549694154	40443019
2021-03-02	-0.009596955538705026	-0.0007575026777776243	0.005007357883696783	-0.014208843987884518	-0.00844398342641011	42527150
2021-03-03	0.019379899107489388	-0.0027163368257664407	0.02444703143189762	-0.004656577415599539	0.020566550252231253	65103481
2021-03-04	-0.013308059332866981	-0.004545970181298215	0.0030674449607184613	-0.014062739108819399	-0.01215938532331506	53461035
2021-03-05	0.026974912060555963	-0.004622909298191553	0.04167369957166004	-0.004622909298191553	0.028170521984619952	110072810
2021-03-08	-0.013133095483265434	0.006799276156401125	0.014312703590404124	-0.013862649287107166	-0.011984292428606458	72747520
2021-03-09	-0.024714858569393632	0.006874152531726969	0.014487567673743814	-0.03309627696386143	-0.023579508036340416	70037602
2021-03-10	-0.013645301017655131	0.00506729559809803	0.010922056543329544	-0.014448574219340869	-0.012496987237597032	48682537
2021-03-11	0.01581028215418886	0.005121370384059342	0.016992882632689887	-0.0008143857402560184	0.016992882632689887	40399878
2021-03-12	0.0	-0.0007835960220669269	0.01090314554492654	-0.014418127850225913	0.0011641942390985933	62601107
2021-03-15	-0.005836553517582566	-0.00857475706672918	-0.0007835960220669269	-0.014418127850225913	-0.004679176544397967	41003794
2021-03-16	0.001957070237054521	0.007041847878687796	0.007041847878687796	-0.00471350443118008	0.0031233971087318954	33069061
2021-03-17	0.0	0.0011640487465210772	0.007030244344645272	-0.004702146851603119	0.0011640487465210772	38335821
2021-03-18	0.0	-0.0007913497861869301	0.012896439942769294	-0.0007913497861869301	0.0011640487465210772	42430063
2021-03-19	-0.007812599297581704	-0.002746748318895111	0.0011640487465210772	-0.008612943917019132	-0.006657545384311125	38957190
2021-03-22	0.01377960553738365	0.005105740080049623	0.020872104630324927	0.0011641489424808853	0.01495971792397182	50673120
2021-03-23	0.005825219692333493	-0.0027239438788245703	0.01866014309453403	-0.0066119596921624035	0.006996095654520185	65940267
2021-03-24	0.007721912950134987	-0.004634152799674113	0.03788632999334947	-0.006566902017538954	0.008895091725378742	110045043
2021-03-25	-0.01149420878301022	-0.004589628169154554	0.008835945246675614	-0.01034344534736758	-0.01034344534736758	50148901
2021-03-26	0.0019381063251843278	0.0011641443538999278	0.006984866123399394	-0.004656577415599539	0.0031043849437330257	39161733
2021-03-29	-0.005802878356247454	0.0031005100901647497	0.005036997561381415	-0.006581927265917888	-0.0046454397947013944	35959853
2021-03-30	-0.011673107035165131	-0.0007835960220669269	0.0031119845002642865	-0.01247033758906022	-0.0105225473278947	49055308
2021-03-31	-0.00787391953596447	0.0031349445112652543	0.0031349445112652543	-0.01263142003901005	-0.006719033332656767	36918200
2021-04-01	0.0039681057737766074	0.0011640518539413284	0.0071233616864053145	-0.0008223847568799414	0.005136925075583868	27502127
2021-04-02	-0.003952422144644043	0.0031427850092876136	0.0031427850092876136	-0.006750141864571378	-0.0027929711150277464	30911529
2021-04-06	0.0	0.0071233616864053145	0.0071233616864053145	-0.0008223847568799414	0.0011640518539413284	25963571
2021-04-07	0.005952357304326022	0.0011640518539413284	0.01506910812969057	-0.0008223847568799414	0.0071233616864053145	42824110
2021-04-08	0.011834272788577743	-0.0008106072050243874	0.02288558392845332	-0.002785289799480819	0.013012170956170984	74213346
2021-04-09	-0.011695860781591164	-0.004690639310621507	-0.0027390523288774956	-0.016400161201084708	-0.010545400255853021	44997760
2021-04-12	-0.017751606651125823	-0.0008106072050243874	-0.0008106072050243874	-0.018582750555132622	-0.016608067960676015	52696447
2021-04-13	-0.008032030821382792	0.0011642052032796216	0.0031745750932460036	-0.014918753916451791	-0.0068772743565860845	51628351
2021-04-14	0.01012148538705728	0.0011641066049268565	0.011297346550320816	-0.0028891893732308355	0.011297346550320816	44723227
2021-04-15	0.0	-0.0008422618844595865	0.015208464832255757	-0.0068612844032279515	0.0011640789551298093	61275465
2021-04-16	0.0	-0.0008422618844595865	0.007183101473897996	-0.0068612844032279515	0.0011640789551298093	53868441
2021-04-19	0.014027933882241331	-0.0008422618844595865	0.019221146511434726	-0.0048549435636385556	0.015208464832255757	80181333
2021-04-20	-0.027667944305196004	0.0011641996345157098	0.00709995575883107	-0.02851458098706074	-0.02653599561228901	143225450
2021-04-21	0.014227722927412244	-0.0008707279338432917	0.015408364075381271	-0.023254479446527112	0.015408364075381271	143014520
2021-04-22	-0.0020041338646658953	-0.0028486027240491605	0.0051767606343086	-0.01087396608240692	-0.0008422618844595865	59295851
2021-04-23	-0.01606426267975479	-0.004866904466619703	-0.0028565345766533206	-0.01692912380641835	-0.014918753916451791	43782556
2021-04-26	-0.014285591694178146	-0.000878981313372168	0.005250595488386336	-0.01518132718414177	-0.013138134916888995	47082016
2021-04-27	-0.002070523407755275	-0.0009087170507156858	0.005309693424072258	-0.01127273450869596	-0.0009087170507156858	42847125
2021-04-28	-0.010373473717881602	-0.0009128872890572112	-0.0009128872890572112	-0.015452616580068728	-0.009221304026778157	52769147
2021-04-29	0.006289494302913856	-0.003033506679570479	0.02425189208498862	-0.005132383507613443	0.0074608774606445315	73656894
2021-04-30	-0.018749925694854844	0.001164061797685891	0.003249820259764359	-0.01760776436102069	-0.01760776436102069	50131189
2021-05-06	0.01486186487729672	0.018168894451383366	0.03942503003491948	0.013917667334676032	0.016043280893029793	65985801
2021-05-07	-0.008368307751984385	-0.007213827291230979	0.0011641150944970361	-0.01140279848409508	-0.007213827291230979	43582015
2021-05-10	-0.0147678059380443	-0.005172259386865031	-0.000947937770673277	-0.01362090261924835	-0.01362090261924835	47963730
2021-05-11	0.012847915241919318	-0.0009797258911325556	0.022602297746630286	-0.003123546221838234	0.014027016423807574	52795107
2021-05-12	0.0	-0.005185733940099428	0.009630648745898963	-0.0073023600380991704	0.0011641443538999905	33101454
2021-05-13	-0.004228172293364329	-0.003069107842099684	0.005397396549899477	-0.005185733940099428	-0.003069107842099684	31565666
2021-05-14	0.048832145398769414	0.0032895995429079753	0.05430432494339487	0.0032895995429079753	0.05005309782668772	161784161
2021-05-17	-0.03846152287193866	-0.027208965242176447	-0.015049077307703551	-0.04139550116572792	-0.03734220518757041	139881570
2021-05-18	0.002105395389207288	-0.003051337376068934	0.02013351524309213	-0.005159051250538275	0.0032718042473385274	67662024
2021-05-19	-0.006302705708695769	-0.0009393273608434384	0.007473815145591572	-0.0072491842406697425	-0.00514589861406085	51282168
2021-05-20	0.014799238014604829	-0.0009524817440999409	0.0223304053338978	-0.003069107842099684	0.01598052703989838	88104448
2021-05-21	-0.014583414591006856	0.001164061797685891	0.001164061797685891	-0.015522005898942223	-0.01343624743686357	50283060
2021-05-24	0.010570854058630482	0.005397396549899477	0.020213779235898056	0.0032807704518997335	0.011747274843898895	75586350
2021-05-25	0.027196686021109924	0.0011641150944970361	0.038864855830273014	-0.0030248560983670647	0.02839242784811304	161223257
2021-05-26	0.048879848279802386	0.005242144073424677	0.10107658782890343	0.005242144073424677	0.05010081987386161	360153715
2021-05-27	-0.005825219692333493	-0.008555967598831492	0.020604151001202945	-0.01633199922550733	-0.004667951785493487	185168886
2021-05-28	0.009765651352050481	0.0011640487465210772	0.024628831139017687	-0.008612943917019132	0.010941041410061287	166410376
2021-05-31	-0.013539726749998813	-0.0027089523234847296	-0.0027089523234847296	-0.022073827035650178	-0.012391389679567539	107931227
2021-06-01	-0.0019607111798620523	-0.002762035072152571	0.001164098648035721	-0.018466569952906086	-0.0007989682120584251	87012351
2021-06-02	-0.03143438677818336	-0.006703668430210333	0.005097872142896177	-0.03227367300527421	-0.030306749576423177	110864800
2021-06-03	-0.006085169630322784	0.011318029668171938	0.021471825146768004	-0.006958802193301198	-0.00492804309758184	95598120
2021-06-04	0.006122425628823209	-0.007008558115130491	0.03794167176443145	-0.007008558115130491	0.007293787755639111	116077363
2021-06-07	0.0	-0.002897284001862663	0.011318029668171938	-0.008989561289020375	0.0011642341895756914	64408670
2021-06-08	0.0	0.0011642341895756914	0.011318029668171938	-0.00492804309758184	0.0011642341895756914	65286584
2021-06-09	-0.008113491815127117	0.0011642341895756914	0.003194993285295049	-0.01305107948045873	-0.006958802193301198	59500585
2021-06-10	0.0	-0.0008832355986940907	0.009353616495581548	-0.0029306060175491823	0.0011641348201610008	60497967
2021-06-11	0.0	0.003211505239016274	0.013448357333291912	-0.0029306060175491823	0.0011641348201610008	81691738
2021-06-15	-0.006134945460099371	-0.0029306060175491823	0.0073062460767264565	-0.004977976436404274	-0.004977976436404274	51075485
2021-06-16	0.004115278897335134	0.0011641107798389227	0.011464153071812536	-0.0008958976785559464	0.005284127696628295	46654581
2021-06-17	-0.0020493089711275006	0.0011640583744296047	0.00937032114799051	-0.002939073012350757	-0.0008875073189605763	43576808
2021-06-18	0.006160140631703724	0.001164187431915222	0.011443080526698709	-0.0008915911870414388	0.0073315232887853875	56981927
2021-06-21	-0.004081480873064182	0.007293787755639111	0.009336980022892067	-0.004965365847877716	-0.0029221735806249424	47170758
2021-06-22	-0.004098412785685634	0.0032156240678197856	0.007318755454600329	-0.00499063870574112	-0.002939073012350757	48285422
2021-06-23	-0.006172815345579767	0.003224119238233609	0.003224119238233609	-0.009135931512134874	-0.005015914595345319	59017899
2021-06-24	-0.002070523407755275	0.0011640864408802953	0.011528103898860385	-0.0029815205423118513	-0.0009087170507156858	54639601
2021-06-25	0.024896378464999282	0.003241321079803354	0.032320779661826574	-0.0009128872890572112	0.026089467108536	120003737
2021-06-28	-0.01619433608633204	-0.0008625413841520795	-0.0008625413841520795	-0.02112902127494	-0.015049077307703551	62916292
2021-06-29	-0.010288094242914901	-0.0029559061369506326	0.005284127696628295	-0.011195939970529561	-0.009135931512134874	45577941
2021-06-30	0.010395039387795353	0.0032455618352067108	0.01573409579996024	-0.0009172828197112554	0.011571251145042458	44141435
2021-07-01	-0.02469146738316512	0.005284127696628295	0.013524161530207223	-0.0297360160960821	-0.02355599072089786	63026537
2021-07-02	-0.0147678059380443	-0.000947937770673277	0.001164223037422506	-0.015733063427344134	-0.01362090261924835	53054434
2021-07-05	0.0	0.00545173510098467	0.00545173510098467	-0.003123546221838234	0.0011640944395731228	31046186
2021-07-06	0.004282495492617705	0.0011640944395731228	0.009739375762396026	-0.0009797258911325556	0.00545173510098467	32475609
2021-07-07	-0.002132116965016436	-0.0009704248821551508	0.007568289435091394	-0.005239782040778329	-0.0009704248821551508	26622854
2021-07-08	-0.004273345201835076	0.005442653615593167	0.007581893304136936	-0.005253544827125871	-0.0031143051385821015	29435691
2021-07-09	-0.0021460573688464454	-0.0009844063333721664	0.0033124349297100116	-0.0074296682279956245	-0.0009844063333721664	34874650
2021-07-12	0.008602045432183117	0.0076232729111031464	0.022694561181141076	0.005470231729669211	0.009776314092537272	66260951
2021-07-13	-0.006396350895049308	0.0011642536971566276	0.005433610855779806	-0.007374460620089917	-0.005239782040778329	34330763
2021-07-14	-0.006437742422413158	0.0033124349297100116	0.0033124349297100116	-0.0074296682279956245	-0.005281247596454535	35264126
2021-07-15	-0.002159962652042326	0.0011639882827053868	0.005488670737490391	-0.01397240030904184	-0.0009983529446870195	43656919
2021-07-16	0.002164638189687235	0.0033311460858817146	0.009832211827258972	-0.007503963483080253	0.0033311460858817146	43398298
2021-07-19	-0.010799164557843322	-0.0009983529446870195	-0.0009983529446870195	-0.01397240030904184	-0.009647717854256836	40868754
2021-07-20	-0.006550192090148436	-0.005393825790903228	0.0011640171159699921	-0.00757977342652757	-0.005393825790903228	27172183
2021-07-21	0.004395439973067538	0.005564711499743666	0.016566513594926818	0.0011639906616702875	0.005564711499743666	38397853
2021-07-22	0.015317154345337307	0.0033548857467961763	0.018690004087904475	0.0011641545552093316	0.01649927289631744	55250722
2021-07-23	0.0064657088286291416	0.0011642850176626287	0.03137182810009223	-0.0074664415773172295	0.00763732996389757	91764041
2021-07-26	-0.017130625116570312	0.003307914770278801	0.00545173510098467	-0.020274108867484042	-0.015986468206072683	62554727
2021-07-27	-0.026143906324194433	0.0011640986480358371	0.005526469448245245	-0.027191311553324632	-0.025010126153220028	61521949
2021-07-28	-0.02460848207826446	-0.0010755236178445879	0.005643699317461446	-0.027952415359068523	-0.02347293340219777	52105939
2021-07-29	0.004587214949494001	0.010349190457711132	0.019534183098235784	-0.0034282985030759513	0.005756694137448703	50528165
2021-07-30	-0.02283111389567831	-0.0034073867170204995	-0.0011216238425183018	-0.023979252587540887	-0.021693489713038486	49115632
2021-08-02	0.018691595343463742	-0.003514133140336375	0.040930072189085336	-0.02222748275272444	0.019877553875148814	76152904
2021-08-03	-0.004586985324678159	-0.010317042983469494	0.01723793493810447	-0.010317042983469494	-0.0034282985030759513	57428267
2021-08-04	-0.002304292040930544	0.001164026192665506	0.008084514852983529	-0.008063292021091788	-0.0011428033607737663	41154683
2021-08-05	-0.018475756451208164	-0.0011479861686740683	0.00578848614959888	-0.017333088244644693	-0.017333088244644693	40846079
2021-08-06	0.0	0.0011641772621245174	0.010586898930473933	-0.0011915031549627841	0.0011641772621245174	30168929
2021-08-09	0.018823535508819787	0.003519857679211819	0.024720981432997953	-0.0011915031549627841	0.020009620598823347	53622476
2021-08-10	0.01616637360071134	0.0011641712707502476	0.019661430786145188	-0.005772301047522906	0.017349273346720873	63123659
2021-08-11	-0.01136366739144892	-0.0011112921296672572	0.005714826602931884	-0.014763529594865338	-0.010212783773132712	47779829
2021-08-12	-0.004597759878037478	0.0011641122021882012	0.005767165591623656	-0.005740467881964674	-0.003438941187247049	31612858
2021-08-13	-0.006928379767235064	0.0011641712707502476	0.00578848614959888	-0.008084458486947223	-0.005772301047522906	34465291
2021-08-16	0.006976717112921955	0.0011641443538998588	0.015133876600698579	0.0011641443538998588	0.00814901047729922	46737835
2021-08-17	-0.004618996916738035	-0.0011479861686740683	0.02659790310441834	-0.005772301047522906	-0.00346014360809859	82742645
2021-08-18	0.05336437639315148	0.001164230887519267	0.06155928889929553	-0.0011586559590874568	0.05459062835947515	184153601
2021-08-19	-0.028634396691659774	-0.005451493046650596	0.0055745436158033505	-0.02750356637155849	-0.02750356637155849	120116052
2021-08-20	0.04081639602694467	-0.001106048030453499	0.042028008986413165	-0.0033762615576571667	0.042028008986413165	160812642
2021-08-23	-0.010893276125202597	0.005526469448245245	0.016432396448768472	-0.018466569952906013	-0.009741828352487391	123297919
2021-08-24	-0.004405342688116846	-0.007656700379141346	0.012190165613275796	-0.012067115044122846	-0.0032462857141598456	102422873
2021-08-25	-0.01769912092468596	-0.003265744414301301	-0.0010507794018886842	-0.01877049950119001	-0.016555534488777196	77123269
2021-08-26	-0.006756730856173473	0.0034190659092995434	0.010183688825542069	-0.007855305617771197	-0.005600431312357089	63136691
2021-08-27	-0.011337900397559726	-0.001106048030453499	0.005704592551156899	-0.012457115666471234	-0.010186902139267566	57670009
2021-08-30	-0.013761415223666161	0.0011641978171864776	0.010349190457711132	-0.012613291143600606	-0.012613291143600606	58524355
2021-08-31	0.006976717112921955	-0.010477299185098935	0.012805587892898653	-0.017462165308498295	0.00814901047729922	67190745
2021-09-01	0.02540413621844343	-0.00346014360809859	0.03815869030154013	-0.008084458486947223	0.02659790310441834	159719533
2021-09-02	0.006756730856173473	-0.0033455570069429812	0.01694831174178439	-0.007855305617771197	0.00792881452012776	130111580
2021-09-03	0.004474330552620231	0.039239813993991214	0.05043851888616801	0.0011642173605906905	0.005643699317461446	162363206
2021-09-06	0.028953266147562703	-0.0032953686235152003	0.039070152620675515	-0.0032953686235152003	0.030151095516635376	176460322
2021-09-07	0.004328842974991844	-0.0010028977417029955	0.009832211827258972	-0.016172051138249866	0.005498167999674069	129995535
2021-09-08	0.07327594763220324	0.003321966666407737	0.1004176408599309	0.003321966666407737	0.07452546107499153	633647084
2021-09-09	-0.04618462955617672	-0.022960233476317496	-0.014918753916451791	-0.049095042045881	-0.04507430226594823	388395318
2021-09-10	-0.008420949242666722	0.005379518121807681	0.02645665686649978	-0.007266765125007429	-0.007266765125007429	238242017
2021-09-13	-0.00636961358896244	-0.0030872411321527446	0.009666440217968884	-0.009464081807213654	-0.005212854690506506	124611638
2021-09-14	-0.027777599507803723	0.0011641742385054379	0.0033034139270493976	-0.030924421089651676	-0.026645941712564136	126786389
2021-09-15	0.010988819968710779	-0.0010363697573663037	0.023167594852036785	-0.0032367301764028946	0.01216579275685344	106890100
2021-09-16	-0.023913024079522078	0.0011641798256276322	0.005517067564000027	-0.027129590473792257	-0.022776702735419863	110827232
2021-09-17	-0.004454400094185224	0.003393924204514955	0.007853452756534925	-0.014444190003565328	-0.0032953686235152003	77229388
2021-09-22	0.0	-0.007794746553150622	0.007883440295896724	-0.014513969488456457	0.0011642173605906905	55903495
2021-09-23	0.03355714318350512	0.012362922252767281	0.06387696475677987	0.010123181274332003	0.03476033203712066	167615547
2021-09-24	-0.01948044349403666	-0.005336941569287898	0.0011641241720893596	-0.02267311687962712	-0.01833907305204222	90875731
2021-09-27	-0.028697604919450517	-0.00546617888834553	0.005584196901783925	-0.03198708078465634	-0.02756693046860444	76546991
2021-09-28	0.002272642463373296	0.0034394536920655714	0.010265572424664714	-0.0011112921296672572	0.0034394536920655714	43561968
2021-09-29	-0.013605389668530773	-0.005646475084860633	-0.0033762615576571667	-0.019267756248081632	-0.012457115666471234	52332613
2021-09-30	0.002298764862684191	0.005767165591623656	0.010370218981058906	-0.003438941187247049	0.003465638896906031	35448905
2021-10-08	0.006880707611832979	0.008052942297579815	0.012645438617842245	0.00346044597731759	0.008052942297579815	39138996
2021-10-11	0.0	0.0034447803197112234	0.008005892957527995	-0.0033968886370141366	0.0011642240008026352	33397570
2021-10-12	-0.011389326312260717	-0.0011163323181057506	-0.0011163323181057506	-0.019360782869373244	-0.010238557593739496	41334511
2021-10-13	0.0	0.001164026192665506	0.0103913444064228	-0.008063292021091788	0.001164026192665506	33337299
2021-10-14	-0.023041536311573185	-0.003449632914213039	-0.003449632914213039	-0.0242110988951669	-0.021904269341727626	55870394
2021-10-15	-0.030660414113580198	-0.0035583827421980232	-0.0011971466823452522	-0.031893215460429385	-0.029531979400576613	70002741
2021-10-18	0.012165483904520538	-0.006143640013534023	0.013343739594043757	-0.011015484915428577	0.013343739594043757	41650323
2021-10-19	0.03365379408701897	-0.0012425505329152152	0.05411027196767009	-0.00605583944600971	0.034857116315292536	120253266
2021-10-20	-0.005820721769499501	-0.01513387660069837	0.005820721769499501	-0.019790454016298014	-0.005820721769499501	52701161
2021-10-21	-0.011709601873536259	-0.00234192037470721	0.007025761124121839	-0.01405152224824347	-0.011709601873536259	38452578
2021-10-22	-0.016587677725118342	0.0	0.007109004739336552	-0.018957345971564	-0.016587677725118342	36722324
2021-10-25	0.0	-0.00240963855421703	0.007228915662650447	-0.012048192771084508	0.0	50781539
2021-10-26	-0.01686746987951814	-0.00240963855421703	0.0	-0.01686746987951814	-0.01686746987951814	43612784
2021-10-27	-0.03431372549019611	-0.007352941176470649	-0.007352941176470649	-0.03676470588235292	-0.03431372549019611	69893189
2021-10-28	-0.0101522842639594	0.0	0.0050761421319797	-0.0152284263959391	-0.0101522842639594	43135931
2021-10-29	0.010256410256410265	0.0	0.023076923076923155	-0.010256410256410265	0.010256410256410265	70683244
2021-11-01	-0.0025380710659897937	0.022842639593908705	0.030456852791878087	-0.007614213197969494	-0.0025380710659897937	106757023
2021-11-02	-0.025445292620865163	-0.007633587786259605	0.007633587786259492	-0.03307888040712477	-0.025445292620865163	107558120
2021-11-03	0.005221932114882511	-0.0026109660574413136	0.005221932114882511	-0.015665796344647532	0.005221932114882511	97830342
2021-11-04	0.015584415584415598	-0.0025974025974026572	0.031168831168831197	-0.005194805194805199	0.015584415584415598	97384277
2021-11-05	-0.002557544757033307	-0.007672634271099808	0.007672634271099694	-0.010230179028133002	-0.002557544757033307	104293574
2021-11-08	0.01282051282051289	-0.0051282051282051325	0.017948717948718024	-0.012820512820512775	0.01282051282051289	95067748
2021-11-09	0.005063291139240511	-0.0025316455696203113	0.00759493670886071	-0.005063291139240511	0.005063291139240511	72628348
2021-11-10	-0.0025188916876574888	-0.005037783375314866	0.0	-0.010075566750629731	-0.0025188916876574888	60756935
2021-11-11	0.015151515151515053	-0.0025252525252524713	0.02020202020202022	-0.005050505050505055	0.015151515151515053	105676087
2021-11-12	-0.007462686567164021	-0.0024875621890546734	0.0	-0.012437810945273478	-0.007462686567164021	62692970
2021-11-15	-0.005012531328320806	0.005012531328320695	0.01253132832080196	-0.007518796992481265	-0.005012531328320806	58583315
2021-11-16	-0.010075566750629731	0.005037783375314866	0.0075566750629722425	-0.01259445843828722	-0.010075566750629731	54809792
2021-11-17	-0.0025445292620865727	0.0025445292620864595	0.0025445292620864595	-0.007633587786259605	-0.0025445292620865727	53010809
2021-11-18	-0.015306122448979605	0.0	0.0	-0.015306122448979605	-0.015306122448979605	55059251
2021-11-19	0.020725388601036288	0.0025906735751295936	0.02590673575129536	-0.0025906735751294787	0.020725388601036288	85583662
2021-11-22	0.0	0.0	0.0101522842639594	-0.007614213197969494	0.0	77985791
2021-11-23	0.0050761421319797	0.0	0.012690355329949306	-0.0025380710659897937	0.0050761421319797	83868390
2021-11-24	-0.0075757575757575265	0.0	0.0025252525252525836	-0.015151515151515166	-0.0075757575757575265	67432974
2021-11-25	-0.007633587786259605	-0.0025445292620865727	0.0025445292620864595	-0.010178117048346065	-0.007633587786259605	63574882
2021-11-26	-0.0051282051282051325	0.0025641025641026235	0.0025641025641026235	-0.007692307692307642	-0.0051282051282051325	55096153
2021-11-29	-0.010309278350515474	-0.005154639175257737	0.0	-0.012886597938144284	-0.010309278350515474	54589483
2021-11-30	0.005208333333333338	0.002604166666666727	0.013020833333333403	-0.005208333333333338	0.005208333333333338	56176171
2021-12-01	0.010362694300518144	-0.0025906735751294787	0.01813471502590681	-0.005181347150259072	0.010362694300518144	70805281
2021-12-02	0.02051282051282053	0.0	0.0461538461538462	-0.0051282051282051325	0.02051282051282053	179039741
2021-12-03	-0.002512562814070298	0.00251256281407041	0.00251256281407041	-0.015075376884422124	-0.002512562814070298	101058563
2021-12-06	-0.005037783375314866	0.005037783375314866	0.02015113350125935	-0.0075566750629723544	-0.005037783375314866	170289346
2021-12-07	0.0	0.00759493670886071	0.010126582278481022	-0.005063291139240511	0.0	95973909
2021-12-08	0.01265822784810122	0.005063291139240511	0.01265822784810122	-0.005063291139240511	0.01265822784810122	110514671
2021-12-09	0.020000000000000018	-0.0024999999999999467	0.03249999999999997	-0.0050000000000000044	0.020000000000000018	236986353
2021-12-10	-0.01715686274509811	-0.01225490196078427	-0.0024509803921568107	-0.022058823529411728	-0.01715686274509811	136949576
2021-12-13	0.0024937655860348597	0.01745635910224446	0.02743142144638412	0.0	0.0024937655860348597	144902401
2021-12-14	-0.007462686567164021	-0.004975124378109347	0.0024875621890548946	-0.012437810945273478	-0.007462686567164021	81458686
2021-12-15	0.0025062656641603475	0.0	0.01253132832080196	-0.005012531328320806	0.0025062656641603475	78720475
2021-12-16	0.012499999999999956	0.0	0.012499999999999956	-0.0050000000000000044	0.012499999999999956	99412761
2021-12-17	-0.0024691358024690833	-0.0024691358024690833	0.019753086419753103	-0.007407407407407469	-0.0024691358024690833	155130237
2021-12-20	-0.0024752475247524224	-0.0024752475247524224	0.01980198019801982	-0.004950495049505065	-0.0024752475247524224	132335154
2021-12-21	0.02481389578163763	0.002481389578163719	0.05459057071960291	-0.002481389578163939	0.02481389578163763	323231999
2021-12-22	-0.01937046004842617	-0.0048426150121064345	0.0	-0.021791767554479386	-0.01937046004842617	187406951
2021-12-23	-0.009876543209876552	-0.0024691358024690833	0.0024691358024690833	-0.014814814814814718	-0.009876543209876552	119229144
2021-12-24	-0.01246882793017452	0.0	0.004987531172069941	-0.01246882793017452	-0.01246882793017452	89857039
2021-12-27	0.005050505050505055	0.0025252525252525836	0.01010101010101011	0.0	0.005050505050505055	64499443
2021-12-28	0.012562814070351825	0.0	0.012562814070351825	-0.002512562814070298	0.012562814070351825	87916338
2021-12-29	-0.002481389578163939	-0.002481389578163939	0.002481389578163719	-0.007444168734491377	-0.002481389578163939	68164114
2021-12-30	0.007462686567164241	-0.0024875621890546734	0.01243781094527381	-0.0024875621890546734	0.007462686567164241	107969218
2021-12-31	0.0	0.0024691358024690833	0.007407407407407469	-0.0024691358024690833	0.0	87797980
