2019-05-21	-0.003955242280192012	0.04843299591456771	0.12332106705132248	0.0030681066682642453	0.08803726430419759	175416199
2019-05-22	-0.051621388640519836	0.06271738715531806	0.07500731612242037	0.02946228524433538	0.03596871822691895	114719879
2019-05-23	-0.04675512198007488	0.08244800647761272	0.08244800647761272	0.034423904781775046	0.041284490738323285	113401532
2019-05-24	-0.01317706592371411	0.07316558257217476	0.10915101566885715	0.07236590628113738	0.07796364031839913	64553372
2019-05-27	0.01038574489395708	0.09803019056293705	0.10856479755726772	0.08749558356860622	0.10370267125219196	65893115
2019-05-28	-0.030102876517942197	0.088347598814062	0.08914962357368915	0.05225648463083952	0.05947470746748413	100975947
2019-05-29	0.03103718506749347	0.08408864653227657	0.18910715004837061	0.07747330772811317	0.1262614314088182	127892632
2019-05-30	0.005139454862166818	0.09155569785257059	0.10679416828548681	0.0666929303041286	0.09797189592958791	81130223
2019-05-31	0.024105279989888657	0.08517645767125594	0.14502074761636197	0.08118683834158229	0.1186892600405153	127966239
2019-06-03	-0.047075629173086816	0.07833310894031645	0.08768281797737129	0.0401551303723428	0.04093427279209735	87339514
2019-06-04	-0.0471557572892391	0.08826953370226033	0.08908716671030108	0.03103522313940658	0.04084681923589586	82738285
2019-06-05	-0.010997545756104196	0.10866162488777158	0.11381020828508326	0.07691202727101658	0.0803444162025576	47528158
2019-06-06	-0.05798258804433194	0.09409294792455937	0.10016642186228494	0.019475982403931256	0.029020012877499925	74673466
2019-06-10	0.0033726775539550313	0.0941998290727238	0.10525235259871082	0.08314730554673659	0.09604191632705494	38363428
2019-06-11	0.04033618181679661	0.09602953661909029	0.14284486858523232	0.08960390281981587	0.13641923478595805	66946199
2019-06-12	-0.025040403117048998	0.08441648510705267	0.08882826901717093	0.06412227912050908	0.0650046359025327	51181040
2019-06-13	0.004971087363819585	0.08873763812170948	0.10231292039255377	0.07425733703280893	0.09778782630227245	42278007
2019-06-14	-0.02555666562383887	0.08785491041316698	0.09595978971260281	0.06354027251485948	0.06444081465924122	36795494
2019-06-17	0.00846032070221429	0.09513032050814048	0.11361353266861553	0.09513032050814048	0.10159944476430674	22286470
2019-06-18	0.02181214819115823	0.09235774789556174	0.13451249320025632	0.08869211786906664	0.11618434306778035	57337603
2019-06-19	0.0	0.10760404706859797	0.11567565550877398	0.08966713942376245	0.09235767557048773	50185268
2019-06-20	0.0049260129465012025	0.08877029404152069	0.10311982015738917	0.08518291251255349	0.09773874786393845	47183276
2019-06-21	0.0008170372115604118	0.09235777930089095	0.104852067626228	0.08968043180260452	0.09325022846698644	49673217
2019-06-24	-0.009795818276259596	0.09414117274634329	0.09681633453789924	0.07987364319137873	0.08165708438574942	33034974
2019-06-25	-0.018136918787848625	0.09325816327945759	0.09595978971260281	0.06444081465924122	0.07254569395867706	37598721
2019-06-26	0.0	0.0831859277180217	0.09877793514495344	0.0831859277180217	0.0923576967926874	20474734
2019-06-27	-0.002518842940975367	0.0905233429777543	0.09877793514495344	0.08868898916282103	0.08960616607028773	25354189
2019-06-28	-0.005892294823650063	0.09235764340941002	0.09603561527274129	0.08408220671691434	0.08592119264858014	24219093
2019-07-01	0.03640973384117645	0.10623183122898017	0.1423046083342729	0.10253205921818082	0.13213023530457496	63173743
2019-07-02	-0.011437807002513265	0.09325022846698644	0.09325022846698644	0.076293694311172	0.07986349097555392	36500117
2019-07-03	-0.013223215254585266	0.09235766715013276	0.09235766715013276	0.07520494345108113	0.07791326824566819	28245847
2019-07-04	0.0025126972865340547	0.09144287742035241	0.09967672980659144	0.09052800493299254	0.09510236736979207	21809827
2019-07-05	0.014202017713167205	0.09235760338384463	0.11152177186426288	0.08870728557805058	0.10787145405846899	36550544
2019-07-08	-0.0255354375167308	0.09145796919533092	0.09145796919533092	0.06266435417946066	0.06446395511795251	33236864
2019-07-09	0.0050718458399682965	0.09328116855505447	0.1015915828430574	0.08774089236305246	0.09789806538172284	21297021
2019-07-10	-0.015138664210867533	0.0914390752828371	0.09327651480351523	0.07490211959673337	0.07582083935707261	21867913
2019-07-11	-0.01451753611869934	0.09888756757039124	0.10261893452309215	0.07276799890148557	0.0764993658541863	29325627
2019-07-12	0.011265104519417122	0.08762478932594252	0.12170180622388321	0.08478503791778084	0.10466329777491286	29014068
2019-07-15	-0.00514138264038499	0.08580549872497413	0.09235777328624556	0.06802075348723753	0.08674153794801288	24409887
2019-07-16	0.003445396130701308	0.08671250743057317	0.1045891633969635	0.08671250743057317	0.09612127372867334	17883379
2019-07-17	-0.0034335661352244986	0.09235766884309943	0.09704589918148172	0.08673179243704049	0.08860708457239341	15221529
2019-07-18	0.018949161236710685	0.09894390361810333	0.128111079142214	0.09894390361810333	0.11305705306525367	55467603
2019-07-19	-0.008453076399946998	0.08774089236305246	0.0969746860163892	0.08220061617105061	0.08312399553638425	28775452
2019-07-22	-0.0443306351878892	0.09235777930089113	0.09422028190839474	0.03927645498703706	0.04393271150579625	37575790
2019-07-23	0.005352357441240396	0.09722986488189136	0.10112766191521966	0.09040872007356697	0.09820431414022339	16770434
2019-07-24	0.0017745238164010569	0.09332688709868459	0.10301950134601348	0.08944984139975316	0.09429614852341744	22972702
2019-07-25	-0.004428741412317007	0.09139018921493622	0.09235773370892107	0.08461737775704226	0.08752001123899682	19943632
2019-07-26	0.0008897273566331242	0.0923577813824721	0.09818887274216506	0.08847038714267673	0.09332962994242089	15390881
2019-07-29	-0.000888936445559202	0.09138674473901102	0.0942996986840439	0.08944477544232243	0.09138674473901102	11828356
2019-07-30	0.0008897273566331242	0.0913859328225233	0.10110441842201146	0.0913859328225233	0.09332962994242089	14611945
2019-07-31	-0.0071111031706143964	0.09138674473901102	0.09138674473901102	0.08361886755225649	0.08458985220060079	17406806
2019-08-01	-0.008057238371035502	0.08942390403368496	0.09137978177880822	0.07964451530806825	0.08355627079831497	20348540
2019-08-02	-0.024368251511998392	0.07658353903768811	0.07658353903768811	0.05686589180256569	0.0657388330583708	27231062
2019-08-05	-0.020351603764986202	0.08528413324702251	0.08932615981405045	0.06911602697891044	0.07012653362066743	22022312
2019-08-06	-0.05382435588541518	0.06966478129223343	0.06966478129223343	0.006743323569160921	0.03356230554948691	41276801
2019-08-07	0.024950236126974674	0.09889882270652016	0.14141574144218916	0.08363633905781842	0.11961219337261522	32247773
2019-08-08	-0.007789881875404639	0.08916669494174606	0.09873944909650749	0.08384849818910074	0.08384849818910074	16885474
2019-08-09	0.0	0.10200574693853037	0.11701360730539759	0.0891418666240729	0.09235783670268723	20763210
2019-08-12	0.008832233024903876	0.09986176688612083	0.10522171701714489	0.09128584667648246	0.10200574693853037	14230803
2019-08-13	-0.01848241750254708	0.0827943447319664	0.0827943447319664	0.0700430865015606	0.07216829620662821	15171392
2019-08-14	0.003964316603588228	0.10534907757482746	0.10859692011422453	0.09452293577683683	0.09668816413643506	13351471
2019-08-15	-0.00888443750425272	0.06216421188116392	0.08588767651201232	0.053537497469946335	0.0826526586078056	17344923
2019-08-16	0.00796790035261167	0.0977976699054055	0.10976573171805108	0.0934456474280799	0.1010616867633997	15204788
2019-08-19	0.025691782586671128	0.09559610304561694	0.12474003879165795	0.09559610304561694	0.12042241868113343	25176819
2019-08-20	-0.0067436782423268265	0.0965672708766361	0.0965672708766361	0.08183412136389813	0.08499122483091351	19766329
2019-08-21	-0.004849602152930028	0.09235773391394643	0.09871481092993434	0.08600065689795833	0.08706016973395632	16285214
2019-08-22	0.0	0.09661637420724221	0.09874572639016885	0.08596961329260863	0.09235766984138874	13757136
2019-08-23	-0.007797368291050147	0.08916364156699878	0.09235766984138874	0.08171090892675537	0.083840261109682	13833094
2019-08-26	-0.012770070169500998	0.07089691694357443	0.08270038997601857	0.06338561592292809	0.07840821796422077	13482874
2019-08-27	0.010945206794182174	0.0977923179102207	0.11083539495469867	0.0977923179102207	0.10431385643245968	16337468
2019-08-28	0.003937111156649907	0.09235777469518819	0.10095901701562274	0.09020746411507959	0.09665839585540537	13984430
2019-08-29	0.0411764220810035	0.09664141785454325	0.16089775093195785	0.09664141785454325	0.1373370954702391	54655168
2019-08-30	-0.02165717453757362	0.09750064029442232	0.10470073821575408	0.06355732152242986	0.06870024860909546	29585991
2019-09-02	0.013474373279523557	0.08815220925913436	0.11023065988178354	0.08815220925913436	0.10707659550711927	17437056
2019-09-03	0.006647717942230259	0.09546988967186633	0.10273152719810033	0.09028300572455629	0.09961939682971423	16118768
2019-09-04	-0.0028303400499248084	0.09029665859112039	0.09132718473345602	0.08308297559477079	0.08926613244878476	16219669
2019-09-05	0.006622665072120434	0.10165893714095325	0.11199344874640306	0.09649168133822826	0.09959203481986333	29586236
2019-09-06	-0.00469929414595855	0.09441101950751711	0.09851762746064091	0.07798458769502152	0.08722445558955026	19989410
2019-09-09	0.009442860405342092	0.10060976050030197	0.10473575772804453	0.09338926535175263	0.10267275911417316	19896307
2019-09-10	-0.002806306981555823	0.09235777711221274	0.09235777711221274	0.08520482627985959	0.08929222675549003	15626833
2019-09-11	0.014071329934249543	0.09440716947366386	0.12412421808296756	0.09235771784543607	0.10772860505714486	34643619
2019-09-12	-0.003700273220785869	0.09437869302283554	0.09842071958986347	0.08326311996350855	0.08831565317229347	16429753
2019-09-16	0.0064995788793809	0.10554305086066021	0.112642868618481	0.09540045406377345	0.09945749278252809	16873211
2019-09-17	-0.02490797088524293	0.09538075818084163	0.09739617815909538	0.06313403852878388	0.06514945850703745	20556091
2019-09-18	0.0	0.0923578766960484	0.10372583946204318	0.09132442553550345	0.0923578766960484	11201533
2019-09-19	0.002838373612436738	0.09442477901713833	0.09855858365931837	0.08615716973277845	0.0954582301776833	9896395
2019-09-20	-0.0009434466833082695	0.09338823701812728	0.09751034158746999	0.08823560630644912	0.09132718473345602	9672429
2019-09-23	0.009442860405342092	0.09854676188643077	0.10267275911417316	0.08823176881707466	0.10267275911417316	14280641
2019-09-24	0.01122553448125946	0.09440147735002806	0.10666367877691904	0.09440147735002806	0.1046199785391039	17975281
2019-09-25	-0.011100920713021708	0.0913471730975646	0.0913471730975646	0.07821058675472346	0.08023160003823743	13394224
2019-09-26	-0.023386368376354626	0.09235777711221274	0.09848887782565832	0.06578967402061545	0.06681152413952302	16508622
2019-09-27	-0.01078044152181772	0.06724613248835325	0.06724613248835325	0.04527341799594607	0.04736605747141339	12717819
2019-09-30	-0.011988014735343099	0.05878017523499416	0.06195334259334073	0.0460875058016077	0.0460875058016077	10422700
2019-10-08	-0.0080889092722807	0.050215727799499475	0.06199184707146118	0.050215727799499475	0.050215727799499475	8323714
2019-10-09	0.027522778342604335	0.06849368293583209	0.09979299284001293	0.06849368293583209	0.08792084080739264	14766609
2019-10-10	-0.0029761388951648083	0.058780266226516616	0.0629817752194789	0.051427625488832444	0.055629134481794906	8750808
2019-10-11	0.0	0.05983372409873309	0.0640477746915709	0.052459135561266725	0.05878021145052363	8830053
2019-10-14	0.004975108129904423	0.06931533793261836	0.07142236322903726	0.06299426204336145	0.0640477746915709	12221677
2019-10-15	-0.009900957923549553	0.05878022856863701	0.06192512033666279	0.04620066149653448	0.04829725600855153	9714196
2019-10-16	-0.0020000357867706407	0.0598389743553907	0.06407409513203571	0.05560385357874587	0.05666263377290708	7965777
2019-10-17	-0.006012025748941078	0.05665842805508765	0.06090203619988711	0.05135391787408814	0.052414819910288006	6915100
2019-10-18	-0.007056364678066731	0.05771291515498746	0.06411682786026493	0.0502416836654971	0.051309002449709984	7964362
2019-10-21	-0.004060878675727293	0.0587801412401958	0.06092994863357687	0.04910600796998083	0.05448052645343368	6936428
2019-10-22	0.004077436651276089	0.06309725019373186	0.06525582329057188	0.05878010400005181	0.06309725019373186	5748729
2019-10-23	-0.0010152465415243636	0.06307975602695812	0.06307975602695812	0.05663033384681474	0.057705237543505275	5697013
2019-10-24	0.008130011317327056	0.05985615653763394	0.06846412532169595	0.05555217214560303	0.06738812922368823	6481165
2019-10-25	0.002016058451499723	0.0502416836654971	0.06411682786026493	0.04917436488128422	0.060914871507626096	8964738
2019-10-28	0.0010060543273596907	0.05984547985489374	0.06304099386450661	0.05238928049913083	0.05984547985489374	10150152
2019-10-29	-0.015075222349181329	0.05984439015638676	0.05984439015638676	0.04281877746311146	0.04281877746311146	10886946
2019-10-30	-0.019387884638342723	0.05986051112070271	0.062021286882416635	0.038252753503562886	0.038252753503562886	13461077
2019-10-31	-0.019771096334460808	0.06098376000745667	0.06208550846021621	0.03674529404674628	0.037847042499505816	14456749
2019-11-01	0.005307951080304234	0.05653234843537668	0.06664808368635368	0.05428440726849295	0.06440014251946995	6743782
2019-11-04	-0.0031679552964445023	0.058780189071085356	0.06101626127609288	0.05319000855856635	0.05542608076357387	7733900
2019-11-05	0.0	0.06214501700329308	0.06214501700329308	0.05205071377939696	0.05878024926199424	7743608
2019-11-06	-0.00847461619215966	0.06102342775619353	0.06214501700329308	0.04868594603809812	0.04980753528519767	7530600
2019-11-07	-0.0032050727340206123	0.05991146741631926	0.06104264294184379	0.053124414263173284	0.055386765314221945	7087318
2019-11-08	0.0010718305788213632	0.06331948370108248	0.0667239217492184	0.05878023297023483	0.059915045652946745	6455876
2019-11-11	-0.034261175459152436	0.05651301732862728	0.05651301732862728	0.02250508758628941	0.02250508758628941	14985451
2019-11-12	-0.011086554924278336	0.05878013972611165	0.06230158143251792	0.03882530338981022	0.047042000704757905	12986870
2019-11-13	-0.013452918524131654	0.05640627913648636	0.05640627913648636	0.042162598968353844	0.044536545663042736	9557734
2019-11-14	0.010227215440480896	0.062389707886144084	0.0792339388152563	0.0551707517736674	0.06960866399862077	9717910
2019-11-15	-0.016872837033347625	0.055207353008781934	0.055207353008781934	0.040915605563967825	0.040915605563967825	8497282
2019-11-18	0.05148736817035248	0.12056260238005068	0.149636659090452	0.10844841208405016	0.11329408820245028	32638135
2019-11-19	0.03482050678823339	0.05417187656073617	0.11062479672628381	0.05417187656073617	0.09564749137624047	32028611
2019-11-20	-0.008412237139160256	0.061006894429479874	0.0765935644420851	0.04764689156153268	0.04987355870619051	21134896
2019-11-21	-0.011664884255555775	0.05990304806334707	0.05990304806334707	0.040815810968985955	0.04642970423203342	11011454
2019-11-22	0.007510750822883635	0.05991628365404615	0.08263688994888092	0.05650819270982099	0.06673246554249666	13006164
2019-11-25	0.008519741797441265	0.06216291549513029	0.07682121475355574	0.06216291549513029	0.06780072290221704	14255610
2019-11-26	-0.011615724283352875	0.05989822517358912	0.05989822517358912	0.04312768363603229	0.04648179194354358	9627500
2019-11-27	0.02350424377466039	0.055386765314221945	0.08366615345233078	0.046337361110027106	0.08366615345233078	16520978
2019-11-28	-0.018789150972016704	0.04993873331191456	0.05435952797849095	0.0388867466454734	0.0388867466454734	9787807
2019-11-29	0.0021276979187082813	0.0610330542208165	0.06779122654069436	0.048643071634373904	0.0610330542208165	8510318
2019-12-02	-0.008492496934370335	0.055408377851934816	0.058780289602260415	0.04416867201751576	0.04978852493472529	7618507
2019-12-03	0.0010706829880545426	0.057646614986705175	0.06104740796093888	0.05537941967054937	0.059913810302860984	4952240
2019-12-04	-0.004278038169761835	0.05764780713033544	0.05764780713033544	0.05198588096796739	0.05425065143291473	5260033
2019-12-05	0.0032222853775295225	0.06105465420877043	0.06674090637494828	0.05991740377553491	0.06219190464200596	7454494
2019-12-06	0.010706603161014383	0.06331460327709489	0.0723833845417183	0.06104740796093888	0.0701161892255623	10189988
2019-12-09	0.002118682087771171	0.06326660625039263	0.0677529632387908	0.05653707076779515	0.06102342775619353	8568617
2019-12-10	-0.003171304146366875	0.05430333717225093	0.06101864505232901	0.050945683232211984	0.05542255515226391	7256322
2019-12-11	-0.0031813933121689806	0.05990304806334707	0.06102582671595653	0.052043597495080696	0.055411933452909255	7809700
2019-12-12	0.0010638489593540405	0.05878033011419061	0.06441214038075534	0.05314851984762568	0.05990669216750355	7765064
2019-12-13	0.006376310325020852	0.061030639931995034	0.06553130012258684	0.058780309836699234	0.06553130012258684	18006527
2019-12-16	0.005279813690463871	0.058780189071085356	0.06548840568610793	0.05319000855856635	0.06437036958360416	12981653
2019-12-17	0.027310746096387468	0.06322886368304931	0.0921451298501615	0.06322886368304931	0.08769647351675952	28981981
2019-12-18	-0.0061348637220807745	0.06202818369471709	0.06419337876850852	0.051202208325759765	0.05228480586265548	15634260
2019-12-19	0.0020576501504568977	0.056601718339392405	0.0653159593153874	0.05551243821739306	0.060958838827390005	9649128
2019-12-20	-0.018480498170234255	0.056606152774161866	0.062041369609419784	0.03921345890133614	0.03921345890133614	11272818
2019-12-23	-0.02092054518765559	0.06431779887118066	0.06431779887118066	0.03552252023366695	0.03663003095049438	12629243
2019-12-24	0.0074786538694517875	0.05878029189079493	0.06782969609498976	0.0576491163652706	0.06669852056946544	6899145
2019-12-25	-0.008483490943386794	0.05765749075812816	0.05765749075812816	0.04867526153725233	0.04979804018986179	8218228
2019-12-26	0.003208500317690787	0.05878019236280901	0.06330973329270348	0.05764780713033544	0.06217734806022991	6693208
2019-12-27	0.004264355982238279	0.05878025128760889	0.07796923238770413	0.05765148769348546	0.0632953056641018	12187846
2019-12-30	-0.0010615902160610066	0.05990426018570228	0.06102823076914415	0.04754058376784156	0.05765631901881855	9050208
2019-12-31	0.010627071358530006	0.05765514478905133	0.07565778555141818	0.05540481469375552	0.07003196031317846	9926972
2020-01-02	0.007360582246738283	0.06434689514646681	0.07436689729742726	0.06434689514646681	0.06657356229112465	13777997
2020-01-03	0.01148224050736569	0.06099071997835573	0.0709375079781528	0.05767512397842344	0.0709375079781528	15192566
2020-01-06	0.005160051748025682	0.058780337498524925	0.07517012600469408	0.057687684931447006	0.0642436003339147	19341137
2020-01-07	0.0010267124601801862	0.062041369609419784	0.0674765864446779	0.05334502267300692	0.05986728287531662	14529238
2020-01-08	-0.017435992663467497	0.040319436707204385	0.040319436707204385	0.040319436707204385	0.040319436707204385	17123885
2020-01-09	0.007307020984517595	0.06209591864499983	0.0709375079781528	0.06209591864499983	0.06651671331157641	9471960
2020-01-10	-0.0031088638882665674	0.064266091977606	0.06646045505384864	0.052197095058272386	0.05548863967263604	7822452
2020-01-13	0.00415807875189837	0.06318265599096276	0.06318265599096276	0.06318265599096276	0.06318265599096276	8273270
2020-01-14	0.0010351055771519438	0.059876210404389396	0.059876210404389396	0.059876210404389396	0.059876210404389396	8910874
2020-01-15	-0.0051706141724800056	0.06534973526661288	0.06644464763584884	0.05111587446654499	0.05330569920501691	8512148
2020-01-16	-0.00935556713145501	0.055478433846100676	0.06098144966385936	0.0477742117012386	0.0488748148647903	8665680
2020-01-17	-0.005246573045897619	0.05989130225866824	0.06433529094738394	0.05211432205341612	0.053225319225594994	7966336
2020-01-20	0.0021097425767829543	0.06548142840182575	0.06883199893139137	0.0554297168131293	0.06101400102907186	7614932
2020-01-21	-0.01263158270149216	0.061009258308833754	0.061009258308833754	0.04429167545732898	0.0454061809807628	9432456
2020-01-22	-0.0021322344292989035	0.05878025128760889	0.06103777847585534	0.046363851752253	0.05652272409936224	9562437
2020-01-23	-0.029914389242701612	0.05651794083974627	0.05651794083974627	0.020320324022966924	0.027107377176113102	12715409
2020-02-03	-0.10022030322856817	-0.04733108696258027	-0.04733108696258027	-0.04733108696258027	-0.04733108696258027	6290000
2020-02-04	-0.0354957028686982	-0.04619067866513867	0.034157389164700194	-0.04619067866513867	0.02119802338569386	24235703
2020-02-05	0.01649748801717482	0.060123799349333845	0.10043268905843397	0.05474928072145382	0.07624735523297392	18287432
2020-02-06	0.012484220739136893	0.06935472571513919	0.07596384021276066	0.053492850920847865	0.07199837151418768	15509449
2020-02-07	0.003699334065036314	0.060085848676400475	0.06922451978567983	0.05225270201130409	0.06269689756476618	13986986
2020-02-10	0.04176874551335409	0.05487797819303163	0.10950791047923054	0.048374414825627134	0.10300434711182606	22487934
2020-02-11	0.04009444121552491	0.10372864256983995	0.15741680052289772	0.09998295713125459	0.10123151894411637	41133120
2020-02-12	0.0	0.056379451498978564	0.07318548822737125	0.04197427716035601	0.05878031388874892	15254257
2020-02-13	-0.011337832549451747	0.05878031388874892	0.07198505703248609	0.045575570745011756	0.046776001939896936	13491663
2020-02-14	-0.0011468095987659237	0.056351880282062894	0.06606546079040371	0.053923485154977746	0.05756607784560568	8845971
2020-02-17	0.028702670788494585	0.0770141714886146	0.09889482057077603	0.0770141714886146	0.08917008764537115	15470630
2020-02-18	0.008928613631228743	0.06350696384359934	0.08359542871620067	0.05996194063078743	0.06823366146068191	18304735
2020-02-19	-0.015486768936559456	0.06229387311760542	0.06463630723693857	0.04238318310327324	0.04238318310327324	14566549
2020-02-20	0.013483269308850828	0.06472847223122709	0.07900416124438332	0.058780268475745495	0.07305595748890152	14312285
2020-02-21	-0.005543336152834231	0.05878013972611165	0.06230158143251792	0.050563442411163964	0.05291107021543488	14980590
2020-02-24	0.026755860738173966	0.07176417222211529	0.09183024152583329	0.07176417222211529	0.08710881345437033	26633586
2020-02-25	0.03691648247224384	0.043835456124480386	0.11166176880217238	0.0380874635246759	0.0978665865626419	55127895
2020-02-26	-0.018848282237305673	0.04769344467635353	0.0820622243429853	0.03660674155808528	0.03882408218173889	36732725
2020-02-27	0.007470672238464965	0.08250960529530263	0.08363957356805345	0.061040208113036766	0.06669004947679083	17160776
2020-02-28	0.007415275148274174	0.03859164281420201	0.08569839119238394	0.03074051808450498	0.06663137399169126	54853040
2020-03-02	0.07255516957517638	0.12669357519688731	0.16232024951141344	0.09218023445469033	0.13560024377551885	89463532
2020-03-03	-0.009803890020964873	0.04632402392137536	0.06085630203139452	0.03594382527136175	0.04840006365137804	61247697
2020-03-04	0.007920829236675031	0.06297341759267132	0.0891808489928851	0.054587039544602894	0.06716660661670543	45782260
2020-03-05	0.003929239369399534	0.07334101729015087	0.08062143116711898	0.050459716533965415	0.06294042603733936	42852176
2020-03-06	0.05479446661977799	0.05152830574340628	0.15823511903559423	0.04738435182914645	0.11679557989299691	118046817
2020-03-09	-0.026901662196643108	0.06565547584365279	0.10887099744468567	0.027350808970010094	0.030297321806444094	105062505
2020-03-10	-0.05433743115278757	-0.0007698109749185536	0.03455650883909944	-0.04316139475174018	0.0012488358715967193	71646706
2020-03-11	-0.01814516645476831	0.06304950907605204	0.06625146542869069	0.03743385825494234	0.039568495823368105	36259851
2020-03-12	-0.029774117823543635	0.051170935938903754	0.07725997674814233	0.021820765028510415	0.027255981863768333	35224096
2020-03-13	-0.03809513672550075	0.006121318287823647	0.026288560747935893	-0.016286728890079004	0.018445744235669973	33485619
2020-03-16	-0.0055006480805913326	0.08789948274689256	0.10187677802843734	0.04829714611584938	0.05295624454303083	31424951
2020-03-17	-0.021017724379128997	0.06112265605793884	0.07400604371427136	0.00373302013427546	0.03652709780494016	26210435
2020-03-18	-0.021468952914187895	0.06595842044343156	0.07433295348844172	0.034853011990536836	0.03604937385410969	19801502
2020-03-19	-0.020785348437131625	0.051444617661115154	0.06122549782540461	0.019656757127174487	0.036773297414681085	21003768
2020-03-20	0.022405816300349102	0.07626028268688005	0.08749733900263654	0.06377466455826199	0.08250309175118918	13580391
2020-03-23	-0.032295240202680084	0.05023185700043033	0.05023185700043033	0.020923060991115967	0.024586660492280397	11707908
2020-03-24	0.014302745269467215	0.06887586186792312	0.08149541159481709	0.05499435716833955	0.07392368175868062	10767377
2020-03-25	0.016451155333260133	0.0811750992310965	0.08739589957189692	0.06375685827685573	0.07619845895845634	13692458
2020-03-26	-0.004624238259595358	0.05388420591110291	0.05878029978293161	0.04776408857131731	0.05388420591110291	9363876
2020-03-27	0.0	0.06984764754643955	0.07476648730527387	0.05755054814935408	0.0587802580890626	9559877
2020-03-30	-0.022067267839063955	0.0538614183302285	0.0587802580890626	0.032956349355183136	0.035415769234600186	9432986
2020-03-31	0.0	0.07009728202835111	0.07135474064413058	0.0575226958705562	0.05878015448633567	6461556
2020-04-01	-0.011876570880175763	0.0575226958705562	0.06255253033367407	0.04494810971276128	0.04620556832854075	7486200
2020-04-02	0.00480765131617705	0.053689957329374344	0.06514310903947622	0.044781950443739726	0.06387053662724271	9006103
2020-04-03	0.016746459355121694	0.06004677377234039	0.08284347858464898	0.05878029017165662	0.07651106058122989	11826903
2020-04-07	0.022352843871269297	0.07248210225425526	0.08244709275139121	0.06500835938140347	0.08244709275139121	12576477
2020-04-08	0.0023015374733310703	0.058780341092970784	0.06852745585562184	0.051470005020982645	0.06121711978363371	10445376
2020-04-09	-0.0011481262810055764	0.05878029725348021	0.0672894385632095	0.05391793079077755	0.057564705637804386	8319094
2020-04-10	-0.018390649046939506	0.05878031914802971	0.06121429689319776	0.03687451944151879	0.039308497186686615	9438127
2020-04-13	0.052693033350582855	0.07861678183896952	0.12448898980223616	0.06869846660366863	0.11457067456693529	30977614
2020-04-14	0.006674084802768824	0.07409083275251546	0.08115721981009785	0.04818074687471369	0.06584671451866958	20693654
2020-04-15	-0.01767952556346116	0.06346001688666877	0.06346001688666877	0.040061556669140394	0.040061556669140394	14154945
2020-04-16	-0.012373318546138655	0.05758931091625113	0.05758931091625113	0.0444885424251713	0.04567952137890579	10507700
2020-04-17	0.004555648785019566	0.06119194526371952	0.0696332448283171	0.05878014538811999	0.06360374513931884	9799019
2020-04-20	0.009070338065433123	0.06598290105806019	0.07198505703248609	0.061181176278519274	0.06838376344783055	9220572
2020-04-21	-0.022471956895984472	0.050452783218071055	0.05164242396916738	0.03141853120052955	0.034987453453818505	10034885
2020-04-22	-0.006896432543158704	0.0502613970399423	0.05391236365769404	0.04295946380443858	0.051478385912526216	7267160
2020-04-23	0.002314733686145654	0.05878019208527493	0.07716179264231078	0.05878019208527493	0.061231072159546346	8026901
2020-04-24	0.021939981340525806	0.055112447722723834	0.09668118842095395	0.05266722768165131	0.08200986817451966	20452134
2020-04-27	-0.014689289869506841	0.056387525534848555	0.06476205857985871	0.04203118317197415	0.043227545035546995	10012285
2020-04-28	-0.04816503179012063	0.05149509002789259	0.05149509002789259	-0.027427751602376524	0.007783977740359022	15317495
2020-04-29	0.0	0.05878015769446171	0.07919037760182485	0.054953241461830976	0.05878015769446171	7051000
2020-04-30	0.01686738842306818	0.06515835141551254	0.08046601634603501	0.06515835141551254	0.07663910011340427	7350326
2020-05-06	0.004739170616289061	0.05501680562739193	0.0650526373099355	0.048744410825802116	0.06379815834961758	6562283
2020-05-07	-0.005895958592695995	0.06127754093253843	0.06127754093253843	0.052537608242505716	0.052537608242505716	6206500
2020-05-08	0.0035585311366136524	0.06129206594379066	0.06757190065351733	0.060036099001845374	0.06254803288573617	6191900
2020-05-11	0.060283773152684995	0.058780330114190746	0.12385902652782889	0.057528816721620586	0.12260751313525894	25934690
2020-05-12	0.010033388758964413	0.061140959061323406	0.07294452923998103	0.0410748897576054	0.0694034581863838	25393833
2020-05-13	0.0055187462545354515	0.05059988201494532	0.07397251565265259	0.030733143422894082	0.06462346219756963	22390497
2020-05-14	0.017563317620150013	0.05413145147043777	0.08202467620614949	0.048320362983831085	0.07737580541686409	25231520
2020-05-15	-0.010787564507634797	0.0644909020863679	0.08961836973218332	0.04621638016213839	0.047358537782402704	36955106
2020-05-18	-0.020719762703919047	0.06917171521237381	0.07956323296281802	0.03684254887765847	0.03684254887765847	21257036
2020-05-19	0.008908609816849992	0.07292873465859287	0.0752868197897106	0.058780223871886236	0.0682125643963574	12102953
2020-05-20	-0.02317875764168268	0.05761167210625758	0.05761167210625758	0.030733143422894082	0.03423903846855011	12517708
2020-05-21	-0.004519735484392018	0.06236933485271301	0.06595842044343156	0.052798439944130006	0.05399480180770285	7282682
2020-05-22	-0.021566427461657916	0.05517482732628794	0.058780208285261724	0.03474433522543727	0.035946128878428456	7866100
2020-05-25	-0.0023201043942572977	0.06000851937322186	0.06369336938263043	0.05141053601793497	0.05632366936381307	4043200
2020-05-26	0.010464933755450023	0.05878014984201393	0.07109154693320009	0.05878014984201393	0.0698604072240815	5090821
2020-05-27	0.008055381156658423	0.05756195174763942	0.0758377919276102	0.05756195174763942	0.06730906651029049	6438774
2020-05-28	-0.013698633448364745	0.05515422898079607	0.0660321076300826	0.041859043965001244	0.04427635033150953	6054278
2020-05-29	0.030092518271923566	0.06735827234522511	0.09676883323648255	0.06735827234522511	0.090641633050804	11529565
2020-06-01	0.01685387844893209	0.06472847223122709	0.08019380199547964	0.05640098697355286	0.07662487974219069	9830137
2020-06-02	-0.001104875291471721	0.06696978591929797	0.06696978591929797	0.05410063279965738	0.05761040183228657	8147623
2020-06-03	0.008849598981134875	0.06463630723693857	0.07517726077393794	0.06112265605793884	0.06814995841593828	13672723
2020-06-04	-0.012398060481888903	0.022790939906562765	0.023951883084663266	0.007698678591255847	0.008859621769356348	9947769
2020-06-05	0.0	0.022700062173110616	0.027402131424481346	0.013295923670369358	0.021524544860267985	5279413
2020-06-08	0.0023015453468146637	0.029753166050166608	0.029753166050166608	0.023875579485953455	0.023875579485953455	5633905
2020-06-09	0.017221542509023656	0.025042948595855374	0.049672126994611515	0.025042948595855374	0.039116764823715997	8939019
2020-06-10	-0.01805861683041223	0.02152453659277287	0.023830461054607725	0.0019241786671779105	0.003077140898095237	7763018
2020-06-11	-0.009195363969752152	0.01800196156179577	0.023872791789949232	0.012131131333642306	0.012131131333642306	6294538
2020-06-12	-0.0046403517077766385	0.007303662591669102	0.020339357048737693	0.004933536326747579	0.01678416765135541	5853008
2020-06-15	-0.005827570491136558	0.03343027893569056	0.03343027893569056	0.006046757719652623	0.015571460751317982	5312118
2020-06-16	0.008206446142727244	0.021524466588784798	0.029907434075445435	0.021524466588784798	0.029907434075445435	4883574
2020-06-17	0.002325512059866934	0.02389998753977841	0.025087806550845623	0.017960892484443394	0.02389998753977841	4464674
2020-06-18	0.008120526608874301	0.01678416765135541	0.0333750515058065	0.01678416765135541	0.029819862108424	7332800
2020-06-19	0.0011508314492730345	0.01682247560889746	0.025051096798796087	0.01564695829605483	0.022700062173110616	6621800
2020-06-22	-0.0034482908428081493	0.02152445969868772	0.033266120154994645	0.015653629470534468	0.01800196156179577	6405710
2020-06-23	-0.011534036382530977	0.019168017211568057	0.021524475054831748	0.008563956916881239	0.009742185838513084	5567629
2020-06-24	-0.008168023971138808	0.02748437258252112	0.02748437258252112	0.010796691357283101	0.013180645818031361	7302695
2020-06-29	-0.0141175885244103	0.01912089525924909	0.01912089525924909	0.007102960173644782	0.007102960173644782	5941600
2020-06-30	0.0047732496154654705	0.025181430295098634	0.032495447633708194	0.022743424515562185	0.02640043318486686	5229418
2020-07-01	0.0035629607854722046	0.02759050166677131	0.02759050166677131	0.017884806255514904	0.025164077813957048	6668383
2020-07-02	0.02721897167911172	0.02273333098805847	0.04932923321233408	0.021524426341500293	0.04932923321233408	13067986
2020-07-03	0.023041377033707455	0.027408746861431157	0.0532999180309058	0.027408746861431157	0.04506181811334582	20517693
2020-07-06	0.03716220957587166	0.03072741056196508	0.0629376421420264	0.03072741056196508	0.05948654590130562	31883295
2020-07-07	-0.008686174271182118	0.031506764077876934	0.045925675833804136	0.010432969973059954	0.012651264089356613	29985638
2020-07-08	0.00438114250287794	0.022643268797531542	0.02935646312224167	0.009216880148110885	0.025999865959886605	23403506
2020-07-09	0.017448238678011554	0.022638407090292953	0.0438041257555604	0.019296451511566576	0.03934818498392523	29012654
2020-07-10	-0.02143624576540917	0.023714146601778077	0.023714146601778077	-0.0014681265231854955	-0.00037324508296951897	22567788
2020-07-13	0.020810454860313462	0.022643268797531542	0.04390171749244735	0.02152440307674652	0.04278285177166233	22329837
2020-07-14	-0.006437686624134614	0.020428406753942793	0.035773194825430524	0.003987562391634333	0.01494812529983991	24187250
2020-07-15	0.0140387896855604	0.02593701143886689	0.046897014898370566	0.012699114517074951	0.03586543413021075	35704251
2020-07-16	-0.045793342663039284	0.022612352460970975	0.02805177986767815	-0.029606150643419076	-0.025254608718053143	30222725
2020-07-17	-0.005580305100610557	0.023804596973847982	0.0317852564157377	0.008983372296052766	0.015823937531958265	13001074
2020-07-20	0.04377100015030524	0.027256815006296137	0.06853052632351332	0.026110323025262148	0.06623754236144574	20989805
2020-07-21	0.004301057080037254	0.020425984461185823	0.034705357763656755	0.01493391780638946	0.02591805111598238	18010509
2020-07-22	0.003211895881506732	0.0269929624186199	0.03027409009407868	0.01496216094193732	0.024805543968313852	23776109
2020-07-23	-0.01173946437010817	0.02479513636589109	0.02697555154964826	-0.004640468614831265	0.009532230079590524	17724911
2020-07-24	0.01727854432555357	0.02373069528523477	0.07447596681877021	0.021524379131602846	0.039174908360658636	60059212
2020-07-27	0.07430993962812171	0.035621924040222484	0.10827812185246845	-0.003417227023073992	0.09743391322377486	82873580
2020-07-28	0.011857759376878071	0.0094115514231592	0.06997624450854871	0.004364493666043332	0.03363742865731504	78121801
2020-07-29	0.0048827671022045995	0.03150026226442838	0.03948092193378567	-0.007405453623688411	0.026512349971080013	44192825
2020-07-30	0.027210970120657024	0.022517218991420784	0.0771176530152344	0.015568072842935371	0.049321068421292934	54108628
2020-07-31	-0.023651913966577315	0.012826461367000644	0.029255898240320304	-0.015200225063956522	-0.002636538043182584	43097870
2020-08-03	-0.0038759528784224747	0.02449401873665922	0.03835190884517447	-0.000252213599975064	0.01756507368240159	41248489
2020-08-04	0.021400738578079795	0.02649295848685605	0.052329180094463246	0.020530753500485104	0.043385872614906916	43950949
2020-08-05	0.009523916077384873	0.021524493968384274	0.0429278643181981	-0.0008517568518756147	0.03125329867284504	37051946
2020-08-06	0.054716893671550304	0.047544346927413536	0.08609243697074066	0.01959698164600148	0.07741911671099208	70512413
2020-08-07	0.04919499211790622	0.010559986374800734	0.08913879182528248	0.010559986374800734	0.07177835806296677	92083212
2020-08-10	0.07672632845643211	0.02065360497117537	0.11383614399158118	0.02065360497117537	0.09990230638105332	79141871
2020-08-11	-0.041963546377130644	0.004539515689014688	0.018289251411006027	-0.02862161164049386	-0.021342339787674924	65502261
2020-08-12	0.019834796702282737	0.03503221010107017	0.07217855369360446	0.013082097978208992	0.04178609075425824	57606978
2020-08-13	0.025931818132901883	0.0380806732723034	0.08692178947889517	0.028146886925200083	0.04801445961940686	54018755
2020-08-14	-0.022116811726907406	0.028786495091437676	0.033627843303632714	-0.030923466192300686	-0.0010684855504314347	49503953
2020-08-17	0.08966063029374274	0.03307634871541661	0.1238418426121385	0.03307634871541661	0.11311501151525326	89017390
2020-08-18	-0.012601931900437648	0.030611431245155033	0.036669397042334496	0.001078847983905273	0.008651305230379568	68136606
2020-08-19	0.008258319921989868	0.028426679734817818	0.04223106469770126	0.0031186406361981356	0.029960500286249282	33853251
2020-08-20	-0.03574088055557534	0.010875622137278579	0.014678765937644618	-0.027155815866381265	-0.014985755705210104	41132316
2020-08-21	-0.008494271417225896	0.02625735852557183	0.031779112184049184	-0.000562587815603747	0.012847385354984043	33335997
2020-08-24	0.003115331467592469	0.048574205599624866	0.05891674328763337	0.01675101271344502	0.024706810934990088	30824462
2020-08-25	-0.01708079250943411	0.02469685985136984	0.05086945766491102	-0.003855065036129585	0.004076025210398017	28881553
2020-08-26	-0.010268499558065716	0.027979603722738524	0.03927608288452691	-0.0026822682878298774	0.011034884980055953	29110510
2020-08-27	-0.007980853061744191	0.025600722388146403	0.02723124817890654	0.0011428355267438096	0.013371778957445107	31701826
2020-08-28	0.020917088952916142	0.023989880415897738	0.055219106303380894	0.02070259348037311	0.042891780295163794	32908103
2020-08-31	-0.014972376980360903	0.0239394136980876	0.044064009093097184	0.003009834487277654	0.0062297697504791185	33771647
2020-09-01	0.017600048510151605	0.015803881694723743	0.04604100448048793	0.013352223090472652	0.039503248202484874	22622618
2020-09-02	-0.031446567650009694	0.02232745493708275	0.026342880918767988	-0.012205208505410986	-0.01059903811273689	25650011
2020-09-03	-0.004058486583412987	0.014061963248835697	0.038936745667040897	-0.0008629062020874541	0.017378600904596333	26283565
2020-09-04	-0.008964938483747915	0.011533985044282775	0.014864138081465528	-0.0026191653637442206	0.012366523303578464	20572063
2020-09-07	-0.06578953337335425	0.024884704671071522	0.024884704671071522	-0.05072154403417135	-0.04568112745382192	38738346
2020-09-08	0.007042314314093954	0.03141601459053502	0.040408307655840435	0.0026406767815575585	0.028718326670943282	24193655
2020-09-09	-0.042832144337830294	0.009916198386116392	0.009916198386116392	-0.022229675302566466	-0.022229675302566466	30347474
2020-09-10	-0.022831023817471298	0.04764557748966954	0.04857847649010556	-0.008328362536492643	-0.0017980695334405225	25437893
2020-09-11	0.005607500547517942	0.026297856269037866	0.04061829147279192	0.01770559514678547	0.027252551949288113	13522780
2020-09-14	0.023234077748636426	0.03386619056289992	0.0661448411406213	0.025321841880561916	0.045258655472683866	30211089
2020-09-15	-0.0172570833815411	0.021524476366646096	0.028946997539155795	0.0011125431422443894	0.0038959885819356286	18051524
2020-09-16	-0.01109043305464541	0.02341273782544803	0.03757435320126146	0.0064187993744719805	0.010195230141355472	16419661
2020-09-17	-0.003738397344723874	0.01388681242578431	0.027252551949288113	0.0014757685825309249	0.01770559514678547	13270370
2020-09-18	0.02626640284631585	0.021524459473652263	0.058897305551956665	0.01769134705536455	0.04835624640166558	26977398
2020-09-21	-0.020109558966613143	0.028994487502852592	0.03086199110993577	-0.007421832835270028	0.0009819333966044356	19120092
2020-09-22	-0.027052289562889503	0.007230619887077772	0.01485393583702728	-0.008016012012821242	-0.006110183025333908	16456995
2020-09-23	0.019175374190848277	0.0254420296661261	0.05090668369794965	0.012709702650214238	0.04111258599340216	16253602
2020-09-24	-0.011288758349016579	0.01575857657724157	0.019602506857571637	-0.0005781271141615496	0.009992681156746301	14716280
2020-09-25	-0.0019029901701356664	0.023468332985859538	0.035131789772023275	0.005973147806614102	0.019580514057138405	11544070
2020-09-28	0.0038132368925945116	0.028341120225736434	0.03710539113675122	0.010812578403706865	0.025419696588731392	14062317
2020-09-29	0.008546948018863595	0.02734503387813345	0.037046120128163	0.017643947628103895	0.030255359753142263	11974895
2020-09-30	-0.039548001404740324	0.019600668588710114	0.02344821828149779	-0.020798603185559525	-0.018874828339165775	18006741
2020-10-09	0.000980362995698441	0.036546838847612215	0.037548333377899736	0.0004930357572605387	0.02252591542358666	29712897
2020-10-12	0.053868856270809354	0.023525477980395174	0.08155527047586235	0.01652188233439049	0.07655270215728753	26960290
2020-10-13	0.004646796562285817	0.022473725653115804	0.0329168184870846	0.016777493198223917	0.026271213956377232	17002456
2020-10-14	0.011100880117449731	0.01963443601269441	0.045148921436552504	-0.004935068469539174	0.03286416919543563	26096877
2020-10-15	-0.005489595218406106	0.022458955843231442	0.024328167828319744	0.006570653969981965	0.015916713895422804	12869388
2020-10-16	-0.009199546770173615	0.02810282419093984	0.02904258911250375	0.005548466073405488	0.012126820524353028	9716138
2020-10-19	-0.008356581628476922	0.021524381852073872	0.031009287904553633	0.01203947579959411	0.012987966404842071	7623150
2020-10-20	0.021535609451702496	0.014829033828240244	0.04639299058255875	0.008133649062172656	0.04352353996852986	11887120
2020-10-21	-0.017415165021132203	0.025269666989603215	0.026205986320187474	-0.000947274266751878	0.0037343223861687515	7501471
2020-10-22	-0.01026136443442943	0.013901021343283611	0.02152433729323312	0.006277705393334105	0.011042277862052441	6063200
2020-10-23	0.011310134553360248	0.03307804206582099	0.0523339235581941	0.02730127761810899	0.03307804206582099	10846287
2020-10-26	0.015843435048799467	0.01866838336089918	0.039612966944020535	0.01866838336089918	0.03770891389100955	11869045
2020-10-27	-0.039449493909605636	0.012152673484139743	0.01402703028688811	-0.024397284169454244	-0.018774213761208976	16681836
2020-10-28	0.029608304417785676	0.024451411147670504	0.07225914366789515	0.01762173507335267	0.05177011544494165	20791666
2020-10-29	-0.014842239375031643	0.013943619996673895	0.021524506875153705	0.0025722896789542606	0.006362733118194083	13049594
2020-10-30	-0.042372872389184954	0.016715006319119485	0.026333880551088415	-0.024646152878347028	-0.021760490608756403	20425945
2020-11-02	-0.04916415294983008	0.012484394632265717	0.016502189849060336	-0.03572914796927079	-0.028698006339880025	32536707
2020-11-03	0.04653555871414693	0.0246935294829152	0.09124578964520771	0.022580759319032945	0.06906170292444348	23291194
2020-11-04	0.010869545468034734	0.03060919400304563	0.048778601928662464	0.0265715477973529	0.0326280171058919	18493082
2020-11-05	0.00488764029236172	0.0365028752469934	0.0365028752469934	0.013536048531501213	0.026517298414170585	11364836
2020-11-06	0.000972733743526549	0.022518155162608692	0.034442565135350586	0.013574847683052362	0.022518155162608692	14318287
2020-11-09	0.026239181668549407	0.030459100303975514	0.05627021456977835	0.023509954155490103	0.04832833325722362	25289427
2020-11-10	0.022727175992010462	0.06215317990088904	0.09407581645528736	0.03313260121507233	0.04474083268939908	55797401
2020-11-11	-0.003703593704155561	0.018686898400122446	0.048954289996040685	0.008282482539025611	0.01774104241275002	34004763
2020-11-12	0.009293498187363955	0.03671430679034587	0.03861305094197649	0.007283772440070431	0.031018074335453807	25941670
2020-11-13	0.006445857459325457	0.020583907564633745	0.03187147151926573	0.013058864928212477	0.028108950201055017	25251847
2020-11-16	0.008234159176111196	0.022458955843231442	0.04302028767920142	0.013112895917790602	0.029935803783584146	70797098
2020-11-17	0.0626134209582511	0.05767636197151991	0.12071053604168934	0.05767636197151991	0.0854855564142418	107976576
2020-11-18	0.03330483649502841	0.0337373487123209	0.07124849301158652	0.018907361431215877	0.05554615353747535	88538098
2020-11-19	-0.01735536269098916	0.03418797501942168	0.04685150124414932	-0.008023779063003694	0.0037955120800754584	58802340
2020-11-20	0.053826777463263524	0.018087855741160643	0.0765097748891766	0.009496397042923032	0.0765097748891766	74690676
2020-11-23	0.025538680881807926	0.039460191609607835	0.08429965085551255	0.03538387713270735	0.04761282056340865	84326952
2020-11-24	0.027237339238089044	0.015164748837350191	0.055707741938920155	0.0016504178034935381	0.049348056746517016	44254558
2020-11-25	-0.02348476968957416	0.04861032433091707	0.05944467454540616	-0.013300248323306866	-0.002465898108817643	60922490
2020-11-26	-0.03413508070795367	0.03737424016695623	0.03975172123685753	-0.026817748720380293	-0.013345355990939306	64575993
2020-11-27	-0.022489866190141202	0.0272679750767723	0.03383198769707117	-0.017039110110244966	-0.001449580137035204	42620014
2020-11-30	0.03451107174609664	0.03159691538252851	0.09287158977058761	0.019845607965640576	0.05677828841871723	61775665
2020-12-01	0.01032567236021132	0.014221988689720874	0.03450642846351529	0.009353723144010173	0.032072295690660016	29136569
2020-12-02	0.010220062208585455	0.020721284544408657	0.060875544361261864	0.006265751010341382	0.03196447729312746	53043751
2020-12-03	-0.030350246147640463	0.019139552082602207	0.020729473380702957	-0.029353047509471642	-0.00947903128321185	39852171
2020-12-04	0.038523278952594615	0.017425272942161004	0.0698952306120227	0.007587155879061863	0.06087695663751513	40253377
2020-12-07	-0.048686220045215396	0.027050505149383362	0.029418799934508716	-0.031367432883709946	-0.028209706503542667	37425524
2020-12-08	0.0008124065348686175	0.023184124099205814	0.04061061769700243	0.009076962615275163	0.022354291070739322	28805144
2020-12-09	-0.029220738570431296	0.019036919732476648	0.02732851387187853	-0.01661693506695091	-0.00832534092754903	36190403
2020-12-10	-0.017558602913411433	0.02067023784520534	0.02835729402981357	-0.003245048062464691	0.0035878907682981966	22225262
2020-12-11	0.011914887105901337	0.03021825760620574	0.05890787996992287	0.01891628515989302	0.033695787589686686	32886118
2020-12-14	-0.014297733736433135	0.01207383465239427	0.022383585090279528	-0.006827374483728447	0.006918959433451794	24381973
2020-12-15	-0.0025597380434790994	0.016294796614221778	0.029368914924010253	0.0023490704171140898	0.01890962027617941	14159835
2020-12-16	0.002566307117438859	0.02065061058587704	0.039875194004446696	0.00929062947490418	0.02414598938925341	16181578
2020-12-17	0.011092169134813312	0.016294796614221778	0.03808499379720252	0.005835501966390934	0.0328553464732871	21284221
2020-12-18	0.0033755132405943844	0.03445511369954765	0.04997194040504085	0.012903965497473744	0.024972608490635182	30223136
2020-12-21	-0.025231309990397254	0.028397606179045902	0.03183418965834089	-0.014559687312142312	-0.0042499368742572085	36780989
2020-12-22	-0.025884319361511064	0.012710620011584876	0.032101075747228855	-0.00932398877891958	-0.004917067020818783	27307530
2020-12-23	0.024800603685631036	0.025143615110598726	0.05590697160994589	0.016095569081378998	0.046858925580726164	22332761
2020-12-24	-0.004321392974471846	0.02152450126957748	0.031236488749236332	0.007397974026437242	0.017109961506096096	15589410
2020-12-25	0.005208266827840391	0.01975088993216789	0.0445796072522554	-0.003304347579341976	0.026844809166478627	35045228
2020-12-28	0.025043139118131566	0.023288728236479237	0.05416381917464884	0.015349419138092773	0.04710665553163863	70497039
2020-12-29	-0.026958693577769435	0.01636091501054063	0.018082101996163863	-0.01720223120911317	-0.006014515802561853	42526225
2020-12-30	0.0025974138538703384	0.017986701785881257	0.043635367599774086	0.010026771016052483	0.02417775905130367	33867066
2020-12-31	0.010362650878850651	0.01358512822734026	0.03563876461174714	0.01093869186121149	0.032110182790241956	35331407
2021-01-04	0.02905983950715376	0.0136666006022629	0.059067688656800205	0.0136666006022629	0.05120980803197632	37273899
2021-01-05	0.054817344806761314	0.020676028604721414	0.09873271574656212	0.00879783708313706	0.07752165945801845	61887891
2021-01-06	0.05354324185193524	0.03358965284257265	0.08989414754995023	0.03358965284257265	0.07622019883530141	76791855
2021-01-07	0.020179383666495708	0.038320833655581844	0.06809621050305813	0.010835870411757662	0.042138189661668594	84698945
2021-01-08	-0.003662894834169521	0.03724021660209978	0.0394853252960438	-0.0009266311949471703	0.01778260792125232	52793845
2021-01-11	0.02941171389476654	0.029035552577444793	0.11316108680275423	0.022275465005768158	0.051569177816366996	91606280
2021-01-12	0.0107142586126181	0.010579490358560917	0.059466729242332456	0.0010939066945456163	0.032469298813981064	49184153
2021-01-13	0.002120150475239861	0.020802496591248894	0.05762069130564328	0.003476287313886805	0.023690198137475846	43902211
2021-01-14	-0.04301842453992672	0.01432043232526842	0.020083616599843816	-0.02890344973404697	-0.022419867425149665	45116810
2021-01-15	0.031687660111921985	0.03356901165885418	0.05765801994223609	0.014749473937462084	0.05389411239795762	38196191
2021-01-18	0.022857119091065116	0.010579490358560917	0.05800740867863781	-0.014958619506095831	0.044873523605385775	47316753
2021-01-19	0.011173137331902437	0.021524418321382906	0.05005861995047184	0.013677512873383499	0.03293809897301848	41389734
2021-01-20	0.013121580529743585	0.017291629644047336	0.06808566385651021	0.0074150118805128545	0.034928447078930266	47206992
2021-01-21	-0.0047716401977871345	0.030576795727841468	0.037540152455732265	-0.009810673293925296	0.01665008227205975	40375949
2021-01-22	-0.007534232438088483	0.014527686635486835	0.049511399967745	0.008230618235680375	0.013828012368841685	31218815
2021-01-25	0.08833683488027197	0.017294499989883454	0.12374735480517964	0.005309741500744153	0.11176259631604032	94440082
2021-01-26	0.04882685667235809	0.020228838300077188	0.0908351515538603	0.008569080148076325	0.0714022860769597	88416703
2021-01-27	0.0066505314397293505	0.029553306033392488	0.0511696022008601	-0.0025623339868455007	0.028318089109536995	70890020
2021-01-28	-0.050450421708590085	0.011707958135291446	0.030727270161609428	-0.03492018305226584	-0.030011957664101894	39976681
2021-01-29	0.021505317289606963	0.0480154579058945	0.07967560624338124	0.021524377991157164	0.04349264418451526	46066461
2021-02-01	0.10030965157161384	0.018994408814079784	0.12399314218703009	0.018994408814079784	0.12399314218703009	70878479
2021-02-02	0.03038819478820213	0.05199185470830474	0.07211197608862613	-0.010092913880205424	0.05256671367671696	67084243
2021-02-03	0.012015381893665354	0.019292865156368796	0.060019947343788044	-0.008602396615836155	0.033798457068438856	61570303
2021-02-04	0.009713908669324202	0.024832083826523434	0.07775504109609732	0.008844868703243402	0.03144740524809949	60013354
2021-02-05	-0.07161934777164343	0.031898043231941696	0.04281759924497827	-0.0576423160749568	-0.05163650567000687	70918060
2021-02-08	0.057570512820512655	0.046812455892731024	0.11032692307692309	0.02681716066807801	0.08033409785932705	61739986
2021-02-09	0.05552515944427082	0.05711366596620623	0.08992255933391068	0.029865601982858356	0.07824476201846768	53122703
2021-02-10	0.004125926418415012	0.018363523008851603	0.04839286641883845	-0.008504836884294403	0.025739098531754833	47749668
2021-02-18	0.06420131428796284	0.09130492267736977	0.12383425805690004	0.044085048334841614	0.08710759584989311	65349663
2021-02-19	-0.06611969752030362	0.0008178111659818319	0.006241011435403994	-0.08052940405339133	-0.046018443347620355	73738539
2021-02-22	0.059431553058190686	0.018884793053929306	0.10546371455428945	0.01254981053493133	0.08223519895547927	54601369
2021-02-23	-0.08292690364936853	-0.015848428100651745	-0.00538408147040916	-0.07016362877762843	-0.06318741430095316	67588945
2021-02-24	-0.05319143271310494	0.02913165092595208	0.02913165092595208	-0.04530928447316452	-0.03281196461656486	75150187
2021-02-25	0.02415727390249541	0.03988897980583905	0.10760790081433855	0.02324610853708618	0.04620171388845111	66493003
2021-02-26	-0.041140931319878574	-0.0025707898804862243	0.010317453157387392	-0.04179548026695466	-0.02050204649510927	40774960
2021-03-01	0.03546904596924171	0.028537172940519436	0.07704205098260065	-9.817854832616081e-05	0.05775697898996601	43152655
2021-03-02	-0.09999990969949346	0.018702532974358654	0.018702532974358654	-0.08062791134476872	-0.08062791134476872	107939314
2021-03-03	0.012891273936843242	0.029676505992817667	0.056014151091294005	-0.004186180562366403	0.03469320029728926	57100440
2021-03-04	-0.051515168399853095	0.015333391529271592	0.025239021243374925	-0.04038612385952982	-0.03109953796139621	56347776
2021-03-05	-0.01661331676266164	0.034579092755727035	0.04698105251614858	-0.003279321994955726	0.00455345347070284	57291535
2021-03-08	0.007797171326693916	0.06865121613835919	0.12374317324362852	0.028825704977923347	0.02948946349726393	86747550
2021-03-09	-0.05673754988246869	0.01757272351857545	0.018231346640594046	-0.06541378985575497	-0.036434372486941084	68691390
2021-03-10	0.0034176729869213503	0.040376887350155204	0.05713463587123154	0.008956108873137018	0.02501561787250186	43400504
2021-03-11	0.07561305380121187	0.054925723765333306	0.12172847770599571	0.037529191381340345	0.09876498537299551	70265496
2021-03-12	0.04306511406170722	0.04481438565140547	0.08298407528201408	0.04157966619118458	0.0655165255024313	61058684
2021-03-15	-0.03521549174497169	0.02152445819350436	0.025866216509486072	-0.034296491816856706	-0.014449020871538393	43207658
2021-03-16	0.07740731819098491	0.03245323439782108	0.10702644899773933	0.027953190907493708	0.1005978521757024	71760649
2021-03-17	-0.018107652434461833	0.021524388774020426	0.021524388774020426	-0.019050175699797868	0.0030270415151784987	44419597
2021-03-18	0.07257600467482661	0.022739889170971046	0.10356247102464862	0.0026861658538932845	0.09566258018374911	69602494
2021-03-19	-0.03549647018857061	-0.007937238630980397	-0.005671018277354039	-0.03399948090925065	-0.014736126319560965	57742973
2021-03-22	-0.025876935264545216	0.01858733919434208	0.01976223915808064	-0.02546920661856199	-0.004909426497145738	46968711
2021-03-23	-0.043683556815422256	0.020921411423549845	0.02152449677710247	-0.03455689327282724	-0.023099357000418222	44237930
2021-03-24	-0.07962965578663297	0.0026072833933174808	0.0026072833933174808	-0.07053890835110066	-0.059819207836832484	67842176
2021-03-25	0.006706914226820704	0.021524430979718623	0.05235514821250686	0.012617779334690842	0.028375701475893772	28876989
2021-03-26	0.01598934130117844	0.024927237652315054	0.045344114896385	0.0031492352586403455	0.03785792657355937	30645289
2021-03-29	0.013114698972828775	0.03760087386223118	0.048988359243546824	0.007457530205807353	0.034921465537215673	26249885
2021-03-30	0.03689329875974362	0.016896213245119508	0.06185644784267923	0.006317318959084445	0.05921179038925964	31950785
2021-03-31	-0.022472006118943816	0.014510173636827715	0.014510173636827715	-0.0084454305435153	-0.0014312181550771824	25312757
2021-04-01	0.001915717184879418	0.02413374430015753	0.028047631221049883	-0.0006542061988271125	0.023481429813342156	21791259
2021-04-02	-0.015933698438812347	0.03063941898239889	0.04170756182680873	3.925935373634194e-05	0.00524779716287039	20401807
2021-04-06	0.08225382434873686	0.028802160021409687	0.12341226219701197	0.028802160021409687	0.1055487501707778	56708441
2021-04-07	0.02932392805337406	0.03008307176762989	0.07165325092994781	0.01541132653670049	0.051479517180196124	74459973
2021-04-08	-0.014534866110822955	0.006676671270257163	0.0161792233587934	-0.025988410925036776	0.006676671270257163	38269136
2021-04-09	0.004129670309802268	0.017305586442353364	0.044425761698562924	-0.005595783726122912	0.025743015817053794	30741028
2021-04-12	-0.07226787372205168	0.008320202662769663	0.01552255027241756	-0.0607016600612687	-0.052298991205586835	47451387
2021-04-13	-0.005699899160855583	0.013761078833283287	0.03963883451505187	0.003409976560575855	0.015701910509415887	22509924
2021-04-14	0.007006486875752612	0.02152449713342009	0.048851969128358486	0.015017971673971578	0.028681675138813558	17924093
2021-04-15	-0.0006325568412735024	0.03057013465901047	0.035093012992937184	0.007955742989377033	0.020878252514881936	18714679
2021-04-16	-0.007594969444782038	0.02281749367042784	0.027989769238925582	0.00730066696493461	0.01376601142555676	19288046
2021-04-19	0.04081635179217603	0.047583755884840734	0.08797573201869392	0.03650855448556082	0.06321933433088327	42119893
2021-04-20	0.031862799253611226	0.023402235949235118	0.07347696309048192	0.023402235949235118	0.054073006323248796	47506766
2021-04-21	0.004156767110700247	0.030016863038148163	0.06156037121128342	0.005752625981890127	0.02577062155330301	52629609
2021-04-22	0.0005912880341132841	0.024544796411579854	0.033002184648596805	0.006422011476352134	0.02212847744176949	31400664
2021-04-23	0.006501290791548791	0.025750627283638465	0.04446644062721127	0.013072192558568622	0.02816563910482581	29834992
2021-04-26	-0.031121642136086106	0.02272396816443043	0.032921216538929154	-0.019264641629102776	-0.010267069533957016	54808516
2021-04-27	0.005454631003700539	0.02152444879469407	0.037002091958250036	0.00047485409225795624	0.02709640033357421	27716218
2021-04-28	0.0006026932160374275	0.012903964702915827	0.023371664613663176	-0.004337014371844091	0.02214010893181124	20995256
2021-04-29	-0.00963845234616145	0.020909066909420355	0.026447452444191163	-0.004321356082313369	0.01167848588908598	25511960
2021-04-30	-0.013990409601434129	0.020281607665558407	0.020281607665558407	-0.011408015958645998	0.007232876977898429	27076913
2021-05-06	0.005552152574544159	0.02278484841610144	0.036018726478469154	0.010181278058838736	0.027196057079334833	25946939
2021-05-07	0.0349693517593786	0.01901765194267646	0.08106116211630794	0.010870461673906477	0.05724654411381307	53345325
2021-05-10	-0.01837587424507405	0.026368712553439238	0.043323414393648604	-0.019651356798805367	0.0027530295435523695	52861088
2021-05-11	-0.06642506214119805	0.009187305090689542	0.011654693877299066	-0.07964097361894493	-0.04633039223518014	58598167
2021-05-12	0.026519990030555777	0.02218518480341667	0.0519190783497345	0.012934640144562184	0.04861531240014357	34975689
2021-05-13	-0.04347819370267157	0.00414505931021416	0.01058188661348474	-0.026108029015157606	-0.02288961536352237	33769775
2021-05-14	0.013175242447179518	0.029599713165632896	0.040366768989587236	0.009411483495718478	0.03498324107761007	22251531
2021-05-17	0.009752834929492943	0.018203458703647004	0.04609944387360993	0.0015987056262881162	0.03148726116553407	45655634
2021-05-18	-0.007726882367737299	0.03336445047375584	0.03336445047375584	0.0031068026559373445	0.01363120189691768	23837910
2021-05-19	-0.011680776872952662	0.020861503697175918	0.021524400777498745	-0.00035120287315502837	0.009592253331687617	24426239
2021-05-20	-0.0321340873252493	0.0027439635819488948	0.00341469533016435	-0.05225603977170974	-0.0321340873252493	47616363
2021-05-21	0.012474012474012454	0.004158004158004193	0.030492030492030458	0.0013860013860013565	0.012474012474012454	30075077
2021-05-24	-0.013004791238877447	0.0027378507871321646	0.007529089664613362	-0.02190280629705683	-0.013004791238877447	24122701
2021-05-25	0.018723994452149763	0.0048543689320388545	0.027045769764216406	-0.009708737864077709	0.018723994452149763	28750591
2021-05-26	0.01497617426820971	0.006807351940095279	0.019060585432266925	0.0	0.01497617426820971	27023582
2021-05-27	0.019450033534540518	0.011401743796109988	0.019450033534540518	-0.007377598926894663	0.019450033534540518	60032616
2021-05-28	-0.027631578947368417	-0.00657894736842103	0.0032894736842105734	-0.03618421052631572	-0.027631578947368417	43634693
2021-05-31	-0.038565629228687316	-0.0006765899864681859	-0.0006765899864681859	-0.05345060893098776	-0.038565629228687316	67006760
2021-06-01	0.023926812104151995	0.0028149190710766462	0.026038001407459477	-0.010555946516537674	0.023926812104151995	55513638
2021-06-02	-0.01512027491408939	0.007560137457044634	0.027491408934707806	-0.021993127147766342	-0.01512027491408939	40811014
2021-06-03	-0.014654570830425739	-0.0006978367062107318	0.007676203768318174	-0.016050244242847202	-0.014654570830425739	33686161
2021-06-04	-0.021246458923512672	-0.008498583569405044	-0.0021246458923512295	-0.029745042492917845	-0.021246458923512672	47143555
2021-06-07	0.013748191027496345	0.02026049204052094	0.02966714905933431	0.006512301013024592	0.013748191027496345	34484892
2021-06-08	-0.0042826552462527125	-0.0014275517487508619	0.010706638115631717	-0.011420413990007148	-0.0042826552462527125	24589797
2021-06-09	0.01648745519713265	0.0035842293906810548	0.02078853046594989	-0.03512544802867373	0.01648745519713265	60665278
2021-06-10	0.002115655853314608	0.00846262341325818	0.00846262341325818	-0.0211565585331452	0.002115655853314608	45442237
2021-06-11	-0.0182969739619987	-0.011259676284306835	-0.003518648838845933	-0.01900070372976786	-0.0182969739619987	37025857
2021-06-15	-0.017204301075268706	-0.0035842293906809273	0.0071684587813621095	-0.021505376344085947	-0.017204301075268706	28618338
2021-06-16	-0.021152443471918372	0.001458789204959852	0.008752735229759242	-0.026987600291757913	-0.021152443471918372	22763900
2021-06-17	-0.01639344262295087	0.0037257824143070574	0.004470938897168443	-0.027570789865871775	-0.01639344262295087	29334989
2021-06-18	0.05530303030303034	0.0007575757575758761	0.06060606060606066	-0.005303030303030191	0.05530303030303034	43771564
2021-06-21	-0.026561378320172236	0.0	0.000717875089734371	-0.027997128499641102	-0.026561378320172236	28801760
2021-06-22	0.028023598820058924	0.011799410029498535	0.04424778761061944	0.008112094395280194	0.028023598820058924	32499296
2021-06-23	0.02582496413199435	0.004304160688665746	0.028694404591104762	-0.0035868005738880155	0.02582496413199435	43423990
2021-06-24	-0.0041958041958042305	0.012587412587412567	0.020979020979020904	-0.013286713286713376	-0.0041958041958042305	36810075
2021-06-25	0.05407303370786514	0.0049157303370786715	0.057584269662921364	0.0049157303370786715	0.05407303370786514	74715226
2021-06-28	-0.03664223850766149	0.0006662225183211051	0.0026648900732845386	-0.040639573617588236	-0.03664223850766149	53097579
2021-06-29	-0.05670816044260029	-0.008990318118948877	-0.00414937759336103	-0.058091286307054055	-0.05670816044260029	58735082
2021-06-30	0.0029325513196480314	0.0	0.01686217008797644	-0.004398826979472177	0.0029325513196480314	23010917
2021-07-01	-0.019736842105263126	0.005847953216374275	0.01096491228070178	-0.021198830409356665	-0.019736842105263126	29227302
2021-07-02	0.0223713646532439	0.0007457121551081124	0.038777032065622635	-0.01640566741237887	0.0223713646532439	36958439
2021-07-05	-0.013858497447118983	0.0	0.004376367614879556	-0.037928519328957064	-0.013858497447118983	40788015
2021-07-06	0.03402366863905332	-0.0059171597633136145	0.039940828402366936	-0.010355029585798727	0.03402366863905332	46606914
2021-07-07	-0.017882689556509297	-0.011444921316165962	-0.0007153075822603567	-0.02360515021459228	-0.017882689556509297	38960350
2021-07-08	-0.038601602330662864	0.0043699927166787125	0.008011653313911102	-0.04734158776402042	-0.038601602330662864	68177913
2021-07-09	0.028030303030303107	0.0007575757575758761	0.03409090909090917	-0.0030303030303029657	0.028030303030303107	48311119
2021-07-12	0.07442888725128959	0.00957995578481938	0.09948415622697124	0.003684598378776635	0.07442888725128959	117047122
2021-07-13	-0.01508916323731143	-0.001371742112482824	0.01508916323731143	-0.030864197530864147	-0.01508916323731143	65390672
2021-07-14	0.001392757660167225	0.0	0.01880222841225636	-0.016016713091921913	0.001392757660167225	45110195
2021-07-15	0.015994436717663325	0.0	0.026425591098748192	0.0	0.015994436717663325	52064997
2021-07-16	0.006160164271047219	0.0020533880903491537	0.033538672142368255	-0.017796030116358646	0.006160164271047219	66182103
2021-07-19	0.040816326530612346	0.034013605442176874	0.08571428571428583	0.034013605442176874	0.040816326530612346	104663564
2021-07-20	0.013071895424836555	-0.019607843137254947	0.019607843137254832	-0.029411764705882422	0.013071895424836555	76933847
2021-07-21	0.0006451612903225669	0.005806451612903217	0.018064516129032218	-0.019354838709677465	0.0006451612903225669	52695135
2021-07-22	0.014829142488716985	0.0	0.031592520954223095	-0.0006447453255963757	0.014829142488716985	66547416
2021-07-23	0.040660673443456245	0.0019059720457432884	0.04828462515883099	0.0012706480304955257	0.040660673443456245	87067500
2021-07-26	-0.026251466804118988	0.0018315629933798293	0.017094079187672636	-0.04212448364618349	-0.026251466804118988	70288172
2021-07-27	-0.0545454545454545	0.0	0.020689717868338516	-0.060188087774294616	-0.0545454545454545	74294463
2021-07-28	-0.0019893899204243607	-0.004641909814323626	0.011936339522546401	-0.045092838196286456	-0.0019893899204243607	52594875
2021-07-29	0.007308970099667736	0.015282392026577983	0.023255813953488347	-0.011960132890365547	0.007308970099667736	51283441
2021-07-30	0.03496042216358835	-0.007255936675461704	0.047493403693931444	-0.01319261213720312	0.03496042216358835	60374840
2021-08-02	0.04206500956022957	-0.006373486297004439	0.04843855959209693	-0.021032504780114727	0.04206500956022957	76091498
2021-08-03	0.006116269113149779	-0.00917425076452606	0.013455657492354669	-0.026911314984709556	0.006116269113149779	53802242
2021-08-04	0.0018236473055533618	-0.02735568222761812	0.017021214770746827	-0.03465051461091094	0.0018236473055533618	53518378
2021-08-05	0.006674757281553363	0.0012135922330096828	0.029732949029126272	-0.013956310679611676	0.006674757281553363	62352038
2021-08-06	0.004219409282700439	-0.002411151295961433	0.016877697408077073	-0.01928872814948766	0.004219409282700439	49437877
2021-08-09	0.030012004801920768	0.021008403361344623	0.05102040816326539	0.014405762304921875	0.030012004801920768	73752527
2021-08-10	-0.03088583916083908	0.005244755244755236	0.011072261072261147	-0.041957983682983764	-0.03088583916083908	71031234
2021-08-11	0.06674690720065568	0.025255563755596025	0.08238130381126291	0.023451655048205233	0.06674690720065568	107971881
2021-08-12	0.006764430665163587	0.002254847801578364	0.01803827508455484	-0.016347181510710154	0.006764430665163587	71043919
2021-08-13	-0.01063835326772931	0.0022395855408965607	0.0050391934468536626	-0.03247480221305709	-0.01063835326772931	58415193
2021-08-16	-0.0011318619128468095	0.0033955857385398252	0.024335031126202583	-0.00792297679683096	-0.0011318619128468095	63910233
2021-08-17	-0.05495750708215291	0.01133144475920696	0.01926345609065155	-0.06968838526912165	-0.05495750708215291	85260040
2021-08-18	0.009592326139088737	-0.01199040767386087	0.014388489208633212	-0.022781834532374104	0.009592326139088737	44339607
2021-08-19	-0.02969121140142518	-0.00831347980997622	-0.0065320665083135054	-0.0564133016627078	-0.02969121140142518	55501587
2021-08-20	-0.019583843329253385	-0.007344002447980323	0.004283965728274192	-0.040391676866585076	-0.019583843329253385	42349732
2021-08-23	0.016853995006242236	0.0056180399500624775	0.028714107365792812	0.004993757802746682	0.016853995006242236	36431022
2021-08-24	0.0006137507296653639	0.011049600303892014	0.03314910784842789	-0.00429723730526467	0.0006137507296653639	46140823
2021-08-25	0.012270000752760801	0.0	0.01533742425382971	-0.017177853814592265	0.012270000752760801	50177669
2021-08-26	0.005454545454545446	-0.0060606060606061465	0.023030242424242515	-0.009696969696969706	0.005454545454545446	44398655
2021-08-27	0.036769198312236316	0.0066305605786618725	0.036769198312236316	-0.00843875828812535	0.036769198312236316	62267758
2021-08-30	-0.013953603839906781	0.0034883137506795054	0.016279010681452873	-0.016279126960515793	-0.013953603839906781	55410045
2021-08-31	-0.05306604086474289	-0.003537677095381978	-0.003537677095381978	-0.06073107669404934	-0.05306604086474289	77056234
2021-09-01	-0.022415879353417264	-0.0037359280034825184	0.01805734857144139	-0.03424651520837588	-0.022415879353417264	53155511
2021-09-02	0.053503248407643374	0.0012738853503185574	0.05732484076433135	0.0012738853503185574	0.053503248407643374	59976265
2021-09-03	-0.018137907004963406	0.0	0.015114872121229013	-0.02720683027770073	-0.018137907004963406	49103926
2021-09-06	0.0006157635467981258	-0.003694581280788099	0.018472967980295674	-0.013546798029556582	0.0006157635467981258	32260580
2021-09-07	0.008615323076923049	0.0012307692307692046	0.011692369230769155	-0.012923015384615374	0.008615323076923049	49206528
2021-09-08	0.022574803085711113	0.002440573669345567	0.04697992965100246	-0.002440451643712615	0.022574803085711113	67578083
2021-09-09	0.027446241050119318	0.005369928400954645	0.04236270883054891	-0.003579892601432055	0.027446241050119318	87866005
2021-09-10	-0.03890824848479966	0.0017422184519289815	0.003484436903857963	-0.04006957259405199	-0.03890824848479966	75084024
2021-09-13	0.06525680152609084	-0.0018126285083159286	0.0743203670284209	-0.007854924945916794	0.06525680152609084	103797186
2021-09-14	-0.04878043385027996	-0.013045888431417548	-0.013045888431417548	-0.05331809718196823	-0.04878043385027996	83125464
2021-09-15	0.06738223017292778	0.008348240906380476	0.07811568276684548	-0.01252242098986275	0.06738223017292778	113802840
2021-09-16	0.03910614525139681	0.031284860335195605	0.10000005586592181	0.020670391061452572	0.03910614525139681	251469858
2021-09-17	-0.017204247311828107	-0.030107473118279635	0.027957043010752528	-0.03333333333333338	-0.017204247311828107	122401786
2021-09-22	0.026258149548241436	-0.016958532989139182	0.037746059204263875	-0.048140095834786886	0.026258149548241436	87875709
2021-09-23	-0.041044776119403145	0.011193976545842208	0.018656769722814437	-0.05223875266524536	-0.041044776119403145	86122503
2021-09-24	-0.07170644802668139	-0.010005614230127694	-0.010005614230127694	-0.07670922734852685	-0.07170644802668139	74858961
2021-09-27	-0.06646712176843585	0.0029939519165298064	0.013173592025533495	-0.09520963501738718	-0.06646712176843585	80174004
2021-09-28	0.045541949967928146	0.007055805003207147	0.061577870429762656	0.0019243104554201001	0.045541949967928146	58600512
2021-09-29	-0.0319017810982688	-0.003067423501068907	0.019632025744295983	-0.038036750799800664	-0.0319017810982688	49892329
2021-09-30	0.019011406844106397	0.0	0.024714828897338552	-0.003802281368821212	0.019011406844106397	30995771
2021-10-08	-0.001865733830845685	0.013681529850746357	0.030472636815920526	-0.018656716417910384	-0.001865733830845685	29364745
2021-10-11	-0.017445421647689828	-0.0037382556846264894	-0.0031152026863054435	-0.0236759516309004	-0.017445421647689828	28679372
2021-10-12	-0.05580215599239055	-0.002536461636017701	-0.002536461636017701	-0.09321496512365243	-0.05580215599239055	85806464
2021-10-13	-0.010073875083948983	0.0	0.006715916722632615	-0.018132975151108215	-0.010073875083948983	27344076
2021-10-14	-0.012890094979647184	-0.001356852103120731	-0.0006784260515603654	-0.031207598371777532	-0.012890094979647184	37594011
2021-10-15	-0.018556701030927925	0.00481099656357378	0.012371134020618537	-0.028865979381443294	-0.018556701030927925	47608988
2021-10-18	0.011204481792717097	-0.002100840336134409	0.01890756302521018	-0.005602240896358549	0.011204481792717097	49242557
2021-10-19	0.014542936288088702	0.004155124653739647	0.019390581717451602	-0.008310249307479171	0.014542936288088702	40550337
2021-10-20	-0.0027303754266212233	-0.008191126279863549	0.010238907849829375	-0.03822525597269628	-0.0027303754266212233	39923926
2021-10-21	0.024640657084188996	-0.0006844626967830108	0.03490759753593428	-0.004791238877481197	0.024640657084188996	51219204
2021-10-22	-0.01870407481629934	-0.004676018704074835	0.005344021376085509	-0.020708082832331363	-0.01870407481629934	28359803
2021-10-25	0.03199455411844797	0.0	0.0367597004765147	-0.006126616746085763	0.03199455411844797	37286076
2021-10-26	0.017810026385224244	0.0026385224274405768	0.03034300791556722	-0.007255936675461704	0.017810026385224244	40733247
2021-10-27	-0.02073882047958524	-0.01036941023979262	-0.004536616979909286	-0.040829552819183344	-0.02073882047958524	34656329
2021-10-28	-0.029119788219722005	-0.013898080741230912	-0.003309066843150161	-0.034414295168762384	-0.029119788219722005	40563149
2021-10-29	-0.004771642808452644	0.005453306066803004	0.010224948875255649	-0.036128152692569825	-0.004771642808452644	38446937
2021-11-01	-0.008904109589041028	-0.0013698630136986009	0.017808219178082178	-0.011643835616438352	-0.008904109589041028	33975214
2021-11-02	-0.024187975120939974	0.0006910850034554102	0.018659295093296446	-0.04215618521078101	-0.024187975120939974	43245701
2021-11-03	0.01133144475920681	0.004249291784702585	0.01133144475920681	-0.011331444759206683	0.01133144475920681	18221776
2021-11-04	0.018207282913165253	0.0	0.025210084033613533	-0.007002801120448154	0.018207282913165253	24863806
2021-11-05	-0.023383768913342495	0.0006877579092160635	0.0061898211829437165	-0.0268225584594222	-0.023383768913342495	22666414
2021-11-08	0.01197183098591549	0.009859154929577505	0.024647887323943764	0.006338028169014075	0.01197183098591549	21664757
2021-11-09	0.0013917884481559743	0.004871259568545601	0.011134307585247053	-0.0034794711203896267	0.0013917884481559743	15955010
2021-11-10	-0.0284920083391244	0.0006949270326615557	0.0006949270326615557	-0.044475330090340555	-0.0284920083391244	34632003
2021-11-11	0.02575107296137335	-0.0014306151645207133	0.02932761087267526	-0.0035765379113019105	0.02575107296137335	24396558
2021-11-12	-0.01046025104602513	0.004184100418410076	0.009065550906555146	-0.016736401673640183	-0.01046025104602513	21270471
2021-11-15	-0.02325581395348838	0.00563777307963355	0.00563777307963355	-0.033121916842846995	-0.02325581395348838	38842769
2021-11-16	0.10028860028860033	0.0064935064935064835	0.10028860028860033	-0.0036075036075035307	0.10028860028860033	107995336
2021-11-17	0.0013114754098360376	-0.0065573770491803044	0.009836065573770515	-0.03934426229508194	0.0013114754098360376	79880001
2021-11-18	0.020301244269810118	0.020301244269810118	0.05762933857236405	0.018336607727570474	0.020301244269810118	84431474
2021-11-19	0.04428754813863925	-0.0006418485237483817	0.0564826059050064	-0.012836970474967862	0.04428754813863925	81750024
2021-11-22	0.0006146896127842065	0.015980393362015923	0.023355869698832146	-0.01720958819913948	0.0006146896127842065	68939241
2021-11-23	-0.009828009224323767	-0.014127886110080642	0.0049140046121619926	-0.02334158333282647	-0.009828009224323767	41948963
2021-11-24	0.0006202232865868346	0.010545905052983664	0.014888336545388677	-0.0117866617998348	0.0006202232865868346	39538914
2021-11-25	-0.006819529251055871	-0.001859826525717708	0.0037199010365714974	-0.017978860383066463	-0.006819529251055871	32563321
2021-11-26	0.007490574282147314	-0.007490636704119802	0.020599250936329704	-0.01061173533083645	0.007490574282147314	34494333
2021-11-29	-0.0018586122588978525	-0.024163508312484996	0.0	-0.0278809806617708	-0.0018586122588978525	35681568
2021-11-30	0.00806945946185838	0.013035318868074547	0.02855362951249971	-0.004965859406216166	0.00806945946185838	47299706
2021-12-01	0.04433491379310354	-0.006157697044334908	0.06527087438423654	-0.008620689655172232	0.04433491379310354	71983360
2021-12-02	0.0023585496673673256	0.011202889811491071	0.029481133813746098	-0.0029480544191069634	0.0023585496673673256	75514049
2021-12-03	0.0	-0.0023530000000000105	0.016470647058823448	-0.017058882352941188	0.0	54139301
2021-12-06	0.016470647058823448	0.00941176470588236	0.022941117647058796	-0.005882352941176554	0.016470647058823448	66535109
2021-12-07	-0.034143516542620565	0.0	0.009259258723422537	-0.041666779996135266	-0.034143516542620565	55694076
2021-12-08	0.0023965846377122253	0.006590652690793783	0.014379807406842035	-0.007789214632161946	0.0023965846377122253	32780435
2021-12-09	-0.010161446503287458	-0.005977346084877399	0.0011954572624028436	-0.023909145248057508	-0.010161446503287458	41608164
2021-12-10	-0.00483085777964122	-0.0006038647707648752	0.0072464376356543535	-0.01388882934111306	-0.00483085777964122	28958735
2021-12-13	0.10012129854368938	0.08616504854368921	0.10012129854368938	0.08495139563106803	0.10012129854368938	119729468
2021-12-14	0.021511363569297386	-0.002206232885065337	0.03805852388629468	-0.012686101085830338	0.021511363569297386	145970179
2021-12-15	-0.062094978401727924	0.001619816414686831	0.008639308855291584	-0.06965442764578829	-0.062094978401727924	124825064
2021-12-16	0.03742078080479104	0.0017270580468015005	0.058146110642135436	-0.02072544497838526	0.03742078080479104	89537488
2021-12-17	-0.003884517203107617	0.002219700332963467	0.012208657047724688	-0.028856825749167567	-0.003884517203107617	68194266
2021-12-20	-0.010585013337882195	-0.006685292106669076	0.021169859544854508	-0.017827408477581633	-0.010585013337882195	67377283
2021-12-21	-0.001126126126126302	0.012387387387387322	0.018581081081080985	-0.017454898648648718	-0.001126126126126302	38353340
2021-12-22	0.008455411499436365	0.0011273957158964558	0.019165727170236745	-0.01578359639233363	0.008455411499436365	46822454
2021-12-23	0.016769257505268684	-0.0011178312530929191	0.026830744931847058	-0.012856289147919987	0.016769257505268684	66319898
2021-12-24	-0.01979114789493417	0.0010993952116880627	0.006047168441607064	-0.032985209841384776	-0.01979114789493417	45620592
2021-12-27	0.02692086371284369	0.00897363993269771	0.043746550757151	0.005608524957936143	0.02692086371284369	67899196
2021-12-28	-0.03331502093473631	-0.0005461496748307612	-0.0005461496748307612	-0.04423806904631732	-0.03331502093473631	60361986
2021-12-29	0.0056496042005872976	0.0056496042005872976	0.015819151648635506	-0.0028249150946376635	0.0056496042005872976	30190670
2021-12-30	-0.02134825962630661	-0.0005616854248137603	0.0	-0.030898821960607958	-0.02134825962630661	40861283
2021-12-31	-0.003444259471871483	0.004018369690011293	0.010332950631458077	-0.009758897818599408	-0.003444259471871483	30150752
