2020-02-25	0.015129804462647745	-0.04157123139431368	0.039023915056619035	-0.052331776925608274	0.021576133191120724	3484208
2020-02-26	-0.055395528026069736	-0.010794525566958535	-0.002211397806151233	-0.060147510191600514	-0.04939712121336992	2677434
2020-02-27	-0.056093570587846614	0.014209961324564981	0.014209961324564981	-0.052348462824273315	-0.05009957996187984	2580896
2020-02-28	0.03548876026258303	-0.013287793372221404	0.06492719861656593	-0.027727484200920603	0.04206435480445886	2587394
2020-03-02	0.02454973496732392	0.00725667996923779	0.040398788940001776	-0.019215246694092983	0.031055793869723413	1885147
2020-03-03	-0.025990195536717952	0.020527943861835384	0.027696238404543924	-0.019963808869209936	-0.019805001856291082	1655589
2020-03-04	-0.024485087842531644	-0.011582900097931776	-0.00552755036517946	-0.03345194082512555	-0.018290360583436492	1356538
2020-03-05	0.03252518863468446	0.01866937025169967	0.0600197051933359	0.01866937025169967	0.039081954845748494	1343904
2020-03-06	0.05238609220649768	-0.006690766337260037	0.08212185032856845	-0.01487606549781118	0.05906895304246224	1953709
2020-03-09	-0.04180945329868783	-0.011292730997133618	-0.006590845694299896	-0.03572477519219039	-0.03572477519219039	1247205
2020-03-10	0.019937129438345767	0.006373128363077263	0.027216454478226737	-0.031896984780187425	0.02641389205682862	1528095
2020-03-11	-0.03715126942472968	0.0004599539277196668	0.007181971838382665	-0.03303789553643485	-0.031036986914413107	1008877
2020-03-12	-0.033433851296099854	-0.01699899206672418	-0.00906028059649358	-0.03563167343565202	-0.027295995337483784	976464
2020-03-13	-0.02902139350605389	-0.05788288558094178	-0.0026844709215105684	-0.06269007439253861	-0.02285545440382295	983895
2020-03-16	-0.07300362629411794	0.018789665935012308	0.019187737782895776	-0.06908251509637298	-0.06711706458011904	1210667
2020-03-17	-0.024135251161828894	0.022533547634894454	0.03300041036606189	-0.06528088465158145	-0.017938348967200316	1120005
2020-03-18	-0.047606062261759334	0.012042998487424813	0.02458386691978806	-0.042905775714065654	-0.04155820930654236	898179
2020-03-19	-0.0014347550099301125	-0.0008689956348774498	0.019344637401411156	-0.03728236840389226	0.004906328089776438	1054321
2020-03-20	0.009166638599231926	0.017888490655360235	0.023672112460374407	-0.0023252386350552097	0.01557507663508544	622626
2020-03-23	-0.07127191257474354	-0.02571520971288113	-0.02571520971288113	-0.06706498237126235	-0.06537432030239451	815473
2020-03-24	0.0181812511323214	0.033934105501597533	0.041184930055546944	-0.013890359876880443	0.024646872015541173	631858
2020-03-25	0.04098292845362656	0.02425956972685803	0.07607863714664116	0.02425956972685803	0.04759333001683336	948076
2020-03-26	-0.030373163240736807	-0.009602434471848198	-0.0044499073086625126	-0.03222126395618685	-0.024215875392325153	547569
2020-03-27	-0.016020394489910106	0.01742842902899915	0.029737529146062622	-0.017037294480044395	-0.00977192992816497	658888
2020-03-30	0.04296156240037531	-0.025167811640379924	0.05413071364019792	-0.03856226525346776	0.04958457839032647	1144082
2020-03-31	0.004360480317494156	0.0038635627257421856	0.028846814966703438	0.0036295658258565892	0.010738356363613788	635586
2020-04-01	-0.015571688972081143	0.004893818331596294	0.02385575690051484	-0.015204040558621377	-0.00932034647398998	520107
2020-04-02	0.024638446440453845	0.006586981295013737	0.034458915208468006	-0.008798862905890823	0.031145063514319546	664961
2020-04-03	-0.030129130405406258	0.003953437214812708	0.003953437214812708	-0.023970290533493	-0.023970290533493	598647
2020-04-07	0.005917115666565235	0.021237001573371918	0.03490310580740619	0.01230489951879432	0.01230489951879432	600124
2020-04-08	-0.018852896737490573	0.0004305018201130772	0.0019104285979534813	-0.012859211046358126	-0.012622464199853552	441554
2020-04-09	0.006924626722795832	0.013318786029230412	0.021403594906383473	0.007285330809643653	0.013318786029230412	353455
2020-04-10	-0.03959517686037106	0.009645784321696632	0.009645784321696632	-0.038289920571915076	-0.03349633210666455	488803
2020-04-13	-0.0080594025914879	-0.00484870227186929	0.016769398464360066	-0.0165468222351911	-0.0017604297965389715	467031
2020-04-14	0.026999997175929945	0.006507355693146367	0.03685517791714042	0.0032053069975859715	0.033521652475756315	324991
2020-04-15	0.008519918901357074	0.004390367903720955	0.03439955556461131	0.0016649944485690176	0.014924224228018299	419138
2020-04-16	-0.001327547884434154	0.009568670605925719	0.013971337334354756	-0.012292702456290005	0.00501422547537267	205144
2020-04-17	6.0402294544236815e-05	0.011549145525676156	0.02322401489913943	-0.0021626921924425353	0.006410976774270442	294012
2020-04-20	-0.025496969179388908	-0.002831026558735287	0.00324927205980901	-0.026909048610111674	-0.0193086753369313	439076
2020-04-21	-0.010477928578420346	-0.0016985599851133443	0.009158002491660518	-0.007781996821508107	-0.004194276148846513	239176
2020-04-22	0.023496217305702966	0.0030397701698029215	0.03876020978012068	-0.0014370472082449602	0.029995634546363937	383785
2020-04-23	0.06893174949443537	0.006350211296110433	0.09537229271665325	0.006350211296110433	0.07571964764781798	834814
2020-04-24	0.04968211760650328	0.008597899416784875	0.0648488134226099	-0.010940079867351918	0.056347825855417435	1100435
2020-04-27	-0.01743193073980417	0.0020675325744073467	0.03130512309832814	-0.014980935282057257	-0.011192386564474459	588975
2020-04-28	-0.05785987605569123	-0.022092866777677193	-0.01706366362077843	-0.11653072211490262	-0.051877135211330076	1107550
2020-04-29	0.00011783555649812182	-0.012125623960683413	0.03381174063140747	-0.020370014442225196	0.006468811433542383	510046
2020-04-30	0.10790262643350194	0.015661099085067555	0.1267991067590676	0.01411919608316084	0.11493806353002478	1074188
2020-05-06	0.023138322999775834	-0.012411804509616075	0.034988420816482985	-0.01824647326435233	0.029635494058278058	792551
2020-05-07	-0.04190277976345414	-0.0007128187521084332	0.004519051306781052	-0.036603449972025394	-0.035818700854412217	560170
2020-05-08	0.016604289636413208	0.015687980717851737	0.029012073256408196	0.010227292649476192	0.023059942374287178	595771
2020-05-11	-0.0248999798842765	0.006350211978923307	0.015213151709301239	-0.02050727880703704	-0.01870787258211203	428794
2020-05-12	-0.020198713863072704	0.00635022784783616	0.012464847391710833	-0.0387381713736652	-0.013976755251222672	584041
2020-05-13	0.041705148691869115	0.0016837693922996924	0.05408295039371579	0.0007561387295161145	0.04832020299112622	617731
2020-05-14	0.004478153067735657	0.005216783661801772	0.014661773575402595	-0.0020693837972271777	0.010856781130220608	406505
2020-05-15	0.005419233044604291	0.007827837780226833	0.028943984740809035	0.0028845356564391115	0.011803860021837056	472561
2020-05-18	-0.030906425784547237	0.012255438985362794	0.021768037854522988	-0.03503992744359694	-0.02475249073752043	614539
2020-05-19	0.048550605261667275	0.022948961070011896	0.06155080865755951	0.0073427745162325765	0.05520910964118895	667184
2020-05-20	0.02482356619964155	0.011109779770876528	0.0518423484172768	0.002221698778721079	0.0313314541784104	1008780
2020-05-21	-0.010734259524671937	0.008428634703565554	0.03839845248481885	-0.009481451003783012	-0.004452288901369186	763013
2020-05-22	-0.020387174776206003	0.008710460066700763	0.03231362638320563	-0.032270803523980436	-0.014166458051126457	626285
2020-05-25	-0.007314313697339697	0.0061383947439478176	0.014875880609722227	-0.01986235809645825	-0.0010105150967611592	454041
2020-05-26	0.05915728355722691	0.024220797422625236	0.0662298535669126	0.01757939236175456	0.06588309881491022	707497
2020-05-27	-0.028001664514563426	0.003529709886133503	0.017380182670007367	-0.02459937394150595	-0.021829264275124487	501822
2020-05-28	-0.013001040836572242	0.007826999515877696	0.015547656443009573	-0.026760395061240484	-0.006733367317398017	484421
2020-05-29	0.026396817215964832	0.0063765088280798125	0.04603934134275719	0.0028328215331016988	0.03291463191562097	601175
2020-06-01	0.031232565334607054	0.01811440060064091	0.055913269216490785	0.017858641878681795	0.03778107399165342	744810
2020-06-02	-2.4673298214557007e-05	0.006796552506605224	0.014013297556149879	-0.007736156540617152	0.006325351782171869	423340
2020-06-03	-0.014244177814801173	0.011855870595062101	0.024553657355276273	-0.01294451839011099	-0.007984440593076372	422872
2020-06-04	0.01097501616902849	0.009167958417771172	0.027231926725468862	0.0013184395115304823	0.01739492154232264	319735
2020-06-05	-0.028660476695229208	0.00040250771842264215	0.0028910711704585195	-0.026847291944131674	-0.02249230590306889	484875
2020-06-08	-0.038823848084304634	0.006862598695304437	0.02018498443466012	-0.03412926282918633	-0.032720198333178144	876358
2020-06-09	0.00013250877635081142	0.009015663860506631	0.020877061178440865	-0.011641770145062342	0.00648351025128367	410636
2020-06-10	-0.009401615675967355	-0.004950014087302911	0.026072048337982403	-0.004950014087302911	-0.0031110717715383844	331059
2020-06-11	-0.006336043772774477	0.0035253414779486303	0.019129724690463347	-0.004545907917316372	-2.6027088883160492e-05	337310
2020-06-12	-0.01259142979080294	-0.012007081653933813	0.0014766554855233677	-0.021754356229124285	-0.006321164716143299	341426
2020-06-15	0.010844712444253262	0.005390472469474389	0.035882596320179296	-0.0073328216321226	0.017263806462849154	331819
2020-06-16	0.012130070782052615	0.01725517324372364	0.02262631039793556	-0.00686059675351451	0.018557289704960664	511117
2020-06-17	-0.004474363930508293	0.006403764575095153	0.010424019293770632	-0.010266894338515716	0.0018474437318918191	377901
2020-06-18	0.0055645246125514925	0.004169531475897835	0.013619235735188383	-0.0011610018956052534	0.011950075421616921	360005
2020-06-19	0.02133659210026115	0.006644679676439004	0.03237374623484787	-0.0002895626255521825	0.027822273906592223	432582
2020-06-22	-0.021958828878782307	0.017097890001854136	0.017097890001854136	-0.024818050952142578	-0.01574807789666472	631679
2020-06-23	-0.00985435464388065	0.004554397304477087	0.006296618458319482	-0.01292074631886484	-0.003566731075276606	476746
2020-06-24	0.013234050974350025	0.0022628141027041648	0.02597534304694683	-0.0011479273608353917	0.01966826352344459	568427
2020-06-29	-0.020441253705798416	-0.0021721096877923116	0.00586931448387749	-0.020873034004219228	-0.014220874784410737	433058
2020-06-30	0.021436953173781904	0.014013921026111318	0.03506875894164005	0.00673204900275057	0.027923219703433227	469111
2020-07-01	0.07633319187202618	0.026375679259987607	0.09152542121261005	0.02530766646118951	0.08316816245393333	1190119
2020-07-02	0.0020460138827359062	-0.005284304810688866	0.011782925306910164	-0.010196140723495686	0.008409194977190485	626459
2020-07-03	-0.015719613280195128	0.008206923185750604	0.016995437559786997	-0.02632837129411266	-0.009469227961333773	505652
2020-07-06	0.04221345633669346	-0.004968119590839168	0.0663877141554622	-0.004993218611367152	0.04883170259370494	873619
2020-07-07	0.04796158545601289	0.008763492872360782	0.07631200980504602	-0.007743536448675011	0.05461637891201355	1111186
2020-07-08	0.013729951632413154	-0.0017328383699151272	0.03513598815216742	-0.00677610841290782	0.02016739210547312	603775
2020-07-09	0.0252821829958657	-0.003872267665359864	0.040425316782816835	-0.004303889698196897	0.031792994252967735	720072
2020-07-10	-0.03140200476355512	-0.0029555123867789283	0.0032261833773127896	-0.0406216374743895	-0.029543365389798158	576954
2020-07-13	0.005388102514593792	-0.0001398271607096394	0.02703551873171667	-0.00036858949214958373	0.0073173293747502205	526111
2020-07-14	-0.016713559775837557	0.0022374535922536605	0.023829334210223988	-0.026202882775290426	-0.014826748228272792	694021
2020-07-15	-0.043533498099240675	-0.0015519677218294925	0.017884781943172664	-0.061019236345063295	-0.04169815393437749	895269
2020-07-16	-0.06784986526362118	0.01590195397578215	0.01660354638113484	-0.06862550991418043	-0.06606114428809753	614967
2020-07-17	-0.01546429523684431	-0.018973285054223063	0.025095086403642403	-0.02416390259361871	-0.013575076552265556	525504
2020-07-20	0.06901182933106112	0.007507435355872105	0.08606240275737953	0.001918893012654358	0.07106313760249049	548977
2020-07-21	-2.460719297912344e-05	0.0006612501908912334	0.008749392125397415	-0.016131508098883474	0.0018941990324162009	343833
2020-07-22	-0.005660839223186646	-0.009177959192142378	0.015974845705663276	-0.011150696291332588	-0.0037528212012428066	306707
2020-07-23	-0.009900992137027317	0.0006788818814446018	0.0006788818814446018	-0.045201066854135885	-0.008001108419881435	619737
2020-07-24	-0.05699995924945431	-0.00559550906091984	-0.00559550906091984	-0.05819625039522887	-0.05519046368998755	495428
2020-07-27	0.01333506960307863	0.006381269430106831	0.03334168885479503	8.608745912114596e-05	0.015279557136998311	289051
2020-07-28	0.0060434740731440655	0.011800967583168329	0.01953367482664494	-0.0007285858190248113	0.007973971970570608	216219
2020-07-29	0.03258441126158709	0.0018146576286813822	0.039594404145237634	-0.012802156941089835	0.03456580784739426	373819
2020-07-30	-0.012768562169863568	0.0016412701041715408	0.016377218676088285	-0.01592073710867527	-0.010874176786155655	405614
2020-07-31	-0.0015305997900258664	-0.006899052431890133	0.014391767363369936	-0.012138648592431616	0.00038532215719055496	473973
2020-08-03	0.016862496881514654	-0.027263228823953777	0.023370277389534115	-0.033893187630266566	0.018813776126490517	713014
2020-08-04	0.0025126213337659524	-0.0005984627865109099	0.011938138343816736	-0.015451014608048328	0.004436305662927322	521431
2020-08-05	0.048872160777894844	0.008045890595884078	0.06077846233026138	-0.012821133828637858	0.05088482242080473	629892
2020-08-06	0.006810041442189917	0.005486024194016291	0.014918672700192698	-0.006412513068098583	0.00874199960590713	444041
2020-08-07	-0.03958700968126847	-0.00961383190680865	-0.0009345916397663161	-0.04171518429398292	-0.03774409719737836	456189
2020-08-10	-0.016655596586270183	-0.00303290715003158	0.010584493782862886	-0.03437769563414907	-0.014768680380929372	333025
2020-08-11	0.049305090199930776	0.008440038064810649	0.06478901867484116	-0.0037965633358610245	0.05131862917503777	816344
2020-08-12	0.015710737083496865	0.0038385841497045677	0.02377857819050036	-0.012814079126882335	0.017659760392479663	525706
2020-08-13	0.03746674719343928	0.0013755708101140767	0.04890711568169078	-0.014877776488141764	0.03945750202690078	653798
2020-08-14	-0.014090943601217579	-0.0003582269805190294	0.012484585307536718	-0.020282749791271783	-0.012199113575969126	383727
2020-08-17	-0.03298755144410666	0.0009719814304471918	0.012935863099557254	-0.053835640591108375	-0.03113197824703356	545579
2020-08-18	0.004743899317299443	0.0007246613853765026	0.017467519331835143	-0.013581958957634005	0.006671880845362861	258099
2020-08-19	-0.030843682495262696	-0.006353610352707641	0.004937825893284318	-0.03064802924228119	-0.028983999585559188	223056
2020-08-20	0.0008567720789137773	-0.007720683864649757	0.015433732169781894	-0.01566772417326386	0.002777288219779065	166073
2020-08-21	0.005748087885082612	-0.008692618806357681	0.021597972941337487	-0.03932634504843563	0.007678027342522137	716221
2020-08-24	0.040833771403812176	-0.003514866976597458	0.05971724087629308	-0.003514866976597458	0.042830983891768974	468199
2020-08-25	-0.02352970040807166	-0.005853596845850687	0.010838429353073699	-0.023903428291620742	-0.02165599485857857	248562
2020-08-26	-0.039004586529971595	-0.00930146810963442	0.00692963916247915	-0.04440102849285606	-0.03716050677962708	241652
2020-08-27	0.0029632051192386975	0.02250117525262979	0.02250117525262979	-0.005665340008105846	0.004887767605686751	157977
2020-08-28	-0.011842474894537396	-0.0025087770506926955	0.004655083296708863	-0.01298098444876619	-0.009946296388262657	232813
2020-08-31	0.1682830759047106	0.07486906043278853	0.20229263529171704	0.07486906043278853	0.1705248550380484	1691262
2020-09-01	0.04301069629620711	0.03208416559752942	0.0687134574872121	0.008813817782407678	0.0450121509703586	1388090
2020-09-02	0.018515523626398796	-0.010558603760167384	0.04755270396163658	-0.010558603760167384	0.020469936910467043	845311
2020-09-03	-0.004149982081557883	0.0039876849369655095	0.01818549058253876	-0.024387623492107775	-0.0022390811653986396	488175
2020-09-04	-0.0004065579186405926	-0.015270976540287388	0.010167577383696263	-0.026452495503076184	0.0015115587767675477	285351
2020-09-07	-0.0019523511850087333	-0.003337987485881836	0.032339334439511785	-0.02018840960856846	-3.718508014200061e-05	468602
2020-09-08	0.03470061926458218	0.0004490128788506014	0.06247053467818289	0.0004490128788506014	0.036686071165646435	852065
2020-09-09	-0.011421796420680886	0.000735078569757246	0.03183049353912859	-0.023336253603973057	-0.009524847089281767	684840
2020-09-10	-0.00737055426794342	0.005331759147151053	0.022635844001903136	-0.031970761995662185	-0.005465818685648738	475460
2020-09-11	0.02950035902797757	0.002783514890032941	0.03951850853857487	-0.00873766980750984	0.031475812147560754	437331
2020-09-14	0.029668508392067333	0.019750277410919097	0.03609736461418761	0.00014161624864870718	0.03164433532456662	494988
2020-09-15	-0.036386313582274586	-0.0042266651436507615	0.020469493241848834	-0.04136565843566276	-0.034537226654087254	444316
2020-09-16	0.07068758757858817	0.011938151187500386	0.07868676248557191	0.0019189089510147858	0.07274213548476584	537619
2020-09-17	0.00735806858884315	0.0017719099558102542	0.023061089857413945	-0.014590346693920743	0.009291111407477522	485735
2020-09-18	0.07650411878859315	0.0019189232497460148	0.08590648172295552	-0.014506276614549713	0.07856985594979275	828222
2020-09-21	0.005093213156948069	0.012786009193570522	0.012786009193570522	-0.03349639046149373	0.007021870258546993	399175
2020-09-22	-0.009764289879044118	0.001885115440098627	0.005258579695375711	-0.0380060369694641	-0.00786414228222396	418055
2020-09-23	0.018361069367046907	-0.0003295686223513418	0.027128654895513367	-0.02737900174902466	0.020315197814946114	432771
2020-09-24	-0.027328839916097032	-0.006762174761006497	0.01531685936803596	-0.03426058819567296	-0.02546241889786446	303025
2020-09-25	-0.0066079044403664616	-0.002603823095210523	0.020095558808060784	-0.007779982520115956	-0.004701744494063453	237454
2020-09-28	-0.029164871312604132	0.012651496766579635	0.018000603699434365	-0.03921181373007491	-0.027301925209855738	327560
2020-09-29	0.06346319581382001	0.013669420369678978	0.0823362750228814	-0.0010945165700717882	0.06550389182537135	373000
2020-09-30	0.003079207225267349	0.01774680993508072	0.0344968601060583	-0.010706458351477465	0.0050040565090788336	268082
2020-10-09	0.021855154172535692	0.02465179498752171	0.02705881070381155	-0.006438741382991818	0.023816026802376912	220470
2020-10-12	0.0008163962631686113	-0.002170531006108007	0.006008399067612419	-0.024548072237304937	0.0027368270381242484	321677
2020-10-13	0.03592172348860454	0.006822219184938792	0.08965621759490167	-0.012774839808251564	0.03790952234296146	493561
2020-10-14	0.06242314094682967	0.007141301084558041	0.0754905358863615	-0.009157144052803564	0.06446180643404216	399935
2020-10-15	-0.0026680364617759017	-0.00151162991579612	0.026482037658408734	-0.018070133341484506	-0.0007542296431465132	357280
2020-10-16	-0.01018038309853955	-0.008176752177980588	0.024046117313987807	-0.01559225829262634	-0.00828099576484428	326606
2020-10-19	0.021155798824900984	0.020934056137871082	0.0605588515050243	0.0034232828581788805	0.023115306155133523	461399
2020-10-20	-0.001823239093494288	0.01323311592296207	0.029732811714382665	-0.013800039111521452	9.216446289883587e-05	363694
2020-10-21	0.008455347973160688	0.009992037396716148	0.016692520374297255	-0.021473829615284705	0.01039046568957233	227075
2020-10-22	-0.012562032004451693	-0.0030277782183755937	0.02284715568109888	-0.020180072667309465	-0.010667257838836743	319963
2020-10-23	-0.11207104277146945	0.007847393265411319	0.007847393265411319	-0.17592170704709523	-0.11036719227182853	1074036
2020-10-26	0.08783162042793775	0.006726200331508351	0.0949933560360065	-0.015173658443225862	0.08991903330354362	745872
2020-10-27	-0.028960513513971848	-0.01785989997417142	0.05106649263022149	-0.07570778091175603	-0.027097174019442276	691778
2020-10-28	0.048781685858042746	0.006596306827425819	0.05395452827472888	-0.025007476190910923	0.050794149972895206	480943
2020-10-29	0.017549391766393675	-0.016583249237541973	0.030214547223734015	-0.02214293931021049	0.01950200056901371	352047
2020-10-30	0.19999998223154244	0.11200929841149325	0.20230264698266082	0.11200929841149325	0.20230264698266082	999971
2020-11-02	0.04678686154726156	-0.011617185497366003	0.048795522767190166	-0.012703041863476051	0.048795522767190166	846048
2020-11-03	-0.021153679580080548	-0.0025132313897583427	0.013741977408071687	-0.03800604251986068	-0.019275374829858347	467189
2020-11-04	0.03012057811488138	0.0019309509530775488	0.04287524462183312	-0.014928464086998276	0.03209724698457174	466663
2020-11-05	0.011609550523452762	0.023440790432390352	0.03108623406834254	-0.016844078399686987	0.013550753897112225	394537
2020-11-06	0.028835097247233144	-0.006401522339883355	0.030809321286968967	-0.02119339110979516	0.030809321286968967	340344
2020-11-09	-0.009831873898811561	-0.00032756233068281283	0.047971218365699925	-0.02264608630610659	-0.007931834686267167	507776
2020-11-10	-0.016677415470610052	-0.01177307546212132	-0.0043541824601034665	-0.08568928111492768	-0.014790497082276302	544740
2020-11-11	-0.020829022231570234	0.0074101634994513865	0.06130725265665378	-0.028559698267196693	-0.018950094896141977	509752
2020-11-12	-0.0024811540075843916	-0.025237674606973175	0.042671477486101395	-0.030362640550789775	-0.0005670035712970982	435134
2020-11-13	0.023093328884937703	-0.008805408710562224	0.03109185684009323	-0.013789575645500748	0.025056502977464274	236941
2020-11-16	-0.02865572513275162	-0.006958714201756818	0.01359013806995564	-0.028546581792861424	-0.02679182406886468	230228
2020-11-17	-0.018196541123692716	0.005460557644089589	0.01675119038359178	-0.03864420147206154	-0.016312544547711423	351535
2020-11-18	-0.05823504360373715	0.002294170145520928	0.002294170145520928	-0.09090335526968607	-0.05642791684094252	677679
2020-11-19	0.03938519434772852	0.019142840001919702	0.06042886401402413	-0.023107210250197477	0.041379696513793925	382434
2020-11-20	0.03063524010047749	0.011589631535723581	0.049777764640578454	0.0017952884003455904	0.03261288793683275	389724
2020-11-23	-0.04255092415808013	0.0019188630074035296	0.0019188630074035296	-0.053420649510329585	-0.040713719337866036	456281
2020-11-24	0.023177850235321856	0.0027460274922347185	0.046446112161505564	-0.009911554086357476	0.025141221255223414	284525
2020-11-25	-0.041564784192120556	0.00048585349924764763	0.005630195042865403	-0.04346140196257294	-0.03972565549900677	282488
2020-11-26	0.0	0.01307543252793611	0.020040318954027737	-0.04126327791407298	0.0019188868092284773	329965
2020-11-27	-0.0027296219366174036	-0.0004197976237842292	0.0069540429544659565	-0.024879850436615645	-0.0008159619746426955	187349
2020-11-30	0.013493452515748627	0.010017707807759011	0.036697623478596814	-0.009473260870185556	0.015438239591890118	375530
2020-12-01	0.08604141938743329	0.00014878889950140846	0.0974945168706111	-0.007437578728636456	0.08812538698851513	453272
2020-12-02	0.022519377048434007	0.001231942559258289	0.02555258244128386	-0.01843180456667771	0.024481445881562987	389578
2020-12-03	-0.02867145803346754	-0.004684910428152901	0.005425712384176533	-0.04359027248782625	-0.026807570321835533	350154
2020-12-04	0.038912477535566245	-0.006567748822010352	0.052627919242282835	-0.010670418885872257	0.04090600477410597	276606
2020-12-07	0.017466205513804074	0.0019188596553086179	0.033510895770566096	-0.007107436377622091	0.01941860237202303	334839
2020-12-08	0.019756264125388914	0.00190778101010988	0.03129411880398693	-0.013062617488657672	0.02171304713099964	377224
2020-12-09	0.0017799577983534057	0.001918873239076394	0.033063021048306676	-0.0038988755356951883	0.0037022825553548	415795
2020-12-10	0.03139761916213178	0.008866151936743043	0.03426687393644279	-0.01110712214230276	0.03337675311208893	407712
2020-12-11	-0.02379246086028392	0.0019399557212843566	0.03982844144183713	-0.026476408569130222	-0.021919247811512145	644562
2020-12-14	0.050660058581348665	0.01261368858073341	0.05431492934305113	-0.0014556182966839887	0.052676182407819384	387377
2020-12-15	0.0028778975094563507	-0.0011902149719742706	0.01133879670523544	-0.01057928651269396	0.004802321504086776	240579
2020-12-16	0.039633636139307635	-0.007412500588341725	0.06288008301694677	-0.007412500588341725	0.041628600979460285	344648
2020-12-17	0.04613815246628441	0.0038577060793822957	0.056993262464332124	0.0038577060793822957	0.04814554605347269	393080
2020-12-18	-0.04413150030951249	0.001918860890844888	0.003057154549851807	-0.05829976474747582	-0.042297276632037466	393406
2020-12-21	0.017927348799061785	0.0038873144638717104	0.03328546060465533	-0.01579675052561597	0.019880617267830452	311891
2020-12-22	-0.023893853989491686	-0.005090938067470649	0.008474273780222447	-0.060096177578624656	-0.022020838576245358	416975
2020-12-23	0.0034700859800006973	-0.004569144895488004	0.008961572930913458	-0.019357863300254626	0.005395661353203478	211469
2020-12-24	-0.01674873501320552	-0.007952205762992166	0.011760396905193904	-0.04215566832961845	-0.014861991394493713	308196
2020-12-25	0.034719418735896956	0.01296207656816096	0.05003714513864089	-0.010118189051939426	0.03670496796749384	323733
2020-12-28	-0.041301488782407234	-0.018524049877850536	0.018752575485342884	-0.0511047439765092	-0.03946185739953385	494712
2020-12-29	0.005040368511109171	0.014164535117131914	0.015014674422769804	-0.020335849423890006	0.006968950026748427	344535
2020-12-30	0.003537770982356422	0.0049196425208798975	0.025139492908996624	-0.003105829828950723	0.005463442248925334	328029
2020-12-31	0.03754595726241607	0.015434838630605735	0.05659489931611877	-0.01058367731099705	0.039536862005222266	465153
2021-01-04	-0.05594600792340462	0.0019188593323222333	0.011589890793058935	-0.08995593954467643	-0.054134460290376885	756166
2021-01-05	-0.03071444523986057	-0.006214955214688082	0.0018779485054178442	-0.03500099438435214	-0.02885450390272381	597018
2021-01-06	0.024251005739751225	0.012487643172239308	0.03256829580300397	-0.0037987944521008584	0.026216457744192324	413867
2021-01-07	0.016488360579703692	-0.011660241025791475	0.01947074588968329	-0.011660241025791475	0.01843889290801357	564722
2021-01-08	-0.02532930952419438	-0.014810188445209451	-0.00013166046647726653	-0.05259281585782412	-0.02345899189621203	538647
2021-01-11	0.07551982105369773	0.0019293479853679046	0.11023448181417803	0.0019293479853679046	0.07758361468542861	677642
2021-01-12	0.004900102221288296	-0.01218051148433599	0.016957617792328808	-0.03465628465496938	0.006828439420417	630627
2021-01-13	0.0935637183407865	0.028110803664647428	0.10916280793630745	0.021461643424357295	0.09566215903159835	600346
2021-01-14	-0.0019348217159072779	-0.014823806948017354	0.04756485382274631	-0.028922929567723726	-1.9685018762690998e-05	503890
2021-01-15	0.0019385725080937985	-0.01824674258145176	0.010668344569296336	-0.02174300570904151	0.003861193600017876	347407
2021-01-18	-0.012805620644840504	0.0028000963266156093	0.0028000963266156093	-0.043903247351161745	-0.010911352411563418	403047
2021-01-19	0.006735336469931576	-0.0002501789083178893	0.03276804017410187	-0.012755875166329587	0.008667143817402865	324526
2021-01-20	0.0039027063526973684	0.005829056776318178	0.03295176878205459	-0.005537906242142087	0.005829056776318178	266030
2021-01-21	-0.007413569627565483	0.007951126491069447	0.02006870066131456	-0.017864995907788568	-0.005508939071663478	284189
2021-01-22	0.10124329178621422	0.012391862323934626	0.110474895603481	-0.0026991720678234926	0.10335646678550997	529063
2021-01-25	-0.028225819255792324	-0.002929095358166073	0.005958894877701166	-0.05302504032396324	-0.02636106961636152	398542
2021-01-26	0.019153501759106423	0.018265601218833607	0.04982809320582083	-0.010494949281446933	0.021109156846330763	330773
2021-01-27	-0.045648396982526124	0.00191890140577331	0.01163560439623023	-0.08462555562035602	-0.043817134929305564	426123
2021-01-28	0.04093782564451308	0.015904432716861698	0.07712985731634366	-0.016905288957305396	0.042935258671380365	629212
2021-01-29	-0.009836093035664238	0.02655622778764324	0.03476867760994439	-0.03915159145303802	-0.007936061466021571	410645
2021-02-01	-0.032284757435859984	-0.000569303095258128	0.017677564400098156	-0.03690550043783719	-0.030427813542204772	307879
2021-02-02	0.035072740014573764	-0.020322119787352374	0.043075580472639485	-0.020322119787352374	0.037058907520595964	349165
2021-02-03	-0.011562025323081955	0.0019520211409982085	0.018487798603463737	-0.027062256705480046	-0.009665293542930884	265949
2021-02-04	-0.029690408975188244	-0.0038697403718073917	0.005261404154490674	-0.030760462827711908	-0.02782845039892798	269998
2021-02-05	-0.04265399151241625	-0.004426677277735006	0.006667363425525066	-0.06514622632556646	-0.04081694617001857	586404
2021-02-08	-0.02534654507775783	-0.007396838029824162	0.01841316532897593	-0.027083577545427378	-0.02347630880078922	343673
2021-02-09	0.04457727941364504	0.026901151553777577	0.0659105482149773	-0.011812095925698131	0.04658165295380625	739451
2021-02-10	0.016700353229121077	-0.0015888320725739517	0.02196412755475118	-0.015531059339976326	0.01865130521129273	355540
2021-02-18	-0.011304343466129832	0.002763977131383883	0.014900310571773014	-0.028574278501751597	-0.009407134221068668	340444
2021-02-19	-0.023755481285059145	-0.015608083861665931	-0.0077654248745752455	-0.10823049430357205	-0.021882189021459462	752339
2021-02-22	-0.12970387823800802	-0.007125571397682586	-0.007125571397682586	-0.13791775005161816	-0.1280338548661168	1422892
2021-02-23	0.007225504842865079	-0.12878421741083645	0.04857042404481469	-0.12878421741083645	0.00915828149911443	997133
2021-02-24	-0.044193173776116264	0.00664536052978542	0.012411774565464684	-0.052656322068430204	-0.04235910817786966	618425
2021-02-25	0.04346230206791143	0.019134612035769858	0.07686886913456334	0.0022205506289253514	0.04546461214376168	520926
2021-02-26	0.01811592634383742	-0.008839296085060533	0.03705352181384313	-0.0501892693120031	0.0200695577791252	571268
2021-03-01	0.018218611817717417	-0.0008901744927706348	0.031327419148219904	-0.014306537451258854	0.02017245197945843	414462
2021-03-02	0.06361824461336156	0.001918880817011415	0.08515977144748368	-0.008040551397869414	0.06565924699224872	510034
2021-03-03	-0.008897142108108705	0.0019189238142761375	0.01871739706662352	-0.02922484574203417	-0.006995364216649392	409553
2021-03-04	-0.033456548058918026	-0.01632476520656091	-0.009361751236048049	-0.06466913060216249	-0.03160187764365308	432594
2021-03-05	0.016097486397084415	-0.030191385291208895	0.026355914742416643	-0.030191385291208895	0.018047319242120892	295841
2021-03-08	-0.06135379120149112	-0.008182016404613699	0.01635851383757651	-0.06686377877058709	-0.05955263146535596	425158
2021-03-09	-0.006546596202318802	0.005659713484334629	0.011194069243466921	-0.03542759868524418	-0.0046402794355135096	279943
2021-03-10	0.02192131423992061	0.02028187703961852	0.06313581936845465	-0.004446259466413036	0.023882254742398634	275723
2021-03-11	-0.014257033489964233	0.008480627728888674	0.029690237720466462	-0.014717667436809008	-0.012365514732276922	311539
2021-03-12	0.03747156523758767	0.009323105073971383	0.04457263973047124	-0.00496311440070382	0.03946238661266497	295850
2021-03-15	-0.05098521450980349	0.00191891656772433	0.00191891656772433	-0.09160996751581447	-0.049164141493733535	321754
2021-03-16	0.036075812537434526	-0.009689072281660868	0.050545650758636256	-0.01914401122238219	0.038063920254573246	287515
2021-03-17	-0.00011023316346014035	-0.012035723251102743	0.015180776740986827	-0.01813955363286981	0.0018084655907167854	191092
2021-03-18	0.0020743814591614993	0.004017313336023152	0.00792303393768649	-0.015029246289565501	0.003997274757311272	153554
2021-03-19	-0.006590277909361346	-0.01998395641255649	0.004964845963973188	-0.026296285894106704	-0.004684023917838651	167330
2021-03-22	0.0022448623599215668	-0.01963500430253154	0.02681128817430844	-0.01963500430253154	0.0041680722095058355	282000
2021-03-23	-0.013459151499697963	-0.004541827506723289	0.04630884674607046	-0.013780084568075964	-0.0115661094164543	421990
2021-03-24	0.017491342707539305	0.0018270340228641751	0.0425178894514214	0.0018270340228641751	0.019443770618934396	276204
2021-03-25	0.01062653761443535	0.006330066369189339	0.030381002368859614	-0.015395028957192388	0.01256583879781615	325305
2021-03-26	0.07101977200367014	0.015796964795385844	0.09912487412662101	0.0004209815259317347	0.07307497255141475	579545
2021-03-29	0.0723563409076418	0.01791474093028314	0.09087303438012222	-0.02573796774088877	0.07441410325671378	718863
2021-03-30	0.01724135756834706	0.003646362975599773	0.043213573907654464	-0.016927477101143135	0.019193380646478256	321599
2021-03-31	-0.011016945259708814	0.016956179776149053	0.01805153105143349	-0.018832621111897648	-0.009119152012491343	304447
2021-04-01	-0.019914263504506303	-0.004125237658583867	0.0024512260089212595	-0.034998387438519775	-0.018033581820876585	326396
2021-04-02	0.006662185070477039	-0.006902354425112739	0.016144915117376993	-0.01800980908863802	0.008593911593594896	330061
2021-04-06	-0.0011898189849368379	-0.0011005906103206899	0.0067485372688794905	-0.013405084181253149	0.0007267867311099461	211513
2021-04-07	0.00259995949930618	0.006257578061903157	0.008008751502358837	-0.013763183346350297	0.004523846570630716	244087
2021-04-08	0.010407661525914805	0.003552560232644182	0.030594807497698443	-0.005128410948598624	0.01234650146274763	273642
2021-04-09	-0.09270390905974071	-0.0049612605747257794	0.009994433983776	-0.10022527186851346	-0.09096288023118855	606080
2021-04-12	0.031807052642069365	-0.018934642910305246	0.07744678557897917	-0.018934642910305246	0.033786951539938284	547598
2021-04-13	-0.02838745787041021	0.001918865443688472	0.0031866333649125827	-0.03999081330921827	-0.026523093388453482	349295
2021-04-14	-0.01826061738956009	0.01157245244834368	0.01157245244834368	-0.026125014355791915	-0.016376753617329924	233770
2021-04-15	-0.034422467721430546	0.0019380668763317992	0.008670101292617438	-0.046341903237283565	-0.032569635842269976	339414
2021-04-16	0.038825272420298464	0.021139389297195468	0.0720183254066006	0.0013104670115777557	0.04081867207991051	261044
2021-04-19	0.02271196133171054	-0.021403179687318127	0.03482333555815006	-0.021403179687318127	0.024674459771403204	265926
2021-04-20	0.00282049951657516	0.0019189160916209694	0.01083779740711533	-0.016857676151525055	0.004744802612510536	154800
2021-04-21	0.0013081735286170923	-0.0029586177890056887	0.019238389053819468	-0.02823572325350977	0.0032295780615051004	236214
2021-04-22	0.0613469858538721	0.0004136130611092301	0.0724059945617685	-0.002662461521229029	0.06338355028516433	336823
2021-04-23	0.00041314805337641154	0.0019012127409762612	0.011300710193059145	-0.018377566165531753	0.0023328566738922297	204712
2021-04-26	0.12320059963470119	0.03353986117583376	0.1429582756949105	0.009139574312931916	0.1253558868648098	641495
2021-04-27	-0.02191710956080469	-0.009840731211750523	-0.009840731211750523	-0.049196191841494	-0.020040241891503316	428436
2021-04-28	0.0211041628207533	0.02697512209856512	0.03848524685853282	0.003778556680418493	0.02306359528434729	299223
2021-04-29	0.0860487024666197	0.008340075388165495	0.10054324491202654	0.005741760792173304	0.08813273891705829	507869
2021-04-30	0.01716931234224426	-0.03653299487371078	0.03957587448088895	-0.03653299487371078	0.019121138205602246	711889
2021-05-06	-0.05248227104364175	0.02165172209557727	0.02165172209557727	-0.08050137592560513	-0.05066409666847046	480435
2021-05-07	-0.065868232860263	0.008668335185578373	0.008668335185578373	-0.06407577523300981	-0.06407577523300981	317083
2021-05-10	-0.033101020010147426	-0.001485098227742549	0.017068050463887596	-0.0425573757679855	-0.031245675838069226	482164
2021-05-11	-0.011179399550194317	0.020185537025671035	0.020185537025671035	-0.030014579149395905	-0.009281925268126425	246110
2021-05-12	0.03616328186763391	-0.006637472170938671	0.06974916749556252	-0.006637472170938671	0.03815160231886737	384253
2021-05-13	-0.014275905321592472	-0.0080974159643696	0.004925519759745885	-0.03591788209925158	-0.012384381868191446	245879
2021-05-14	0.03552151121112749	0.0019189177413971368	0.04309903489603487	-0.0035810237667435246	0.03750857128021381	385870
2021-05-17	0.06339990784718297	-0.006012353402323489	0.10989994404437042	-0.007679566023850304	0.06544043269495357	537499
2021-05-18	-0.04743666709941301	0.0026579817571776646	0.006988219113922729	-0.04809494272790608	-0.04560884306434847	432841
2021-05-19	0.009121224615765196	0.0019188477783401128	0.02814370868981346	-0.004257228805412367	0.011057580933097997	201584
2021-05-20	-0.012403103000476024	-0.021226286247677504	0.029102698895301933	-0.021226286247677504	-0.010508046496139877	285422
2021-05-21	-0.013720574090476311	0.006637469414254455	0.025504049746186724	-0.014596289706202475	-0.01182802093660287	191641
2021-05-24	-0.0437876403573591	-0.007322679180897961	0.0042631196406242725	-0.047135704879667874	-0.04195276101499661	336602
2021-05-25	0.0786434057738379	0.005738083373567018	0.0882265245128615	-0.000741156479408498	0.08071316675950817	544647
2021-05-26	-0.0161190337034926	0.000774695672817714	0.032077163098346136	-0.02977789618275519	-0.01423103678138636	405897
2021-05-27	0.05168223703791951	0.006908466474166759	0.07413789492894153	0.0020132151199725922	0.05370034349617574	596324
2021-05-28	-0.02982844904217251	0.001171788645722924	0.044506089945313916	-0.02871393638847776	-0.027966793262622743	546009
2021-05-31	0.02536508004964992	0.02271198341765543	0.04733251990200401	-0.012536170148056684	0.02733267008972315	478895
2021-06-01	-0.02473760862659932	0.0019189165677243006	0.012268595522710684	-0.03863852083456739	-0.02286618406700951	535467
2021-06-02	-0.03973863852873437	0.024483284377555835	0.028087366843872023	-0.045812784526820007	-0.03789598569535839	436573
2021-06-03	-0.024941983079129284	0.0019189076092291737	0.00970614297021029	-0.04461223205125247	-0.023070947511113046	559931
2021-06-04	-0.01324974350966227	0.0034487323858628555	0.02374805115759611	-0.02858756184154823	-0.011356248911633482	538582
2021-06-07	-0.0066555248281525165	0.007203555305786049	0.015255610905157632	-0.023495803871874145	-0.004749425762924291	455847
2021-06-08	0.010133966311998378	0.0027579981851287632	0.02864507783183942	-0.0032752828560672813	0.012072299200746288	431049
2021-06-09	0.05629720948372122	0.01344082562224957	0.06305909630475026	-0.010143033755407193	0.0583240920138566	574729
2021-06-10	0.04151490574618629	0.0066453416338394565	0.0450863139292739	-0.00342107159564367	0.04351344288331413	470655
2021-06-11	0.07234964478824166	0.0004917473569868061	0.11367191567299806	-0.002528605087864475	0.07440733388993141	880255
2021-06-15	0.012741629358247308	0.02374731103148346	0.04213248918048011	-0.00011612524575556705	0.01468498675777376	602744
2021-06-16	-0.03332358168988032	0.028207570450822957	0.028207570450822957	-0.03911679865711532	-0.0314686689792776	360533
2021-06-17	0.030976326705148015	0.01774241280889081	0.051583282343898924	-0.007373919230651658	0.032954622318944506	337857
2021-06-18	-0.009198282592439712	-0.031058703370474592	0.01345090291699385	-0.05258094837279192	-0.0072970548247755325	493172
2021-06-21	0.046418040158859954	-0.001559427575064905	0.05265067798670524	-0.035357133834865245	0.0484259647042302	616825
2021-06-22	-0.026857158474993245	0.001925590632074013	0.001925590632074013	-0.06292032216818458	-0.024989804683764105	739419
2021-06-23	-0.1344996412293714	-0.00015547651485738488	0.0005359788955749406	-0.13706364778045782	-0.13283886559454744	1364831
2021-06-24	-0.02481443098080692	-0.001364639215054058	-0.001364639215054058	-0.050896953109987375	-0.02294316007997803	1023704
2021-06-25	0.045797579245028634	-0.008722995960574952	0.05745500828185305	-0.029040118500038493	0.04780437038547491	877169
2021-06-28	-0.06176695575317316	-0.00018054046067570099	-0.00018054046067570099	-0.07474864202680154	-0.05996662105977219	930934
2021-06-29	0.017499946409865116	-0.00419280331337118	0.04784013755437487	-0.010605129082124128	0.019452436616646786	882430
2021-06-30	0.03276009132376797	0.00829477341189055	0.04540924698565532	-0.015009503471644533	0.03474180568988333	453076
2021-07-01	-0.01452815071417342	0.0066861111969063	0.015012907022968985	-0.04593646260802579	-0.012637134156889145	478971
2021-07-02	-0.03360481524902361	-0.00707088579660286	-0.004273199057174225	-0.05264859019609693	-0.03175038574879552	592587
2021-07-05	-0.06325990331906658	0.010320197436719731	0.010320197436719731	-0.07310072864252529	-0.061462385332559016	1030110
2021-07-06	0.0258233911020352	0.006817396056152482	0.029573143694985406	0.0012509322602237112	0.0277918752802882	547994
2021-07-07	-0.03528592472031748	-0.004957362033234437	0.011469284636264804	-0.03366915140969794	-0.0334347171395106	787333
2021-07-08	0.053553504361935796	0.007579656635552297	0.06916467020188845	0.007579656635552297	0.05557514085837296	660003
2021-07-09	-0.059595860650118994	0.001918874065785127	0.007906990002928172	-0.06889628238961844	-0.057791375665824894	808069
2021-07-12	-0.027198623850757105	0.006460629744977624	0.007214526891566668	-0.03249885717440097	-0.025331899172959395	858949
2021-07-13	0.004850920693359223	0.0060647328550911496	0.01571049386137152	-0.027027482699376847	0.004850920693359223	670018
2021-07-14	-0.006904356214279354	-0.019607091740752685	0.03146429324068955	-0.0362778434551567	-0.006904356214279354	469941
2021-07-15	0.023289775437959025	-0.011892806714468362	0.03395686418609135	-0.014699929422665894	0.023289775437959025	677622
2021-07-16	-0.05815652651404225	-0.0042154225504481314	-0.0042154225504481314	-0.08467444955393814	-0.05815652651404225	873321
2021-07-19	-0.003883495145631068	0.0	0.03679613980582527	-0.01706797766990291	-0.003883495145631068	553251
2021-07-20	0.039200751461988294	0.022417153996101363	0.057514629629629596	-0.009152061403508722	0.039200751461988294	525540
2021-07-21	0.08795561099089562	-0.0002250858233079543	0.08878096131628357	-0.0002250858233079543	0.08795561099089562	839834
2021-07-22	-0.02064650948275867	-0.005999966379310363	0.01293103448275862	-0.022655197413793116	-0.02064650948275867	471695
2021-07-23	-0.01676867055000668	0.013150777127425739	0.013150777127425739	-0.07134373091339037	-0.01676867055000668	604927
2021-07-26	-0.024171888988361683	0.007162041181736795	0.007162041181736795	-0.0475559489704566	-0.024171888988361683	342894
2021-07-27	-0.07201834862385322	0.0022110403669724733	0.008247697247706454	-0.0841559449541284	-0.07201834862385322	776818
2021-07-28	0.002718734552644587	-0.0035393148788927316	0.014691038062283788	-0.031141868512110725	0.002718734552644587	352084
2021-07-29	0.050036973132856793	0.001814175006162153	0.06482622627557308	0.001814175006162153	0.050036973132856793	383441
2021-07-30	-0.009389671361502348	0.00800001877934266	0.014084507042253521	-0.04225352112676056	-0.009389671361502348	384212
2021-08-02	0.02085308056872038	-0.007848368720379159	0.03978196303317534	-0.05462559715639809	0.02085308056872038	447277
2021-08-03	0.04217274280408539	-0.0018570102135561746	0.05850511606313832	-0.034354688950789226	0.04217274280408539	527015
2021-08-04	0.039058431141131694	0.00033855863678783593	0.07970274718294323	0.00033855863678783593	0.039058431141131694	715714
2021-08-05	0.019189550193013976	0.016051283452649726	0.03578960921415803	-0.022516428390612457	0.019189550193013976	528710
2021-08-06	-0.03595705214416824	-8.421389044323615e-06	0.004904728030715034	-0.03838841400606893	-0.03595705214416824	339416
2021-08-09	0.04633910017266914	0.004153948774155856	0.07076530613634056	-0.03475003679727647	0.04633910017266914	560966
2021-08-10	0.025604629691409555	0.011117561301084268	0.045037531276063386	-0.008356980817347733	0.025604629691409555	410618
2021-08-11	-0.012889302782447688	0.003496827820886808	0.005838866622838409	-0.027396879192036407	-0.012889302782447688	272866
2021-08-12	-0.029871904038329004	0.0009474185630333863	0.010009493957431219	-0.03942000819382969	-0.029871904038329004	250604
2021-08-13	-0.013620969491175215	0.0033882676612412934	0.008840117783408487	-0.03756824639927344	-0.013620969491175215	319236
2021-08-16	0.0942274946260194	0.009788639766137204	0.09594933175367638	-0.018552837235513684	0.0942274946260194	529304
2021-08-17	0.007765535011801744	-0.014775789929189626	0.029110936270653028	-0.020456333595594022	0.007765535011801744	600064
2021-08-18	-0.004481321306929385	-0.0006792219377424148	0.01493516521948036	-0.02332008331571544	-0.004481321306929385	335839
2021-08-19	0.005685694769609001	-0.014390670698710419	0.014712233204801707	-0.04716383016961471	0.005685694769609001	344698
2021-08-20	-0.02524992971954517	-0.0037118560656285073	0.004031600601882405	-0.056441931968519723	-0.02524992971954517	307460
2021-08-23	0.06998398400000005	0.009904003999999987	0.10666396480000002	0.009904003999999987	0.06998398400000005	551826
2021-08-24	-0.033256557604697805	0.013099276446739734	0.013099276446739734	-0.034751907090228046	-0.033256557604697805	458907
2021-08-25	-0.060324825986078884	-0.008507347254447023	0.00454756767208042	-0.08739365815931942	-0.060324825986078884	877486
2021-08-26	0.0008230452674897119	-8.238683127543751e-06	0.019753086419753086	-0.018880609876543285	0.0008230452674897119	398937
2021-08-27	-0.019399643092105266	0.004210522203947383	0.04853620065789468	-0.034580632401315745	-0.019399643092105266	504837
2021-08-30	-0.060734178625672285	0.007564528763433679	0.01223569542689709	-0.09427129158156682	-0.060734178625672285	1019275
2021-08-31	-0.18749273821634782	-0.016964437333944385	-0.016964437333944385	-0.20000178751597592	-0.18749273821634782	2128739
2021-09-01	0.040527478021978	0.004549467032966976	0.0527252527472527	-0.06592306593406597	0.040527478021978	1161584
2021-09-02	-0.05479047474447407	-0.028387974039012456	-0.01572534526167331	-0.07591247530884336	-0.05479047474447407	931822
2021-09-03	0.0	0.0	0.001340795530726274	-0.03910614525139665	0.0	520593
2021-09-06	0.011854731843575477	-0.01452513966480447	0.031240248044692717	-0.019899439106145195	0.011854731843575477	417921
2021-09-07	0.0033899891242916407	8.835702048934233e-05	0.004306517225513932	-0.05969456818654673	0.0033899891242916407	740954
2021-09-08	-0.061055576690792125	-0.003334473107519973	-0.003334473107519973	-0.08636701765700695	-0.061055576690792125	818914
2021-09-09	-0.02367558804019334	-0.003727135437499232	0.013713094040603478	-0.04343647032203753	-0.02367558804019334	672221
2021-09-10	-0.013589444177671108	-0.003601440576230492	0.0030852424969988385	-0.03599037214885949	-0.013589444177671108	614019
2021-09-13	-0.04464024110661286	0.004040510938910049	0.004040510938910049	-0.06285897726610457	-0.04464024110661286	814778
2021-09-14	0.007898104458598745	0.006369426751592357	0.04889172611464966	-0.007821675159235604	0.007898104458598745	620533
2021-09-15	-0.03942113438693938	0.00985842755523111	0.00985842755523111	-0.052085466854113215	-0.03942113438693938	729644
2021-09-16	-0.008828860030409311	-0.003920975988197777	0.030289099744883686	-0.013144550556643222	-0.008828860030409311	811643
2021-09-17	-0.021638109995562597	-0.015000648055233986	0.007845525148209609	-0.037036989837307625	-0.021638109995562597	593450
2021-09-22	-0.028412485753052986	-0.016282225237449117	-0.0013568521031207597	-0.04719135549525104	-0.028412485753052986	743025
2021-09-23	0.022260707265482592	0.0007680739065668364	0.03016503513718146	-0.005013584071205111	0.022260707265482592	700106
2021-09-24	0.031420765027322405	-0.015573803278688566	0.04506829234972682	-0.015573803278688566	0.031420765027322405	770057
2021-09-27	-0.020132466225165582	0.005298013245033113	0.016105924503311306	-0.05033112582781457	-0.020132466225165582	799067
2021-09-28	-0.020005390970620002	0.00013522033201228645	0.010773225370747182	-0.02917006941070672	-0.020005390970620002	440111
2021-09-29	-0.007600013793103401	0.004455144827586145	0.015172413793103448	-0.011544820689655197	-0.007600013793103401	366779
2021-09-30	-0.01745680575764517	0.0037805001289871265	0.006268342941087986	-0.03542785911448196	-0.01745680575764517	554520
2021-10-08	0.03385058242959581	0.00405980086913644	0.06924308274468702	0.0031544566252404978	0.03385058242959581	657593
2021-10-11	-0.03675120481524249	-0.009386182224766419	0.006444492921581937	-0.042224209333337696	-0.03675120481524249	461232
2021-10-12	-0.03181821590909095	-0.0011790014204545425	0.005681818181818182	-0.03992895596590917	-0.03181821590909095	558643
2021-10-13	0.07394369978675004	0.0020540258939211443	0.07687797219053898	0.0020540258939211443	0.07394369978675004	564633
2021-10-14	0.06501369808743164	0.0	0.07090167213114758	-0.016584719945355122	0.06501369808743164	700663
2021-10-15	-0.007388511654215871	0.01786835710765202	0.03753248244156926	-0.041804058378494324	-0.007388511654215871	794601
2021-10-18	-0.040719549911178966	0.0015248736467662351	0.0015248736467662351	-0.05405582115070628	-0.040719549911178966	555655
2021-10-19	0.10599201457330512	0.007516996642123372	0.10868627039443376	-0.0031523156831741936	0.10599201457330512	902648
2021-10-20	0.02813638976857487	-0.01947623629719858	0.03507915712545674	-0.01947623629719858	0.02813638976857487	799653
2021-10-21	0.0585239016758366	0.00687128084931975	0.06503971752274998	-0.014003017813141078	0.0585239016758366	843054
2021-10-22	0.012837124790151077	0.00011189255735866776	0.027062107442641262	-0.0402462473419138	0.012837124790151077	481209
2021-10-25	-0.005491862889669283	-0.020420546086826953	-0.00217683576596818	-0.032023141019780814	-0.005491862889669283	348971
2021-10-26	-0.035555555555555556	-0.05	0.015255533333333283	-0.08888888888888889	-0.035555555555555556	793277
2021-10-27	0.002327211981566872	0.008064516129032258	0.03210828917050693	-0.022315662442396335	0.002327211981566872	300111
2021-10-28	0.011493988379715676	-0.005907927268156498	0.020666168118751972	-0.026424668940376834	0.011493988379715676	300510
2021-10-29	0.02270400621113137	-0.009624817399040603	0.03371512161734685	-0.022408617476679746	0.02270400621113137	353130
2021-11-01	0.08665554444444448	0.0	0.09998887777777782	-0.023200005555555535	0.08665554444444448	891200
2021-11-02	0.02659537445776921	0.002055245984675125	0.04275094676582523	-0.01859937441690998	0.02659537445776921	684943
2021-11-03	-0.027888446215139442	0.0037550000000000448	0.025896414342629483	-0.03778884661354587	-0.027888446215139442	305743
2021-11-04	-0.006147540983606557	0.0036987551229508723	0.01496924692622956	-0.041116808401639324	-0.006147540983606557	261429
2021-11-05	-0.032989690721649485	-0.019278362886597955	7.217216494848696e-05	-0.05257731958762887	-0.032989690721649485	324324
2021-11-08	-0.031982942430703626	-0.02768653624733474	-0.003837927505330458	-0.046396609808102396	-0.031982942430703626	455459
2021-11-09	0.001982365638766503	-0.01999997026431722	0.014383257709251047	-0.030814955947136513	0.001982365638766503	337244
2021-11-10	0.0024181270927869205	-0.017366441205097033	0.009650504633772334	-0.054737292434433385	0.0024181270927869205	604600
2021-11-11	0.017543859649122806	-0.0020614089912280513	0.019736842105263157	-0.02631578947368421	0.017543859649122806	303608
2021-11-12	-0.06519396551724138	0.008620689655172414	0.029051747844827565	-0.06573275862068965	-0.06519396551724138	496181
2021-11-15	-0.006351596541786704	-0.017867435158501442	0.016749312968299727	-0.043734872622478445	-0.006351596541786704	700625
2021-11-16	0.022053631968510404	-0.0036891286869817175	0.04868969766110619	-0.009582489467192165	0.022053631968510404	501301
2021-11-17	0.007945516458569807	-0.022962519863791095	0.034040851305334886	-0.022962519863791095	0.007945516458569807	393849
2021-11-18	-0.03708332545045041	-0.005732012387387347	0.007882882882882882	-0.038254471846846834	-0.03708332545045041	373204
2021-11-19	0.031494489082225484	0.0	0.03851145839571001	-0.005929347256358662	0.031494489082225484	390505
2021-11-22	-0.024943310657596373	-0.0051927630385487505	0.005668934240362812	-0.034013605442176874	-0.024943310657596373	386537
2021-11-23	-0.004593037209302343	-0.013383732558139495	0.01744186046511628	-0.018279036046511613	-0.004593037209302343	352169
2021-11-24	0.04083876232704296	0.006880455677315032	0.04988027872035904	-0.005852473652508206	0.04083876232704296	547009
2021-11-25	-0.005173888001549989	-0.0011335562885538915	0.02916913357684953	-0.01170580900656769	-0.005173888001549989	464423
2021-11-26	-0.0433100326721111	-0.006712558482511972	0.0010942813331873136	-0.04535199786953076	-0.0433100326721111	473523
2021-11-29	-0.047758870204845816	-0.010624886373687931	0.006037658682826182	-0.06549455589563144	-0.047758870204845816	1247659
2021-11-30	0.005448803043320876	0.010773875112706053	0.03488499541943759	-0.011554057391808677	0.005448803043320876	623403
2021-12-01	-0.06886228136034983	-0.012193424553488113	-0.005456261343399068	-0.07686809507881243	-0.06886228136034983	997652
2021-12-02	-0.022486772486772486	0.0	0.007936507936507936	-0.027764537037037084	-0.022486772486772486	519348
2021-12-03	-0.005412719891745603	0.00577810554803795	0.011975610284167753	-0.027361259810554785	-0.005412719891745603	584468
2021-12-06	-0.00040814693877548955	-0.0018503197278912265	0.019591869387755142	-0.010775487074829934	-0.00040814693877548955	444033
2021-12-07	0.03443580725026582	0.019341174313197127	0.05485230344599475	-1.3624608461236362e-05	0.03443580725026582	717664
2021-12-08	0.06784210263157889	0.013157894736842105	0.07655262236842102	0.0013157894736842105	0.06784210263157889	907152
2021-12-09	0.019641187391298765	0.003955372379011828	0.02884564672691031	-0.011779779712602285	0.019641187391298765	726054
2021-12-10	-0.012713015105740235	-0.011480362537764351	0.00010879395770388358	-0.04135343927492446	-0.012713015105740235	715490
2021-12-13	-0.004896080807267762	-0.01097942448969189	0.033746246756254705	-0.017993036989719068	-0.004896080807267762	609674
2021-12-14	-0.022497451905273125	0.0059288151228521395	0.0059288151228521395	-0.034416567059867766	-0.022497451905273125	558931
2021-12-15	0.01926537135420001	0.0032968780196128613	0.02933218983671063	-0.01218084029701947	0.01926537135420001	445660
2021-12-16	0.004419774074074072	0.012345679012345678	0.017111092592592657	-0.021604938271604937	0.004419774074074072	345789
2021-12-17	0.00041786424555214215	0.007743538273261184	0.025947029866639475	-0.02268986653343525	0.00041786424555214215	430935
2021-12-20	-0.050828086131410315	-0.02952374742223285	-0.01887161554061519	-0.05150381348973466	-0.050828086131410315	335030
2021-12-21	0.049200712692263955	-0.024114950863218423	0.05622937372953535	-0.024114950863218423	0.049200712692263955	399050
2021-12-22	-0.027622896584146444	0.0011226473083366204	0.005477696914423909	-0.03580243297424595	-0.027622896584146444	287200
2021-12-23	-0.01669687159349741	-0.00404735408453134	0.021315183732390358	-0.023053381113094233	-0.01669687159349741	368929
2021-12-24	0.010464361615148753	0.004825731218620046	0.012890143186666756	-0.010477277577356734	0.010464361615148753	217822
2021-12-27	-0.00015322683722309653	0.019000925905358835	0.019000925905358835	-0.028654615056789668	-0.00015322683722309653	271088
2021-12-28	-0.007918278416347402	-0.010574749680715215	-0.001277139208173691	-0.0419795593869732	-0.007918278416347402	401253
2021-12-29	-0.002317183351964708	0.0007209024313219566	0.020854804647602563	-0.020339840684961474	-0.002317183351964708	457906
2021-12-30	0.03640002838709675	0.0025806451612903226	0.05548387096774193	0.0012903225806451613	0.03640002838709675	638953
2021-12-31	0.0121885655455629	0.0009835260745788095	0.027128618173541688	-0.010184127159708133	0.0121885655455629	459165
