2018-10-18	0.04747725752217768	0.11938460043774873	0.11938460043774873	-0.033982834435077436	0.06593641400406353	55718541
2018-10-19	0.1000369772613344	-0.0008523295184493132	0.11942242779612218	-0.0021090939052771556	0.11942242779612218	35319206
2018-10-22	0.10003382706668501	0.0739476723795123	0.11941910810199606	0.05121199450568375	0.11941910810199606	17685766
2018-10-23	-0.033476370663281706	0.05937421705624264	0.09884113081052084	-0.016755343039548395	-0.016443772773494875	32962614
2018-10-24	0.02481527974363829	0.02503712576191277	0.0799479213651342	0.022995411682756296	0.04287511451074669	24149984
2018-10-25	0.02606899277099011	-0.023585679315810446	0.06292009695273804	-0.023585679315810446	0.044150954404073996	19315338
2018-10-26	-0.0239003644729883	0.01987078155832925	0.052572017462844255	-0.0546268015472645	-0.006699058838131991	18272124
2018-10-29	0.00329212401836855	0.010293963716564259	0.029766997735287265	-0.015774740418837994	0.020972687158108384	10286018
2018-10-30	-0.0017432004169582241	0.006978864411047162	0.04245793335358902	-0.032569849610680685	0.015848605559147272	14005735
2018-10-31	0.016949180358611714	0.022326534137332227	0.06560292165443715	0.022326534137332227	0.03487038624728761	13522723
2018-11-01	0.0336364227780801	0.03797499985172514	0.0854639993266011	0.018650399617793283	0.05185166028146216	15664145
2018-11-02	0.030000997832870815	0.057002759066560646	0.06784224319989426	0.021003576426330703	0.048152148569657154	16217663
2018-11-05	-0.028273278161590733	0.012601882929779469	0.028918628438047992	-0.03982401697093	-0.01114906759137063	13349537
2018-11-06	0.0999805238861988	0.0005329055013434056	0.11936489070514049	-0.007912496628541795	0.11936489070514049	13529740
2018-11-07	-0.023610944934775793	0.0175321187417417	0.026835767464621994	-0.018147036920328135	-0.00640451775942635	11559522
2018-11-08	-0.006545486759514672	0.03612473879827269	0.04528332289792279	-0.0028224407929414697	0.010961700176343786	9042712
2018-11-09	0.013726264266107988	0.0010470672961946064	0.05971310940882002	-0.003608965574950485	0.031590633618840694	8703255
2018-11-12	0.011103034800484524	0.009722529493139575	0.03590255361698386	0.002833047043186704	0.02892125733091458	7992319
2018-11-13	-0.01740914046172791	-0.0006385193053289892	0.06295721128433189	-0.013993631814262112	-9.343121334069843e-05	13639629
2018-11-14	0.01635471765445532	-0.0011470120310701716	0.05035359146457502	-0.0013319057030623214	0.03426545651506922	8502181
2018-11-15	0.001251613835961809	0.008525240449936489	0.025992013200672834	-0.006576292277344084	0.018896138476427488	6730872
2018-11-16	-0.012053647275679683	0.01807679111798762	0.03579429790332612	-0.003638536392491806	0.005356501180628343	6909166
2018-11-19	-0.004518740730863485	0.0025398626387059847	0.03785542076862125	-0.0012308496473218671	0.01302417987968838	6928135
2018-11-20	-0.02859730882214622	0.005150565037337118	0.02519812621093271	-0.011478791420666892	-0.011478791420666892	5462485
2018-11-21	0.043925217530356095	0.00811198229633629	0.07497072029097088	0.004783329677659381	0.06232174903929069	9062260
2018-11-22	-0.001701032971551745	0.014433858984088723	0.023453055298097904	0.003228213750209719	0.015891546259241534	5197260
2018-11-23	-0.028786653450136885	0.02026905881486848	0.036695527108625725	-0.01440916462224252	-0.01167138492422551	5950853
2018-11-26	0.011911370433113506	0.025139580132512634	0.04571757093970722	0.017622563144042067	0.02974376302155147	4179317
2018-11-27	-0.027648466845210117	0.02755828389118493	0.030715392997107852	-0.029641814700920987	-0.01051324129422505	8021725
2018-11-28	0.028622322519324547	0.010364689309810928	0.05047365475102301	0.004634775712605926	0.04674925770666621	5516545
2018-11-29	-0.007116153288433547	0.03052732965441269	0.03953284803542266	0.010102491513352196	0.010381003129228699	4884839
2018-11-30	0.033722316737265126	0.017342053512919897	0.05287417309051608	0.014536854435121708	0.0519391347829603	4134650
2018-12-03	0.06222234508067155	0.044759146201478306	0.11857073764771768	0.02522075715531572	0.08094128113486283	9309546
2018-12-04	-0.0036821411470748756	0.011661484655088362	0.029288919169850335	0.0014426394594907349	0.013875515977148926	4519096
2018-12-05	0.013606680349385173	1.5453230251600154e-05	0.05223849100163867	-0.0028905403939917494	0.031468930733562134	5374878
2018-12-06	-0.0443320717979703	0.010960859826561196	0.021248409090033272	-0.03870598897721257	-0.027490875317139566	8233814
2018-12-07	-0.010318310139371676	0.02247535536975431	0.02574010302860066	-0.005583599706641019	0.007122359861887136	5067642
2018-12-10	0.008586000500929942	0.006388875572502976	0.03420546304949266	0.006388875572502976	0.02635979317994811	2984338
2018-12-11	-0.015288469183073488	0.022307500650113284	0.028053293008422773	-0.005537467927257419	0.0020646544909211375	4050229
2018-12-12	0.0050282815759402815	0.024893815720408174	0.02911297247542891	0.01537831787497425	0.022739375234342243	2752862
2018-12-13	0.019924517653597554	0.01735454078952558	0.038434055048562024	0.01422835057293726	0.03789809053453085	2926751
2018-12-14	-0.07220307358945732	0.01674671189931446	0.018235479575918347	-0.055853033034749394	-0.055853033034749394	7269624
2018-12-17	-0.014655386842648485	0.0016705111230353674	0.009976834340692464	-0.037690324942961775	0.002708805064880934	4950579
2018-12-18	-0.0078132480933015	-0.002685946526034606	0.020208872104201765	-0.006805109297993937	0.00967152263099165	3132499
2018-12-19	-0.06802658292425676	0.02109820964103612	0.026118708843737664	-0.05604418489601129	-0.05160289051116316	7661781
2018-12-20	0.024737839455641574	0.015239753581421331	0.05046237799628195	0.014203815368374041	0.042796302616988635	4779757
2018-12-21	-0.013312222671084046	0.008624992468421052	0.01630823427032253	-0.004112929608345691	0.004075746859685365	3028352
2018-12-24	0.040072597513461955	0.019056980480447933	0.07274546422559242	0.019056980480447933	0.058401268843781315	3656491
2018-12-25	0.02604066328730632	0.008756459045808669	0.05397313894386595	0.004815984502348775	0.04412200184090174	4404731
2018-12-26	0.012359595536021901	0.01762243856463258	0.051898428509228406	0.010901685025907886	0.030199950667537473	3533381
2018-12-27	0.001957164085770159	0.030899951308706576	0.0370644960901624	0.01307024689978633	0.019614157183453745	4131329
2018-12-28	0.015905521774262507	0.017527830285368896	0.0376890509916419	0.006169408482960079	0.03380828503530993	3253053
2019-01-02	-0.04980773718425073	-0.008186158683547957	-0.004925089588883599	-0.07247464855734724	-0.03306301211067616	5898761
2019-01-03	-0.02370403381016831	0.012915823628356407	0.029585270011825836	-0.019834832754315843	-0.0064992423085886986	3845852
2019-01-04	0.002566162361993956	0.010190236052567936	0.03298927909770917	-0.000857767798809851	0.020233885048046858	4276913
2019-01-07	0.0014767146778508684	0.01241313092443509	0.0416655697020908	0.00870653270354948	0.019125201706239672	4345843
2019-01-08	-0.02192085562310428	0.01142047857863757	0.02022323773287562	-0.021890095876878592	-0.0046846343263863555	5213478
2019-01-09	0.03497490880363558	0.021611183023102765	0.07683895844381451	0.018133920842099818	0.05321377260753266	5818461
2019-01-10	0.003301551554125906	0.030666426223955653	0.03936233549519322	0.01070525418412268	0.020982282785352243	4136218
2019-01-11	0.0153891969438347	0.013485892143690885	0.03416925759717227	0.008561276631323398	0.03328286620187023	2072275
2019-01-14	-0.007720990762091196	0.016555468628856738	0.016555468628856738	-0.004008468217209755	0.00976545059023562	1950428
2019-01-15	0.008453490994636919	0.015471899619915588	0.04108356211755577	0.011659490717171102	0.026224934031471244	2113841
2019-01-16	0.006763156751670542	0.014520564944663382	0.03129025190885885	0.006281041398243861	0.024504838907158925	2031040
2019-01-17	0.0005676887252570762	0.015696785820768583	0.024940011881794278	0.010112388695314755	0.01820018141005442	1658208
2019-01-18	0.035460972979510286	0.014158232204111427	0.055632945117651246	0.014158232204111427	0.05370839244765718	3279080
2019-01-21	0.014703158306227107	0.029703899172586506	0.06734194547416895	0.025614803840669022	0.03258482101999563	4207973
2019-01-22	-0.02358018551979811	0.022110288321472937	0.029254060875845783	-0.015348735564832778	-0.006373251585756991	2358542
2019-01-23	0.016406984238923193	0.01752872333053348	0.03628847066074942	0.014902302425061253	0.03431864091183482	1460294
2019-01-24	-0.02058577425318598	0.01143946359820542	0.016976531826249152	-0.014584791218911194	-0.00332605782888622	2424214
2019-01-25	-0.009907450061354123	0.01762248900473039	0.031096564553589386	0.006786675138059848	0.007540488419220626	3073749
2019-01-28	-0.0057981644251705895	0.02200021307929033	0.029518428908055318	0.009723638825178443	0.01172214936382408	1611291
2019-01-29	-0.021917029276648292	0.019154075514501476	0.019154075514501476	-0.01875189876912182	-0.004680728523144375	3294995
2019-01-30	0.020677075397939504	0.015860925863841947	0.046689015736879225	0.008520890484479949	0.03866391038877684	2587858
2019-01-31	0.005653495526996501	0.030183375130357498	0.04303187295637718	0.006308080014563692	0.023375583315915896	3138730
2019-02-01	0.03963262276120553	0.02315245012789583	0.060241836783602114	0.01876655751927957	0.057953564056900594	3068125
2019-02-11	0.009372802352402858	0.018814727099932562	0.034222142906686376	0.00615867059099427	0.02716044237855988	3598550
2019-02-12	0.016250004327166962	0.015805312394515415	0.043789875752203625	0.013079510668604051	0.03415883322242606	3388824
2019-02-13	-0.0021085580904803168	0.009218245114263349	0.01923177711482415	-0.0008846395387579064	0.015476730554081353	3492626
2019-02-14	0.019017381345878905	0.01583049754031575	0.04745767042805886	0.010902805625712013	0.03697497675586591	3857411
2019-02-15	-0.0223776976964005	0.012962544432510737	0.016831189188231482	-0.009106182540142834	-0.005149597054820883	2578186
2019-02-18	0.01688016622131705	0.017892239621222585	0.041005714226510934	0.017892239621222585	0.034800133018496	3504403
2019-02-19	0.006952910690039704	0.022221555560274466	0.06396655193487275	0.02133713670263793	0.024697944281355515	4290221
2019-02-20	-0.024685013295361796	0.015426703842473442	0.018412959483104608	-0.020408803005508444	-0.007497478231147995	3798315
2019-02-21	-0.007079600065693394	0.017532474789504537	0.024286606744548276	0.0024932923139589585	0.010418113458015821	3222334
2019-02-22	0.017557915327205215	0.01580855694635467	0.039389808878885095	0.011273697317129872	0.035489829597751835	3061310
2019-02-25	0.07602698206897782	0.02528787945623535	0.09543496071617874	0.02528787945623535	0.09498926397993579	6022200
2019-02-26	-0.029711032067617205	0.014640452677591773	0.014723303799915094	-0.017167983466885434	-0.01261212433649009	4974801
2019-02-27	-0.029110765333831924	0.010792851471599545	0.018476251486384123	-0.017891818582184936	-0.012001201375091483	4237863
2019-02-28	0.09997419144621825	0.030988017756137326	0.11935844565731632	0.02597596513250414	0.11935844565731632	8155407
2019-03-01	0.008562433478828582	0.031212054993627593	0.04719983879197841	-0.0022823680517012174	0.026335772941238608	5811638
2019-03-04	0.03240126862701273	0.028084865924218827	0.10013240901710987	0.028084865924218827	0.05059474757803241	7148453
2019-03-05	0.0003773225870046856	-0.0034900112888917173	0.025837108101055516	-0.008096420830242843	0.018006374638935056	4834055
2019-03-06	-0.01319759499460571	0.01838977132667276	0.028520002353577843	-0.014226329848810757	0.0041922434137942775	5390518
2019-03-07	-0.027130372201310076	0.00463469631866063	0.004945839120242275	-0.024917928192412987	-0.009986013428026777	6437702
2019-03-08	-0.011704672506556432	-0.008757404502249445	0.03377015635860705	-0.01675129640142485	0.00571152384747419	5019720
2019-03-11	0.03862969663590884	0.013820819337755138	0.07173498363804445	0.002982173366924615	0.056932891837836175	5088250
2019-03-12	-0.018596503387856504	0.02011457305921045	0.035767868066536784	-0.022717987277188236	-0.0013016798519397477	5786816
2019-03-13	-0.007486016459107595	0.01976499204970518	0.04309478142644673	0.00381508453321239	0.010004608344444207	4456034
2019-03-14	0.024905720404333136	0.01746266849096774	0.05535965841653642	0.015383913779546404	0.0429671535936227	3953903
2019-03-15	0.03717908381487296	0.023473178464988063	0.0833838673226757	0.023473178464988063	0.0554567628285268	5391508
2019-03-18	-0.024390289580155215	0.02664794482004206	0.026798399512263156	-0.04480374364728688	-0.007197591822376912	7486044
2019-03-19	-0.006060736136872696	0.02016658773539299	0.039979328077883444	0.006906650271842888	0.01145508371097724	3710423
2019-03-20	0.007088532891255011	0.008392648892542811	0.03546207064429517	0.008315124971972824	0.024836019262480042	2772843
2019-03-21	-0.014531130631233026	0.015851097879391023	0.016621311749867272	-0.0005533962707157337	0.0028353645401468937	3474266
2019-03-22	0.0014592695943075294	0.022858766819541517	0.02614115236305266	0.007384503888781802	0.019107365224471026	2159911
2019-03-25	-0.022622846887702476	-0.002745621784861314	0.002404889956698741	-0.011173798594885077	-0.00539896300841031	3654420
2019-03-26	0.004158607094500558	0.02377064146001028	0.03766369281604841	0.012352828280553143	0.021854381091168766	3082674
2019-03-27	0.004922619464547806	0.02175720245199781	0.04004548751745467	0.01205646464072438	0.022631866374386397	2171878
2019-03-28	0.01733912884678469	0.011846364877757972	0.04602822598831076	0.005674647867487085	0.035267261800298634	2602920
2019-03-29	0.0264446624387782	0.01762257289153575	0.04608865972383203	0.01762257289153575	0.044533160886071566	3450311
2019-04-01	0.008786264421549539	0.02898832817352784	0.05338702752927884	0.01459151638240683	0.02656356042198493	4805319
2019-04-02	-0.014393138934989084	0.019950921572537823	0.021528334078823715	-0.0009303043515979732	0.002975569323654415	3128776
2019-04-03	-0.007339280216875718	0.015869566496381667	0.015869566496381667	-0.006002569654585172	0.010153871389665982	3332206
2019-04-04	-0.006412679820050638	0.011096760326908367	0.02852419952669152	0.0026518297132140877	0.011096760326908367	2419024
2019-04-08	-0.020728931088738856	0.024962905072467095	0.025272039771004208	-0.008648701516818348	-0.003471746164127302	3688653
2019-04-09	0.009149315271135456	0.010600048661559438	0.029694755550780667	0.010600048661559438	0.026933074764487072	2048966
2019-04-10	0.0026125025930218656	0.023408509252831864	0.035684157194390956	0.004799628786297809	0.020281018486711	3705340
2019-04-11	-0.011571807499118491	0.017700422840878444	0.020585817997575757	-0.0016397532345521076	0.005846716223868278	2516269
2019-04-12	0.002558431357276849	0.01762244729069809	0.029693786839602436	0.012257459213007811	0.020226087027598316	1683920
2019-04-15	-0.02876801184499779	0.02171481154984882	0.026751370493112797	-0.01330510641927275	-0.011652490803425706	3440734
2019-04-16	0.004060831608835003	0.018351763477269432	0.02750783807963873	0.0006878006798437928	0.0217548960676332	2355356
2019-04-17	0.013243473418259303	0.020043524062128247	0.03957287840856231	0.020043524062128247	0.031099335024437395	1723327
2019-04-18	-0.00602640872560531	0.01626852395317467	0.01945433467801746	0.010693414918352231	0.011489847688345448	912730
2019-04-19	0.007165296061428592	0.013776300382277569	0.02876020612223301	-0.002008818780310494	0.02491411406690377	1812976
2019-04-22	0.000703608281316652	0.017224734879739204	0.027089929213458645	0.004813749899667787	0.0183385346962935	1361592
2019-04-23	0.023828140282350058	0.018656089688924758	0.05292132436671141	0.016032515710998726	0.04187058768710616	3417965
2019-04-24	0.006409662924054666	0.022669834111534327	0.029503202280611297	0.009469107539155574	0.024145227568231613	1858387
2019-04-25	0.016604817293840952	0.017622609656436996	0.06468837712709967	0.013841881999863892	0.03451999827508006	4265077
2019-04-26	0.012902760192625005	0.013220539548361923	0.04646331879423859	0.007148783209033744	0.030752655053348024	3094101
2019-05-06	-0.017008997503561673	0.007806718107019698	0.01897130583202376	-0.01841873552401799	0.0003137313552946437	4618877
2019-05-07	0.020599247610346	0.028675274848204417	0.07174326069610214	0.028675274848204417	0.03858473000238641	3607156
2019-05-08	0.023119105417159	-0.010385485251464828	0.061016120648663276	-0.01411987964674232	0.04114911259063175	3615518
2019-05-09	-0.023601085153647314	0.013899615556915329	0.025579689572098854	-0.008219427062835861	-0.006394422341731148	2624782
2019-05-10	0.06164141600486809	0.03773429860564559	0.08797619611024603	0.02427662706155303	0.08035016503937528	3738223
2019-05-13	0.021660964107504597	0.004946187489722564	0.05600337047831428	0.004101138293485945	0.039665128260925574	2798424
2019-05-14	-0.02621436825769149	0.0016304981388188219	0.015416617634035094	-0.01677396449423528	-0.009053765149153058	3069694
2019-05-15	-0.0038952095904389093	0.01649006603624619	0.020737175129062955	-0.008002013329794316	0.013658553795048205	3008139
2019-05-16	-0.010475008738796993	0.01605901283418727	0.01605901283418727	-0.010092128300385958	0.006962953547902559	2572124
2019-05-17	-0.017784078499736324	0.012595510378443217	0.03765908055006247	-0.01038535909265241	-0.0004749216574244667	2329147
2019-05-20	-0.014944648583136993	0.02354500731740705	0.02354500731740705	-0.018788970602858373	0.0024146127038609756	2312487
2019-05-21	0.04142970880763252	0.0250451094053385	0.06379048423277314	0.0171029993783521	0.05978228339721518	2525745
2019-05-22	-0.008824721290248859	0.012134503151130273	0.023466839255288547	0.0014436939955726285	0.008642236305169686	1172710
2019-05-23	-0.012153771437340075	0.017478628993927096	0.017478628993927096	0.0029534636194942414	0.005254525694607059	964350
2019-05-24	-0.0007868303407322746	0.01944225933032414	0.0310888027434519	0.00655816909018533	0.016821765043000297	1323740
2019-05-27	0.02813369471108058	0.02009929267627276	0.04872886069485198	0.012595891556079425	0.046251920016580274	1452692
2019-05-28	0.028477876620239713	0.016772213881344086	0.046602305434277506	0.008482168886941735	0.046602305434277506	2797175
2019-05-29	-0.008179498445126937	-0.0009786909388136461	0.005841777478395225	-0.012966058337693192	0.0024659726826877074	1088844
2019-05-30	0.0013058957620210533	0.0009392783233660437	0.02247225976091656	-0.009757837790093456	0.012053044945026485	1675314
2019-05-31	0.012354038027402368	0.016282820923072608	0.04035450969362468	0.009761947993152317	0.023219905024936587	1869608
2019-06-03	0.029152624183914393	0.0140224062777021	0.04074694079306123	0.010733267798987237	0.040198732773464876	2666376
2019-06-04	-0.028326822959841846	0.014195561184766775	0.02072068951658747	-0.022691592598833677	-0.017897594537577093	2731237
2019-06-05	0.04135610802045645	0.021148987188733214	0.07350154424625355	0.017585696733217658	0.05253312541236647	3428853
2019-06-06	-0.029947988767149304	0.00020462739011801895	0.0004020296178619651	-0.02874862497362374	-0.01953625341363431	3085964
2019-06-10	0.01798653947618513	0.010733172276280933	0.04010549883616448	0.010733172276280933	0.028912755004926724	1332431
2019-06-11	0.022217925687986403	0.010733163067523258	0.03352272475495069	0.006868367958731079	0.033189525304230326	1996430
2019-06-12	0.012576577211538684	0.0038884183759480342	0.02670406424812867	-0.0036081118695183447	0.02344468626638858	1652548
2019-06-13	-0.019363077960214914	0.007514227806911096	0.010990589662605327	-0.013730500463411548	-0.008837715234813947	1903335
2019-06-14	-0.012730622489181524	0.010864416260611257	0.01605074563135116	-0.006401224570560329	-0.0021340741454954253	1783640
2019-06-17	-0.009210518966275283	0.011664120328318078	0.024431269744207514	-0.009215492837492364	0.0014238437810785267	1935304
2019-06-18	0.017928265702397847	0.01610224131223828	0.03127001751695904	0.0034177479431178174	0.028853915552155596	1638778
2019-06-19	0.006262286663675883	0.028600664012813956	0.03380932230022327	0.012842983955259693	0.017062613761466765	1600652
2019-06-20	0.022624160059035357	0.013943694720535157	0.039169473772788704	0.007719181194503362	0.03360011529670062	2478436
2019-06-21	-0.0015214304671767812	0.026174464045063874	0.031556472184249555	0.0020193518840888485	0.009195371279247145	3798076
2019-06-24	0.0052060297834078196	0.013556600530968969	0.017342572999755296	-0.004218365540712479	0.01599507209349	2345532
2019-06-25	-0.02298996915811592	0.0031365284655535935	0.00798811781774127	-0.014929383439498836	-0.012503547269275814	1820832
2019-06-26	0.023013706127146934	0.006616777172142392	0.03399394427806968	0.005048693502750659	0.03399394427806968	1830581
2019-06-27	0.026224302275365267	0.015395667345283312	0.044903393192074065	0.007284324027749334	0.037238988762460394	2119281
2019-06-28	0.004926104756651364	0.011044420419475402	0.023803079288476116	0.003140262328845115	0.01571221561379976	1174895
2019-07-01	0.0327819316863971	0.01884634162930222	0.04417667334910811	0.01884634162930222	0.043866993845315685	1813319
2019-07-02	0.03233458702227464	0.01900850618180128	0.05288955995789214	0.010793143291587277	0.043414861293105726	3491549
2019-07-03	-0.047126394837983386	-0.0026851231664399696	0.01067516096158877	-0.05316370766965049	-0.03689901773692743	4104687
2019-07-04	-0.019360709803405242	0.009452970417699411	0.016524469371636215	-0.024563266797402294	-0.008835325882839772	2907231
2019-07-05	0.008672164303557477	0.01017373005108145	0.027455465185655482	0.004578958998751694	0.019498410636168355	2356249
2019-07-08	-0.006097555977561374	0.004631758691795247	0.012951855272526283	-0.010221020657703394	0.004570159435699766	2035476
2019-07-09	-0.004908064424726953	0.016127841201145847	0.01662391895810057	-0.002908617202753983	0.005772489310458209	1056533
2019-07-10	0.01886564148404207	0.01515757150685378	0.030673697830663562	0.006620483510111401	0.029801307913753506	1816871
2019-07-11	-0.01434104188551561	0.018378201198976943	0.02749109926661233	-0.008104170912967328	-0.003761761118765644	2070388
2019-07-12	-0.02388116428200991	0.0067620093351440785	0.021716095434039122	-0.019671279576767606	-0.013404255874958962	2607123
2019-07-15	0.000440266495644596	0.017026506873090763	0.02007775157548987	-0.015456806382143392	0.011178251838220167	2571665
2019-07-16	-0.02916955599627861	0.010733259847875503	0.016261221397543008	-0.030440829255421523	-0.018749460146974237	3765963
2019-07-17	0.023117366200565287	0.0056936553533878265	0.03835278038684063	0.0056936553533878265	0.03409861648731501	2430498
2019-07-18	-0.004999936861164654	0.011436809981928869	0.022887475963582767	-0.00014182888730798968	0.00567950775812522	1501029
2019-07-19	-0.0038803123092519044	0.014333436974029955	0.026098868749827822	0.005525381470724025	0.006811296754063088	1292819
2019-07-22	0.0015325064937510855	0.014283009315778286	0.026287893080586884	-0.010113992957926136	0.012282209339153081	1378273
2019-07-23	-0.01064770519691597	0.014019941643879702	0.017177613154906467	-0.003702045856525407	-2.8812729496082432e-05	1129302
2019-07-24	0.024682564348324897	0.019070725118566938	0.043171451855727044	0.007671723500449347	0.03568071844611251	1698952
2019-07-25	0.02578623301117145	0.0077455220878615465	0.037431825010624205	-0.0016625353846421059	0.036796200944928754	2606414
2019-07-26	0.007970470677735528	0.003916445372806909	0.030005922301415706	0.0004461293136964862	0.01878924441846158	2039408
2019-07-29	-0.02068125020326862	0.017496075569894635	0.019770809470078754	-0.014473571200348395	-0.010169980865540567	2192663
2019-07-30	0.00857150132269819	0.005083222331594863	0.030131766091617246	0.004832058258814986	0.019396705504311405	1299102
2019-07-31	-0.02143126552252387	0.0030770096452564745	0.012040292014619825	-0.014662739385053032	-0.010928099605332931	1412818
2019-08-01	-0.00704837902910845	0.005771763804098516	0.023200430352271855	-0.006186501551488293	0.003609112732636471	1846157
2019-08-02	0.005197127332140392	-0.007139460745998934	0.02066240790856855	-0.011559589371753427	0.01598607912070082	1431674
2019-08-05	-0.0330391008038821	0.0030219837260238155	0.0067819428409127734	-0.05050987152970111	-0.0226605667159003	3654116
2019-08-06	-0.003586329781542696	-0.011411247022659067	0.02061903516439854	-0.016617768320864652	0.007108302435266463	2193415
2019-08-07	0.020024812139295967	0.016355330302046604	0.03996837406023678	0.01218828017059585	0.030972902046802985	1797286
2019-08-08	0.027458735911199912	0.020005993848203205	0.04821334800308982	0.005091710306397725	0.03848665403238275	2028565
2019-08-09	0.0013738209274553738	0.016034646938163578	0.03749257349318087	0.005305588993164895	0.012121660902489262	2747381
2019-08-12	0.004115348315607806	0.010291969520796414	0.02648936334949569	0.00840119836633704	0.014892774778312867	1264275
2019-08-13	0.012295909382412321	0.010733255378263137	0.03050474957073338	0.007281064320013086	0.023161050293146912	1674684
2019-08-14	0.01269861851354548	0.023072067037931812	0.03224868865567648	0.010857200400739151	0.023568114380399546	1844864
2019-08-15	0.00012125981805798143	0.0006919922189708716	0.017590578007438996	-0.002002002351344444	0.010855677299270096	1036251
2019-08-16	0.008540143544666973	0.0174672001198725	0.03430254819950965	0.010733115985520516	0.019364990750414854	1459612
2019-08-19	0.016755772674584918	0.033981693206188386	0.042661992183877576	0.017653098114005485	0.02766882630285352	2362484
2019-08-20	0.007206151547878301	0.02315097213040847	0.026255343908476163	0.008942170879496827	0.018016704225683328	1349023
2019-08-21	-0.01190473219740532	0.010733207557550486	0.013459745082208369	-0.011790772801483041	-0.0012993244180447272	2311554
2019-08-22	0.009674046206443887	0.010553232281013675	0.02189090602608185	0.0053942820601764726	0.02051112239880106	1382328
2019-08-23	0.031036961836073417	0.007524984070494335	0.04388568575798749	0.001108372530142369	0.042103279140277325	2218763
2019-08-26	-0.0023373868537743363	-0.00021542332342639768	0.028596812315667942	-0.0042491190255582	0.008370651709259335	2262320
2019-08-27	0.04348811564094296	0.016566804380663522	0.05965541504343268	0.016566804380663522	0.05468809420062496	2876686
2019-08-28	-0.0037786973912134814	0.01023497974387759	0.023574903028011553	-0.012016593471170702	0.006913890968813374	1949936
2019-08-29	-0.015557194679351077	0.005676957525611486	0.007843880220407174	-0.025549006413113032	-0.004990985828505926	2662289
2019-08-30	0.040596446808947556	0.015925684900692755	0.08060632634759121	0.004750524942911466	0.05176531931554562	3185328
2019-09-02	0.018728133370819976	0.008780556113548386	0.041377824436325455	0.0036821330003932442	0.029662302216045527	1742358
2019-09-03	-0.028339613439601456	0.010733156852207475	0.010733156852207475	-0.029783486035023263	-0.01791061358803302	3059161
2019-09-04	-0.008674042070629771	0.005363285576384415	0.012431776472251998	-0.014253035829519882	0.00196607485134756	1953311
2019-09-05	-0.002898288263113008	0.014823491993482315	0.02803387898574047	-0.003251000216025865	0.007803721557713971	2624617
2019-09-06	0.005868405221478431	0.0105668202125823	0.019048258495161122	-0.0021830792933952375	0.01666454039272101	1828329
2019-09-09	-0.006106878541912935	0.014590975074140403	0.01949583614853384	-0.0020525268445276738	0.004560759883534896	1817751
2019-09-10	-0.013056889562316721	0.014115603190851495	0.014614631909969035	-0.011557529976129606	-0.002463820182203794	2196828
2019-09-11	0.0016676761451571288	0.01843034711343849	0.029105094761888054	5.8464092007474517e-05	0.012418720388788489	1408938
2019-09-12	0.0003329249586211046	0.010789290444174635	0.014098549725236173	-0.0007652237209337079	0.01106967073987451	1142650
2019-09-16	0.009097910862247064	0.014882443615332253	0.024190227681250554	-0.0002566699377841142	0.01992878676427772	1573129
2019-09-17	0.0003849287880075484	0.00851064631346597	0.03073677625976825	0.00339864753888146	0.011122222138688954	1694187
2019-09-18	0.014782676430284759	0.01573208351756321	0.026729845607608178	0.0066228821899385806	0.02567449955517062	1930113
2019-09-19	-0.0031950902255842815	0.017520220929865098	0.02107803331627331	-0.0029505460088121156	0.007503820517615652	1304874
2019-09-20	0.016787109943728687	0.007768006301677176	0.03445439292682033	0.005791231431010822	0.027700458334846436	2412229
2019-09-23	-0.020303466633244907	0.009383077130085465	0.009383077130085465	-0.01950893187626178	-0.009788250649464581	1569395
2019-09-24	0.019742496552284397	0.0035671448936656176	0.040995624610364004	0.003236418637372143	0.03068759090038554	1974463
2019-09-25	0.015242260151475303	0.006246561551601376	0.03300419096435968	0.0034357253433840566	0.026139097226259525	1928606
2019-09-26	0.00026347322886456214	0.017814717557912613	0.046779532285288854	0.0064736922800939095	0.010999474863842645	2388844
2019-09-27	-0.00021069006054348142	0.005836015136766837	0.026702203862427273	-0.008110329731089102	0.01052020542219698	1785729
2019-09-30	-0.028339613439601456	0.006260907448961383	0.006260907448961383	-0.031008015049148296	-0.01791061358803302	2051172
2019-10-08	-0.005258601327476251	-0.00274622866842681	0.043719199858368	-0.008225644994424465	0.005418129054391306	2273208
2019-10-09	-0.04463457937155083	0.003957806030774545	0.03172009897968828	-0.04991417141015084	-0.03438049359614985	4018545
2019-10-10	0.05550478218323216	0.02572401170003465	0.07542469487203309	0.02053488585787215	0.066833722653939	3546440
2019-10-11	-0.01443009967081389	0.013082131290708678	0.025864445781248663	-0.008658825650161356	-0.003851765867474669	2175166
2019-10-14	-0.012886671062214285	0.014280419836937345	0.0336792256808132	-0.007667982144030965	-0.002291730582267782	3572315
2019-10-15	-0.0008887164798469838	0.010621015114120634	0.03594406416375876	-0.002910845603856817	0.009834938512284046	2873360
2019-10-16	-0.042924637465161154	-0.04462253429720811	0.017196007601207833	-0.04462253429720811	-0.03265218853935937	21295045
2019-10-17	0.04153833101928909	0.030991263502973196	0.061349064560110876	0.020832869941187673	0.05271734015484159	17844827
2019-10-18	-0.013275378166596106	0.01670915357918109	0.03164920274812526	-0.0031356125080824223	-0.002684666978132836	7339430
2019-10-21	-0.009723019441948005	0.012961490995269666	0.01884656380468647	-0.015035042503989349	0.000905826093754143	6549992
2019-10-22	0.004738052970626589	0.017368393233644676	0.023541908968152742	0.004502020967412556	0.015522053962273701	5832718
2019-10-23	-0.006476932775964876	0.011824228671360716	0.013087579102245934	-0.0008092009853055313	0.004186724297388594	2932039
2019-10-24	-0.016926813182656774	0.011484592581173238	0.014258927201176625	-0.01799299308209274	-0.0063753122481837255	4464323
2019-10-25	0.025478406883469702	0.011850283297785532	0.04065946484457433	0.005970851293013926	0.036485026965162516	5575139
2019-10-28	-0.0005105552847436259	0.009070523468750145	0.014746573830038079	-0.013805592633482393	0.01021717731808069	5938603
2019-10-29	0.013507434292817852	0.01394552003337506	0.032473774512919454	0.007922490734868818	0.024385596952812554	8588487
2019-10-30	0.0032478278801888	0.023863954703577866	0.028391838962958937	0.007450469773022037	0.01401589996818255	8087882
2019-10-31	-0.0064746216438549276	0.021057184041143456	0.021959763815189843	-0.0041039908379146275	0.004189036622898257	6209446
2019-11-01	0.010112351109708548	0.01629783925637244	0.02339568442042343	0.01186878955228073	0.020954065431922828	6713357
2019-11-04	0.04616244322334368	0.018715596390099617	0.07088246353289658	0.013600077993971981	0.05739106465004008	12630911
2019-11-05	0.025784049082747822	0.017073705802584434	0.040770335755601836	0.00793897282615795	0.036794006340773185	7057668
2019-11-06	-0.018865006983514426	0.009999852488998848	0.010366571333491555	-0.01168677907926905	-0.00833425632475414	4924101
2019-11-07	0.030056609764287513	0.014417179930170408	0.042767459912248576	0.010733233177611618	0.04111236887570121	5259908
2019-11-08	-0.0027692585354859587	0.01876720514037116	0.01902638303801097	0.000470348561954785	0.007934239731184326	3790478
2019-11-11	-0.026534963444396212	0.010733221331455678	0.01665852638189032	-0.018269623435982516	-0.01608662479249917	4064483
2019-11-12	0.010406685532439267	0.014524016110968596	0.03422611466898129	0.009718660859231615	0.021251606367554635	3936608
2019-11-13	0.03309461369036656	0.010786040400021164	0.058186457801603364	0.006928502914631205	0.04418302327448479	5799068
2019-11-14	0.002024289841280601	0.01088664480209406	0.0213724285331856	0.003060628931373606	0.012779186393354656	4090565
2019-11-15	-0.020202003701937934	0.010835284184476136	0.02094259546068501	-0.014228871848222557	-0.009685682403135542	4674279
2019-11-18	0.0015979065945024107	0.005471114184295668	0.015682603323499047	-0.004896741625554773	0.012348231123203888	2650805
2019-11-19	0.003653999944716873	0.006519845434755301	0.020980435428495755	0.0029306944973410136	0.014426378722301606	3738091
2019-11-20	-5.1402170410255e-05	0.0096447585015591	0.029701840824290962	0.008038127121962382	0.01068128601472109	4177215
2019-11-21	-0.02569093642604889	0.010059504102778428	0.010681435994635686	-0.016995665674521362	-0.015233472620611383	4103677
2019-11-22	-0.03847370326998693	0.01871268273245187	0.020308593233536922	-0.05203865792801634	-0.028153409682417804	7754938
2019-11-25	-0.0010399614508370925	0.013278148888645173	0.02793933535889022	-0.012171321589548872	0.00968205421932884	4760355
2019-11-26	0.011780812391994239	0.019040573742882233	0.02790182935283909	0.013502309755149176	0.02264041210532475	4432271
2019-11-27	-0.008881692670517105	0.008543675904848239	0.011335275535746998	-0.015267293112509444	0.001756163281562551	3594617
2019-11-28	0.010054119652145097	0.017857680346898268	0.037629424633615745	0.013494600057987515	0.020895253698233692	4245438
2019-11-29	-0.027860481682356858	0.0033515825033397406	0.010733220958320728	-0.0305491085128235	-0.017426286834902452	4862951
2019-12-02	0.0036172213601085856	0.0118581226601342	0.0287317995318544	0.0027463652722001406	0.014389241685599801	3351334
2019-12-03	-0.0017743452889775488	0.00877166190031394	0.013815486584093404	-0.02670348608508783	0.00893978490634367	5540719
2019-12-04	0.006387734887881419	0.005399655200920692	0.021793249960805554	-0.00010228599571990891	0.017189526787615365	3456065
2019-12-05	0.006181879650029193	0.016981334242334976	0.022838895593546026	0.010900667384645337	0.016981334242334976	2964141
2019-12-06	0.021283471787318063	0.014614124839097712	0.03224508557510565	0.004135328766246573	0.03224508557510565	4259626
2019-12-09	-0.022988550924691917	0.008561688799804056	0.01399048465634728	-0.02846265551145394	-0.012502066267562992	6909275
2019-12-10	-0.007146689840518831	0.00851064631346597	0.020623848238473286	0.00017584758360261502	0.003509800414742919	3349961
2019-12-11	-0.011904752110835982	0.010285463561208606	0.010285463561208606	-0.010533630453065601	-0.001299390943724547	5481003
2019-12-12	0.011487802147192621	0.012772166734573855	0.024439901472520124	0.006485168633675969	0.02234426564665905	5612937
2019-12-13	0.026592770294560145	0.01521288361460268	0.052450387602728916	0.010677194747007523	0.03761140246326707	8240455
2019-12-16	-0.01910417184624242	0.010733206474408884	0.017278682977016752	-0.017030570615340697	-0.008576041117913385	5997234
2019-12-17	-5.49797492183402e-05	0.010788837397066403	0.01573796016477771	0.0037265837886568216	0.010677598911846966	4979304
2019-12-18	-0.017991751104919036	0.012012203628426948	0.012123448229846673	-0.011455719248789522	-0.007451708837531642	4989262
2019-12-19	0.004594367826437686	0.015773219428552167	0.016339553929382026	0.008354699568908271	0.01537685436663516	1891701
2019-12-20	-0.018126030713176082	0.010845939063298157	0.01310074775594826	-0.008489380602145756	-0.00758742104760537	5234607
2019-12-23	-0.008520385657875227	0.012225834975231683	0.02560276898051768	0.0005138807274954312	0.0021214028463898663	3216058
2019-12-24	0.0088800571541697	0.013338951207271979	0.03030509997106995	-0.006464575572447793	0.01970854507219606	4740069
2019-12-25	-0.0008517880377235439	0.007518959210030358	0.012914144820037167	-0.0014347072847084197	0.009872193913371925	2699468
2019-12-26	0.012503455420590913	0.010675708681329653	0.028655815454041392	0.007056692357957907	0.023370861604995467	2834012
2019-12-27	-0.014987378259479257	0.006478082358946757	0.017257775027847026	-0.004982316309985259	-0.0044150178131592555	2864144
2019-12-30	0.015044471773255207	0.010733223324223606	0.031007813420716204	0.007968532673884556	0.025939142857312244	3094584
2019-12-31	0.02122161284922706	0.016350936426287543	0.03218261518426359	0.010619769220075135	0.03218261518426359	3362478
2020-01-02	-0.008631039702852646	0.011288912556753756	0.0145117125120326	-0.0017133512357032075	0.002009514417237568	3679013
2020-01-03	-0.012920726934908193	0.020597798372815456	0.020597798372815456	-0.0036153622677514707	-0.00232625569193193	3442870
2020-01-06	-0.007752868385446515	0.004827783932303427	0.013856220267871838	-0.00033947006023014273	0.0028971019083679733	3959764
2020-01-07	0.023100398547178862	0.016341436368864974	0.0353977632626244	0.010733183250915717	0.03408157825641954	3544309
2020-01-08	-0.0030437166408033576	0.006538163260067746	0.017836919302492076	0.002343088878126796	0.0076568329816211166	2886523
2020-01-09	0.05389953456224656	0.011294303092213078	0.07284159583127481	0.011294303092213078	0.06521130316994113	7348336
2020-01-10	-0.012430166323379796	0.009987951374031261	0.016056822650109374	-0.00443895877631881	-0.001830382224007762	3628429
2020-01-13	0.0042667441673524585	0.013428488087169723	0.01801051093528159	-0.0027432431057106445	0.015045677378188974	3267106
2020-01-14	-0.006903870826052614	0.01636921205999472	0.01980451841720272	-0.002793423729088221	0.0037551446141438453	2793505
2020-01-15	0.007700478332419682	0.01073311548305256	0.024786121711152225	0.008463030525637353	0.018516311781244108	3380073
2020-01-16	0.022606696190938504	0.010733182807179836	0.04001887073803509	0.004296774537724058	0.03358246246857931	4497440
2020-01-17	0.0018162093031015532	0.012726294666412702	0.021223350377692962	-0.0034286617284248525	0.012568946542324214	3056911
2020-01-20	0.005128231601563597	0.020994984113975237	0.026021194748559958	0.0009426127924616862	0.015916438388252217	3851186
2020-01-21	-0.0034529060991247136	0.013025092279930863	0.042819953756924586	0.00010706354470886524	0.007243218109922001	4517045
2020-01-22	-0.0005170644951857691	0.01925312173317934	0.022859720156267187	-0.01257891639165445	0.01021053802248235	4389822
2020-01-23	-0.02597409477439618	0.01978041397813328	0.01978041397813328	-0.027600142488949115	-0.015519677274955951	4364408
2020-02-03	-0.01195218186587222	0.007672777753792745	0.05921617648182384	-0.044300079230208025	-0.0013472738023522066	8848845
2020-02-04	0.07521510168416091	0.020894838395336936	0.11061104875056381	0.017417052197076986	0.08675557177269119	10056318
2020-02-05	0.10000498215279455	0.04555467138937151	0.11181154209040733	0.041107197895758556	0.11181154209040733	11001148
2020-02-06	0.00840946624959165	0.056677692658690625	0.056677692658690625	0.00021185930129385798	0.019232879762288695	14239018
2020-02-07	-0.026911349324319184	0.011006512458539222	0.025130560856037393	-0.0335524913638674	-0.01646698201626677	8663929
2020-02-10	0.044285917952049884	0.01602405244508275	0.058163298859855765	0.01602405244508275	0.05549444714528402	9450734
2020-02-11	-0.009892183284300728	0.0051287257522102695	0.01553066059233765	-0.010563801011909738	0.0007348361925729699	5244933
2020-02-12	0.02150542751958799	0.009827532868889917	0.03532230443476223	0.0009972160096444781	0.03246940580316996	5287564
2020-02-13	-0.003947365148768944	0.01463425465901559	0.021815757557778287	-0.006999003501334768	0.0067434476020216995	4370194
2020-02-14	0.041611585752418814	0.0058374846568058645	0.07259660974464696	0.004947376340793018	0.052791415987079135	6035730
2020-02-17	0.020291741053617172	0.027952624365207332	0.07473988041045894	0.02547438605329196	0.03124270511170141	6291551
2020-02-18	0.003894716842785148	-0.0030448299326632676	0.02559992110795418	-0.003337948826239558	0.014669676578459976	3852644
2020-02-19	-0.03091336773878164	-0.002949631388789857	0.009439978475959352	-0.02384924841731757	-0.020511968375785925	6300096
2020-02-20	0.0008092236376743221	0.010733198680829606	0.02364716613100246	0.003544432076211714	0.01155109189531882	4846309
2020-02-21	0.022766907470254425	0.002818973024052783	0.04251886747063265	-0.01042859068923396	0.03374443134373392	6566427
2020-02-24	0.04052590910884532	0.019816909767958198	0.05783397255387153	0.018134762778243902	0.05169408179136006	8136347
2020-02-25	0.037188066217266814	0.014451500199372006	0.06897317586938995	0.002649921109016793	0.04832045894012189	8060033
2020-02-26	-0.0442593953416492	0.00925246812885912	0.010421439670978907	-0.03633923399218429	-0.034001232457029504	7981781
2020-02-27	-0.011294807289316658	0.013179541404116119	0.02296475194855323	-0.01026425080141172	-0.0006828503934562713	6256184
2020-02-28	-0.024887776247579433	0.006197027283255036	0.021908538191267965	-0.02266928087651048	-0.014421764259434616	10482896
2020-03-02	0.01661081125581689	0.04033619842909152	0.04667971183414696	0.015004413753192149	0.027522305579888467	6369642
2020-03-03	0.0782812096053291	0.0774165516233304	0.1118189571458898	0.07117668742473969	0.08985463932675981	10375804
2020-03-04	-0.019008212540472566	0.018487653470223752	0.018487653470223752	-0.028694543226708908	-0.00847908332098953	6706507
2020-03-05	0.016380703445781932	0.03822240562053969	0.061857735317522734	0.01895239214248589	0.027289613009165943	7061403
2020-03-06	0.008728079929246393	-0.013333826021540499	0.042770721126254255	-0.014958915510711471	0.019555046444408152	5364503
2020-03-09	0.009601555782045773	0.0003383022119603832	0.05691635140258876	-0.008253970216923772	0.020437855566428145	6622233
2020-03-10	-0.024922026924143432	0.0030206270128136136	0.016508169397843723	-0.061339870819149676	-0.01445627034469666	9763978
2020-03-11	-0.04032370661841905	0.009954035599046864	0.016500006399882	-0.034504275364734285	-0.030023348756886725	6844338
2020-03-12	-0.019402296491768948	0.03809851707046239	0.03854513330952715	-0.021504421685503414	-0.008877358502708087	8712139
2020-03-13	0.008684612351425302	-0.04396261631226053	0.04427111952262093	-0.0546036232053937	0.019510988645944104	9564394
2020-03-16	-0.022946003450670844	0.026208402057483867	0.06893973633849199	-0.02304960124127536	-0.012459122322374878	10479819
2020-03-17	0.00756499191064771	0.03241155040878478	0.04610755603991875	-0.03346384638422248	0.018379378744702655	6776823
2020-03-18	-0.03325083362452723	0.01740472172611118	0.0232005887170725	-0.023458267311307093	-0.022874514673450735	6831355
2020-03-19	-0.03388238796968505	0.002883388894906656	0.01746164352813334	-0.05111671356723586	-0.02351286202237238	9280641
2020-03-20	0.04840989342818228	0.027251412263061926	0.06211812789135994	0.01787620985971687	0.05966271136043253	8060878
2020-03-23	0.02355072700593533	-0.010813406166819063	0.05425232766610049	-0.012090887621305913	0.034536706416708564	9160424
2020-03-24	0.002140370595911453	0.040062993536932046	0.040062993536932046	-0.0021219573206738953	0.012896552305999343	5999291
2020-03-25	0.0424282360639861	0.028791677898361775	0.05822485400962035	0.028791677898361775	0.053616833030673154	5999381
2020-03-26	0.05910154030760763	0.014755410352639114	0.07723927889355767	0.004441005544445068	0.07046915060893508	9084136
2020-03-27	-0.02395822218118454	0.02915817429468636	0.029797339023481244	-0.03363668543158712	-0.013482238464128094	8016148
2020-03-30	-0.014026619713417723	0.02090370056556993	0.053071821415172644	-0.007797223283705234	-0.0034439165434877344	8121161
2020-03-31	0.009741889516951242	0.01081147413897971	0.035427244768854546	0.001043292584556554	0.020579655693402865	5837201
2020-04-01	-0.023468631884831195	0.017698394207369135	0.020794008287160576	-0.01871432807508298	-0.01298731355755738	6013913
2020-04-02	-0.003528440342564518	0.009782175091235003	0.010495410273963576	-0.019263483994790158	0.007166861864933924	7313288
2020-04-03	0.0077507809779849245	0.010454843173773537	0.037893379933075975	0.006398692219347264	0.018567149059229064	7374230
2020-04-07	0.03197457416277533	0.028332383520160247	0.05232412327277409	0.002328079747987354	0.043050956674049276	9678473
2020-04-08	0.005939492666438798	0.007406541397638407	0.038531967034181845	-0.0029558010975783713	0.01673651584233446	6402177
2020-04-09	0.0210606485439563	0.015674873121611716	0.04817490151641316	0.0031309164864261703	0.03201989396810943	6834150
2020-04-10	-0.036427356788394115	-0.006019286606118731	-0.005200272557701533	-0.032637099852867654	-0.026085095425982873	7452650
2020-04-13	-0.0034783157448701214	0.010346990526619047	0.024603356528582785	-0.00012321125250584024	0.007217553754265332	3506638
2020-04-14	-0.0006904970690288085	0.019766555921535388	0.021976471434789067	0.002203762718779931	0.010035254310464864	5184170
2020-04-15	0.015545819267098915	0.016824281157423127	0.041693020174520985	0.012634285335873179	0.026445920444782618	5272723
2020-04-16	-0.00857990901819444	0.0007241123972929791	0.008555654018772601	-0.017804300380453154	0.0020611210093037496	4111303
2020-04-17	-0.011818514849032295	0.009962518985493489	0.01528015841360002	-0.001982882757954588	-0.0012121669291753172	5538124
2020-04-20	0.02500002437145896	0.013852698355308567	0.050897316179829455	0.013852698355308567	0.036001453084882756	6458049
2020-04-21	0.008694522818616716	0.011836385680422574	0.02146132471230632	0.0005375359379387764	0.01952108080088529	4260540
2020-04-22	0.01619464069985924	0.00616971595468242	0.030609294827509636	-0.011556536975633984	0.027101681883327386	4653427
2020-04-23	-0.008629115333298597	0.016857166301705268	0.030886361562097137	-0.0015886360578566826	0.0020114531040120926	4220576
2020-04-24	-0.01577902391937542	0.012792194789054625	0.019418561737965506	-0.006600318051866604	-0.005215155410029631	2999921
2020-04-27	0.027020947807435667	0.01769404676228841	0.044510573280566554	0.00556006355219075	0.0380441476800374	4078201
2020-04-28	0.004030777340794263	0.012066561844238868	0.02228863003962643	-0.007414811357666296	0.014807245104475503	3777078
2020-04-29	-0.03697081310889385	-0.002103885431074613	0.005273729201084236	-0.03353248318719086	-0.026634431950158858	5259078
2020-04-30	-0.02868835633420765	0.011192827527299675	0.011231170042497206	-0.0232426198453152	-0.018263118382128872	7851227
2020-05-06	0.01724541145956833	-0.002280530376470364	0.032974861140815354	-0.0059085932879909195	0.028163719833858264	5598702
2020-05-07	0.015495561168888	0.02073504517935177	0.031163375745787418	0.007127909834007345	0.026395112365275402	3471892
2020-05-08	0.0050612056289423765	0.01928449618347809	0.025010813577767292	0.005465002626318062	0.01584872865217417	3623044
2020-05-11	-0.020668900937744893	0.019849147332615374	0.021558437293469977	-0.0181340611341487	-0.010157564566203134	5248092
2020-05-12	-0.0014197542916230405	0.00879393696008431	0.013370521952763273	0.0010369672277569352	0.009298159385109854	3781899
2020-05-13	0.027168201474907377	0.013723788768346632	0.04324220592153504	0.010927305467055353	0.0381929370616612	5668809
2020-05-14	0.0026187782873655224	0.010355099455369993	0.025442324613413433	0.003132864483969346	0.013380069212119433	4601692
2020-05-15	-0.0237523618015372	0.009978859346343873	0.009978859346343873	-0.030752134118802163	-0.01879677094734054	5883658
2020-05-18	0.018564772173850018	0.010214102884021008	0.03532458727693166	-0.0010663495565321917	0.02373513294174213	7478826
2020-05-19	0.017169764726584786	0.016113012519178852	0.025481084332709753	0.005114089016391192	0.022333045581935336	6863373
2020-05-20	-0.023594773662085473	0.006754093216979786	0.024689223494259394	-0.023523085313210686	-0.018638474787833002	6305512
2020-05-21	0.07336899811177915	0.018861965579045365	0.10203592955782065	0.014928581572729646	0.0788175345648079	12257470
2020-05-22	-0.030867271243130365	0.0068550032948351824	0.006961733482975878	-0.03655009607780455	-0.025947838179487814	6594324
2020-05-25	0.017130571326781172	0.009554875214281798	0.02893832514728728	-0.011921132339655683	0.022293625856276193	4389574
2020-05-26	0.025927375613134997	0.014207571886770983	0.033914206102549006	-0.003766680299276705	0.031135100500878074	5057867
2020-05-27	-0.029717496075624423	0.000889609682639068	0.009684773212363489	-0.032180184080732255	-0.024792225607371245	4720261
2020-05-28	-0.019841293121308015	0.008049205421009025	0.009064430155330743	-0.029296651459971977	-0.014865865599762242	4459158
2020-05-29	0.013875547215754423	0.002856594961459963	0.030859661268490556	-0.004541830510809927	0.019022136122306053	3929658
2020-06-01	0.02101867917625944	0.01722590043331888	0.030908100185152963	-0.000287271465989489	0.02620150373942739	4260098
2020-06-02	-0.021545878361107038	0.00021614531998094045	0.004111220778732765	-0.023368823247073598	-0.01657913149275551	4254236
2020-06-03	0.0018168320440458108	0.006756083376319442	0.026222076817321412	-0.0017535253992802262	0.0069021992320810925	4352275
2020-06-04	-0.00602102194132895	0.008284131054676241	0.010908925388199242	-0.012787101656069132	-0.0009754670037617826	4036241
2020-06-05	-0.0008758289635869014	0.0056629494365564624	0.0056629494365564624	-0.006000183931417613	0.00419581122328228	2938795
2020-06-08	-0.012417877103380064	0.00874692647407418	0.011683664952476002	-0.010121134983504514	-0.007404749718882423	5622929
2020-06-09	0.005880178891071838	0.003812398188644567	0.018085654584783572	-0.007152793421175746	0.010986174061977976	4211149
2020-06-10	0.006654709959047357	0.0017874163397591206	0.019820346964906685	0.0012700232671126496	0.011764575808888135	3871970
2020-06-11	-0.0051132752551302976	0.005076085969983349	0.023430288490437504	-0.004101015290243728	-6.306871070076134e-05	5034715
2020-06-12	0.01927322505713532	-0.0056239657774362845	0.03009237207281307	-0.007431885306225493	0.024447124065449362	7314824
2020-06-15	0.01746801608246259	0.024442762685097288	0.05336603982087919	0.021184839223047806	0.022632793139717257	7988776
2020-06-16	0.014017709305818552	0.024608347456994802	0.0299806482468367	0.010412794825912338	0.01916492997223837	5671469
2020-06-17	-0.00673743425502906	0.008128541534973343	0.020864805774201894	-0.003274437298519115	-0.001695521202883074	5759915
2020-06-18	-0.015850777681045047	0.006312477108449137	0.008855814573746448	-0.017990509245642293	-0.010855083457083253	5657280
2020-06-19	0.045639601190848256	0.008629639052343598	0.06458683445014264	0.008593710144733023	0.050947424296275065	8793984
2020-06-22	0.013319799680351605	0.019493267359143633	0.039917500270612076	0.010568389877347721	0.0184635173716402	6312236
2020-06-23	0.01873947215003993	0.008192562330078338	0.03058409878609766	0.0031791060654974552	0.02391068843279534	5201995
2020-06-24	-0.010156847894999302	0.007569995728343751	0.023464465920966966	-0.01863262577643547	-0.005132308872887966	6366208
2020-06-29	0.005748824266062212	0.011324391406843026	0.021167287422115606	0.005076096158695596	0.010854139823220092	4249203
2020-06-30	0.015918380297069025	0.014127834399582127	0.03523742901735483	0.010453680124576113	0.021075345006465292	4098635
2020-07-01	-0.02322540552840588	0.00935024255163055	0.017734056904411436	-0.029708669266820805	-0.01826713849505425	6216592
2020-07-02	-0.026054872263287725	-0.0067047027287201666	0.005984935591600519	-0.03077130818896492	-0.021111015140065262	8395019
2020-07-03	0.020115570479333107	0.0027260572148878805	0.03161822776718346	-0.011581865522899595	0.025293779037612266	7024734
2020-07-06	-0.015909950470453658	0.004262946055138706	0.004262946055138706	-0.020231208350426747	-0.010914596783217247	10327493
2020-07-07	0.03510878240085802	0.001977664038992546	0.059331904125141	-0.01237804803003634	0.04036308050394267	10422709
2020-07-08	-0.0034746596300168505	0.009532730535816913	0.021273023130082305	-0.0034049295693960742	0.0015838661441987202	6788778
2020-07-09	0.06153086075491981	0.007913025035745183	0.0746622319917548	0.0060774618939791435	0.06691930062263533	10843615
2020-07-10	-0.004441887528435111	0.005956418530952808	0.0217393960350175	-0.0063051863600655225	0.0006116665418497479	5687372
2020-07-13	0.03585122700173597	0.005833998249608843	0.04688844715775614	0.00236014131686609	0.04110928501975042	7117837
2020-07-14	-0.0100707387007033	0.0029724421760780884	0.021020893779877408	-0.024405219877188838	-0.005045742666724653	5585833
2020-07-15	0.06275468177134935	0.03941529954399826	0.1055683427077712	0.03941529954399826	0.06814931801021049	11817342
2020-07-16	-0.05140850060716228	0.0199422891043879	0.0199422891043879	-0.05236007873562879	-0.04659330123876604	8725594
2020-07-17	0.036474158748125284	0.026460756072846644	0.07222383171879768	0.020350870620032078	0.04173546970488305	7701499
2020-07-20	-0.008797608494073668	0.013771137985930835	0.031190413591817727	-0.02731614562511362	-0.0037661500670492587	6062410
2020-07-21	0.019970422334589743	0.00804971408587833	0.043167900242972145	-0.00979187377404872	0.02514790245164175	6086697
2020-07-22	0.00907905728962967	0.005076108094587077	0.03495871899515131	-0.0008712865571835627	0.014201251658667079	5757811
2020-07-23	0.012389345457253054	-0.0029557147634840333	0.019001811803650365	-0.01191208454836001	0.017528318476868164	5960834
2020-07-24	-0.05780978771845206	-0.004027510129989166	-0.0011737207607341207	-0.06250162576813129	-0.053027110699360044	7594418
2020-07-27	0.007443554771969875	0.01710081834729262	0.036970319703724455	0.0010477441225525774	0.012557485166706147	5173591
2020-07-28	0.01585408913109988	0.01920677734143868	0.021792330557993168	-0.0064086519555362955	0.021010701181101026	3902351
2020-07-29	0.010011821867471201	0.0003407758519346403	0.01996285971466301	-0.005519241130122624	0.015138716323117106	4239564
2020-07-30	-0.013994166456421158	0.007420239301873556	0.0166506001007421	-0.01247610014073986	-0.008989095657162912	4307956
2020-07-31	0.023654637698115807	0.004927461220074444	0.03568601641080009	0.00299578346813495	0.028850821548496997	5743373
2020-08-03	-0.003466203132470845	0.007369547584949235	0.010243742909343498	-0.007117221813653297	0.001592276240612902	5222589
2020-08-04	-0.008985528678711134	0.0033280982076669624	0.01672913000827688	-0.00949024583720877	-0.003955061749412385	4361274
2020-08-05	0.005878910266335776	-0.0007738527398838431	0.01527676567911659	-0.006388650526686922	0.010984861455066608	3377719
2020-08-06	-0.023320045010201487	0.007297233561577256	0.010687254616885572	-0.025785458012747967	-0.018362288191120617	4906669
2020-08-07	-0.02607997249402771	-0.0005793168920132699	0.010791301679130854	-0.042471201812707325	-0.02113624831670929	5163406
2020-08-10	-0.01201358578496676	-0.0014681306540791901	0.0045230974308654035	-0.022913556598340976	-0.006998424138510606	4769053
2020-08-11	-0.01738869982484053	0.010673684353510121	0.02575606414783824	-0.012556264670472739	-0.012400813728523492	4025477
2020-08-12	-0.01574401634068188	0.0047913315858843265	0.0127350034169046	-0.02913529419337876	-0.010747830617184335	5217784
2020-08-13	0.0013436502801635534	0.01607288396262462	0.017937786063101986	0.003211201887148359	0.006426622406017424	3145457
2020-08-14	0.008690116394850554	0.012012153175313798	0.02273723408868033	-0.0029516132353681556	0.013810362854679476	3027228
2020-08-17	-0.006081356831638854	0.0027840532428289196	0.008132212576034014	-0.02300184151263534	-0.0010361146851077436	4361951
2020-08-18	0.017845758022458996	0.005716734135793018	0.036112408498153885	0.002513814600328709	0.02301248040978305	3833691
2020-08-19	-0.030588558152018015	0.002244066947197527	0.0031880581344984394	-0.026076801506569436	-0.025667706561754825	3352125
2020-08-20	0.0030681422675799892	0.0030310917922346213	0.020884396015073747	-0.009596112067112222	0.008159816988440299	3057122
2020-08-21	0.022248663604380638	0.016176088563511833	0.04128836160077895	0.00717966036037746	0.027437743772144207	4384672
2020-08-24	0.0029922804078002753	0.015396336731763835	0.02615967719165462	-0.003946005860554234	0.008083590022308781	4438230
2020-08-25	0.012058823932297817	0.0029613921934068125	0.02679113328442358	-0.005181690674500226	0.01719610933155088	4728640
2020-08-26	-0.015142184645935513	0.004514740113672706	0.026033354055256717	-0.011390354907245048	-0.010142916653682828	4469440
2020-08-27	0.03270321149094514	0.004696156565683483	0.04022531666683171	0.004696156565683483	0.03794536760069637	3590568
2020-08-28	0.03520664507364789	0.011730089298216617	0.04867912700663901	0.011331453245858313	0.04046142899604273	6682327
2020-08-31	0.007957019924388761	0.015976322455576994	0.03522951807062437	-0.0009072846281334245	0.013073500380515763	4171510
2020-09-01	0.014121971897052388	0.005017349288310853	0.020122040079545246	-0.0023292687620422962	0.019269805937879306	3574947
2020-09-02	0.0015856673344456166	0.014203967127783332	0.01565282993796588	-0.009383562887872864	0.00666986312848034	3519721
2020-09-03	-0.008347704345719242	0.003889948534458744	0.02706401337321828	-0.007653643416862338	-0.0033139363181022606	4324261
2020-09-04	-0.024238031135368418	0.000699903516483034	0.006534888376637454	-0.03203436446647576	-0.019284937134500458	4563203
2020-09-07	-0.03275318468386188	0.0051658252905091755	0.016946286485224737	-0.03394285518246635	-0.027843303237728625	3943209
2020-09-08	0.015593217432197588	0.004767001667095935	0.02714733283549599	-0.004630305259421485	0.02074850292533907	3847131
2020-09-09	-0.05514667006300278	-0.010690460110570815	-0.0077380211173863405	-0.052450691222630345	-0.05035049873811208	5787338
2020-09-10	0.02102559930441005	0.014740294697654935	0.05500776670946664	0.013548393633094057	0.02620846428382341	4543756
2020-09-11	0.032678295297093894	0.009619429918956725	0.04296844379889222	0.004981487507705721	0.03792032771893328	3355887
2020-09-14	0.023831994016483483	0.022277063580251957	0.04458014236982933	0.01005617840094623	0.029029078200048013	5061429
2020-09-15	0.0033253334673713467	0.005702745365068591	0.014565537653145506	-0.0019962045298772668	0.008418292071389352	2830084
2020-09-16	-0.02888167799984423	0.011797829107600449	0.014177164528845767	-0.030406271936593385	-0.023952189131022705	3286383
2020-09-17	-0.030990083923375877	0.008230640921904519	0.008230640921904519	-0.037005037024543115	-0.026071287588028333	4880924
2020-09-18	0.01792459995545227	0.01300928474451146	0.023976627795896054	-0.005037906050233023	0.02309165828521165	2974234
2020-09-21	-0.012820665441312128	0.005603862442928043	0.012217445942760226	-0.018894234038695487	-0.007809592931289376	3155508
2020-09-22	0.05460807444776572	0.012467593487717645	0.07216515925263157	0.0034406379576352184	0.05996143325607162	6917165
2020-09-23	-0.0018397128758075776	-0.0008886841648497721	0.011011149145804163	-0.007837688276637268	0.0032270728841325242	3002847
2020-09-24	-0.0149830888878161	-0.002333946998062304	0.0008332379141479812	-0.013986812199105799	-0.009983013024559034	3044663
2020-09-25	-0.004346024596094449	0.009656547972949627	0.0179983098983666	-0.0058440109023492086	0.0007080760525411517	2166377
2020-09-28	0.003304056176099241	0.005380840913087301	0.019395258793345648	-0.0025098631973415404	0.008396952969740405	2719142
2020-09-29	0.02719119530088475	0.014216247890654135	0.035472277038063056	0.004651052993773699	0.032405305323895205	3901058
2020-09-30	0.026147803485805705	0.003154577377776613	0.042531094008337995	0.003065897495160724	0.03135668679424276	4182439
2020-10-09	0.023188553865205904	0.022418927932171876	0.04609964011054798	0.01991258989259905	0.028382338395774545	3850723
2020-10-12	0.0545704248629191	0.016422845080447952	0.06090890811423444	0.016422845080447952	0.05992352417620163	5591697
2020-10-13	0.004090778384540775	0.005049369178673587	0.025100189423397614	-0.006270892356188114	0.009187650055726868	2752884
2020-10-14	0.0061906510274491525	-0.006224651684908655	0.01573873070517532	-0.008511353444923013	0.011298162943706405	3017747
2020-10-15	-0.022690770090233833	-0.01693708785037862	-0.008480600980395424	-0.044526278089539545	-0.01772984880976014	6062426
2020-10-16	0.015577035046361832	0.004535269887693349	0.029141668227369355	0.0037510861216506638	0.02073219107551182	3075940
2020-10-19	-0.026066944113007626	0.010800578415192077	0.011306383388049596	-0.027646273360211783	-0.021123137955987373	3710240
2020-10-20	0.009601537625160023	0.01560121478699403	0.02380257049186881	0.004857457950104641	0.014726384375310809	2253021
2020-10-21	-0.013389775911700309	0.01812765733518638	0.020835443657886345	-0.014013752776330622	-0.008381595134123163	2543797
2020-10-22	-0.01010338545449615	0.004664488235897858	0.012733426718333486	-0.011967388567479526	-0.005078578192419073	2393929
2020-10-23	-0.014510014577526044	0.00809815828315831	0.011674769052160047	-0.018518310936886963	-0.009507532718087198	2945442
2020-10-26	0.016039245532149575	-0.009665889650675174	0.021253009415285913	-0.0180779225555372	0.02119677297890792	2946480
2020-10-27	0.002479451637933685	0.005131459149893012	0.014767460621759867	-0.013420587235456322	0.007568155319890765	3041836
2020-10-28	0.030504579029282112	0.009523071225314095	0.04352462346409766	-8.901171409177824e-05	0.03573554053511035	4932059
2020-10-29	0.05656300077069053	0.005129694135924852	0.07213834041165318	0.002690568690104897	0.06192622807992386	6359367
2020-10-30	-0.01865270201717623	-0.009612296288611323	0.0033002793461622227	-0.025467632465169206	-0.01367127757093289	4281703
2020-11-02	0.011342589262516689	0.008204102010936904	0.022370246913058386	-0.0031960774939036383	0.016476284487886763	3626223
2020-11-03	0.030772412223458882	0.001983285328919105	0.04617792824010935	-0.0005727944805934438	0.036004702481371526	4443168
2020-11-04	0.001727093732874144	0.001331607412532288	0.014251270262831071	-0.014910864621847224	0.006811956465135769	3597822
2020-11-05	-0.0374128669090526	0.010571699107053712	0.010769706593809733	-0.050944387681187066	-0.03252669358740357	7381527
2020-11-06	-0.042142215557924675	0.0029672632179648223	0.005538974149292937	-0.058753799133909934	-0.03727999742705457	9046699
2020-11-09	0.01506610314638053	0.012244659686366642	0.028300132542517297	-0.006603005115583811	0.020218686897727937	5786528
2020-11-10	-0.06579123518913228	-0.027166531548257725	-0.027166531548257725	-0.062345090217505256	-0.06104906333670327	10631588
2020-11-11	-0.016310274880417818	0.011899533844717442	0.015013959075027882	-0.015393962181112107	-0.011316913000928143	6263994
2020-11-12	-0.015206159864017327	0.010314458413451483	0.01727979998962165	-0.015992470747974816	-0.010207209998748239	6527697
2020-11-13	-0.00011630754946200915	0.0036439700323947217	0.012119687976729097	-0.00544548176340581	0.004959205437559677	5471938
2020-11-16	0.021782686485393325	0.008437544319185865	0.034306177124548386	-0.006177492555005234	0.026969399383630636	7342142
2020-11-17	-0.03424032754806462	0.004103516470066749	0.004647054009486517	-0.04421364436962607	-0.029337999529198508	6486120
2020-11-18	-0.01329165286233442	0.005935174416433862	0.021841731429098916	-0.021642132092834828	-0.008283043659899285	6785883
2020-11-19	0.02697126857236863	0.013782007156213994	0.0377981628241318	-0.003689767106332518	0.03218431138626956	5619870
2020-11-20	0.007794664893856788	0.006070089468967425	0.03188171010861867	0.006070089468967425	0.012910316398171612	4109665
2020-11-23	0.005742893956957785	0.008817754916964994	0.023900746901948308	-0.006265150050957567	0.010848187805464546	3738806
2020-11-24	-0.014060233662350905	0.0036341390293824255	0.004499306265299469	-0.026647925510297217	-0.009055470711779761	3708766
2020-11-25	-0.0569848614505059	-0.005454366143818019	-0.0038747673403090755	-0.052198043111534934	-0.052198043111534934	8846450
2020-11-26	0.030121552885089067	0.014319760023731897	0.03913492234847152	0.013079020518866684	0.035350606992053356	5212256
2020-11-27	0.014470600360130193	0.017783391953942847	0.03744648228434471	0.010255408285644455	0.01962017480110563	3603107
2020-11-30	-0.0037209901799864706	0.004037309711879745	0.02665529307863343	-0.008607427630100844	0.0013361983153919827	4783337
2020-12-01	0.01111601607692683	0.012077513515420395	0.021045226068970788	0.0007560162151675375	0.01624855383453731	6413100
2020-12-02	-0.009088265773730151	0.005076111619242703	0.007669110704694124	-0.016433925253024322	-0.00405828275680527	3746211
2020-12-03	0.020680428323475504	0.007752336446624996	0.028894665638206266	0.0010617409991523523	0.025861536230059	5909160
2020-12-04	0.014522198289386558	-0.003634752077814796	0.024042060364468126	-0.003634752077814796	0.01967203734726556	5031707
2020-12-07	-0.01251428608021538	0.0016301128617207785	0.001974782180620601	-0.029957993848532115	-0.007501701522084332	4857058
2020-12-08	0.018170268194772035	0.005832227413719552	0.03816959637981356	0.0008595055525074796	0.023338584697587695	5087127
2020-12-09	-0.02492185440499034	0.006789784595026344	0.013616004983760777	-0.020343557117463728	-0.01997224447648143	3670367
2020-12-10	0.02448051145048905	-0.0011336478101915692	0.0348361989577214	-0.00350624604430513	0.029680881761849038	5214467
2020-12-11	0.01186247701988818	0.013853707397044468	0.041701775091409134	0.0075635486695288185	0.016998786760802295	5737247
2020-12-14	0.03497327594022191	0.012931339114742493	0.04548254846057437	0.005273823690568972	0.04022692181760562	6167502
2020-12-15	0.026783229828161503	0.007424002328967715	0.03628166833597363	0.0008170126754497876	0.03199531945894254	5079880
2020-12-16	-0.002566102953319915	0.002736261279294125	0.01273387058073868	-0.012206920862793949	0.002496968073506579	4058659
2020-12-17	0.011882325115532373	0.006329012422242562	0.03565250682395029	-0.004307392071200089	0.01701878567549644	4669039
2020-12-18	-0.00901675332615038	0.0035218155906170875	0.014244042223671538	-0.014682370379251006	-0.003986435742883103	3125606
2020-12-21	0.04742500359214944	0.010206856256387783	0.05274188178297253	0.0013808198505478454	0.05274188178297253	5003881
2020-12-22	-0.021439373096446706	0.005076142131979695	0.007614213197969543	-0.016472055837563393	-0.016472055837563393	3536765
2020-12-23	0.0020644612628720432	0.0063470228923483635	0.021338478526293534	-0.011679069595450892	0.007151057852148852	4335024
2020-12-24	0.0029358105032362804	-0.0035948211425484065	0.018509577740527326	-0.005950213191525867	0.008026854569665351	2510686
2020-12-25	0.03350881944157499	0.001334011752610851	0.04523272709604397	0.001334011752610851	0.038754999305221305	4576482
2020-12-28	-0.007701881817565377	-0.0011666224025331932	0.017536507622144877	-0.008657872734514195	-0.0026648874514300764	3214763
2020-12-29	0.005508300216172233	0.00910244884427489	0.014135378763697708	-0.018176021253136904	0.010612342918891514	3126029
2020-12-30	0.040986033479489134	0.005051030297194583	0.051125368981606155	-0.0037583738371773333	0.04627016584333224	5315347
2020-12-31	0.018992423217822182	0.005244390672416926	0.028973271621094168	-0.0010785178538209672	0.024164985305107745	3968288
2021-01-04	0.01849767162076413	0.00302354511215892	0.061676545354132174	0.000829381292107076	0.02366771493435576	5551472
2021-01-05	0.004932213998935244	-0.006228307718694247	0.03037211375632745	-0.013131455910971396	0.010033385400947153	4844758
2021-01-06	0.0316040899108096	0.007335172690476771	0.049979796705977506	0.007335172690476771	0.036840614618202205	5406575
2021-01-07	0.01376163728107547	0.004517475308655813	0.021566687996416936	-0.0036384202661244817	0.018907631515317054	4426515
2021-01-08	-0.013355539920106864	0.01909464844896205	0.03212125896167387	-0.02988184947203205	-0.00834720390893621	6064080
2021-01-11	0.007335013975238686	0.005299543776971686	0.0477455245142216	-0.007523588063660219	0.012448367340706909	5454220
2021-01-12	0.01500440886208942	0.007959144801155294	0.021487322647232136	-0.023798791412852478	0.020156670205789737	4946896
2021-01-13	-0.0578043713241581	-0.0034451867373269107	0.0007062014252730953	-0.05824372067564847	-0.05302166209049687	8126401
2021-01-14	-0.017120077219603597	-0.0004894450090052939	0.014096989773938863	-0.015006384115243682	-0.01213085207578302	5116777
2021-01-15	0.03753616256281331	0.014537302650286911	0.049928138789250405	0.0027639747552825333	0.042802809733218906	6103520
2021-01-18	-0.005000259205388198	0.004211966466606842	0.016491718549870787	-0.014776203441316514	5.045164489436539e-05	3904236
2021-01-19	-0.031516492040490555	0.0018764643361617631	0.007955793288956549	-0.037821939693833094	-0.026600328946052725	5185147
2021-01-20	0.043765136642237475	0.010008185266802016	0.06074457775099885	-0.0016493905631848192	0.0490633800006042	4958191
2021-01-21	0.02780339648578556	0.017397934243581988	0.047942503722715676	0.017397934243581988	0.033020653788503995	5346017
2021-01-22	0.04655181902190888	-0.005724532206920762	0.055867753408579725	-0.005724532206920762	0.051864239445500844	5686844
2021-01-25	0.02053622470056929	0.006799672764463461	0.042531602695561326	0.006799672764463461	0.02571657684563292	5848471
2021-01-26	-0.07127048231316285	-0.011400549459455447	-0.0013086090926805352	-0.07936676168411788	-0.06655615841128108	7904224
2021-01-27	0.0032655415175132127	0.005053901480232977	0.027429822250200797	-0.033111560319989554	0.008358222764133118	5435836
2021-01-28	-0.02474157343287418	-0.031594753307469574	0.013961952342179177	-0.031594753307469574	-0.019791073087125372	3211070
2021-01-29	0.01113989863720067	0.019921588972197944	0.04823005663230203	0.0010417365785140127	0.016272570173483724	3888574
2021-02-01	0.026115635412997863	0.010478131747464784	0.040066250247601326	0.0064434188818383534	0.03132432754163552	3671609
2021-02-02	-0.00032599111798442375	0.006102830457732108	0.013289699180479154	-0.038831798264705175	0.004748468004925663	4863885
2021-02-03	0.0009782922685437334	0.001907568640310562	0.022885362905070435	-0.007139132259982613	0.006059408049189887	3365403
2021-02-04	-0.0028018964887777816	-0.00446376722044875	0.032102318202930344	-0.017190919618012224	0.0022599958350027365	3886122
2021-02-05	0.052928499551414245	0.013592072667940226	0.0727000337090512	0.004901011021970851	0.0582733216042706	4157770
2021-02-08	0.008295297304021575	0.0027267126679571476	0.013413511523340088	-0.039230279296273894	0.013413511523340088	4951440
2021-02-09	0.008596188349079915	0.0022304927475282235	0.016582223222968085	-0.017441319744940585	0.013715966551541553	3369716
2021-02-10	0.005980390299612587	0.0056281873693582556	0.02333320492771867	-0.01863952311814836	0.011086856429502311	4419907
2021-02-18	-0.05671821329667374	0.01718868785968451	0.023285601013487475	-0.06513998308354542	-0.05193000458363899	6221799
2021-02-19	-0.010417994222658822	0.00012078364886414235	0.006239568551438436	-0.04122415246126948	-0.005394740133110148	5106974
2021-02-22	-0.049042560505444345	0.005097863396397606	0.005206761881364085	-0.04852623651194675	-0.04421538445634951	7413460
2021-02-23	-0.014464698391983714	-0.015300122701478687	0.01618005196481664	-0.024664034589802233	-0.009462008691518206	5332240
2021-02-24	-0.029238436987098847	0.010535342015860765	0.017458115429874597	-0.03804005578573241	-0.024310704260548228	7740974
2021-02-25	0.0011905318457134386	0.020630901424275237	0.03350546028199409	0.0004096977557970227	0.0062726706891154446	4351790
2021-02-26	-0.005945358537317818	-0.01404544725123783	0.015831963438118598	-0.03495963473378733	-0.0008993865479210013	4923812
2021-03-01	0.011244111513102752	0.019984008468992863	0.02909696660924218	-0.02250333283131633	0.016377275867807812	4266353
2021-03-02	-0.04381362179607506	0.015300396262471467	0.025762493807559263	-0.040339002287269624	-0.03895993664107033	6102975
2021-03-03	0.001459710286725832	-0.00032001893714771304	0.021985720240376084	-0.010291727653708952	0.0065432324392393	5613927
2021-03-04	-0.04792840788798121	-0.00426021474645958	0.0006810888765015285	-0.04716782818344442	-0.04309561732771224	7155089
2021-03-05	0.0016347476439028535	-0.0167535441848762	0.021872127019710218	-0.029793948108153705	0.006719182877023307	5782954
2021-03-08	-0.07430045132058631	0.012418939470375426	0.02012623823980525	-0.06960152248933239	-0.06960152248933239	6898374
2021-03-09	-0.025467384771180882	0.0043165699207821165	0.03230414101267818	-0.02535862435723981	-0.020520574888994652	7503987
2021-03-10	0.05660211133401678	0.04773596467189027	0.08193893290268282	0.041963314728794464	0.061965526577346726	7049732
2021-03-11	0.011061871617598116	0.011195170612674644	0.051706316053968845	0.002644923921572901	0.016194154732666	5896457
2021-03-12	0.03233869738502107	0.010479766715129337	0.040253766484977735	0.002374314040943808	0.037578994120672	5377074
2021-03-15	-0.059682883362482536	-0.008088278489155927	-0.008088278489155927	-0.07351781157034618	-0.054909691619775526	6957268
2021-03-16	0.013541644742408281	0.015903216141948322	0.024253105589690363	-0.00357985923611644	0.018686512624529004	3884632
2021-03-17	0.006038206293907566	0.0024672916372832383	0.024298896239675162	-0.02526834983415692	0.01114500634241482	3984666
2021-03-18	0.031884029195201335	0.02088071750728702	0.05011500439652924	0.010671937628490082	0.03712203440497949	3972531
2021-03-19	-0.049874945859939124	-0.01658873449149613	-0.013308607252641507	-0.06092374148709848	-0.04505203007561283	5424643
2021-03-22	0.0005540586325416988	0.002709545918652195	0.027321370221730448	-0.004835462808359417	0.005632947527778515	3739860
2021-03-23	0.015116221253110445	0.0059108238266899985	0.04973681407640056	0.0020429645354549724	0.020269064143672102	3935707
2021-03-24	0.02547315569227743	0.0027735396526738913	0.04986676053224756	0.0027186642409791515	0.03067859519614904	4796238
2021-03-25	0.01694149382054733	-0.0002700153073363186	0.02894667382255926	-0.010507857138574602	0.02210360761573237	3907476
2021-03-26	0.009519645710835068	0.012804042199234601	0.027418735473338608	-0.011667691356111131	0.014644054103592158	6070295
2021-03-29	0.017564311471500785	0.005050022250922148	0.04095584829312529	-0.002683137259791028	0.022729552552823596	4642880
2021-03-30	0.04096333732068012	0.006150738471824442	0.04624737009063753	0.0016472817665626211	0.04624737009063753	3951656
2021-03-31	-0.023894580261416814	0.00045482101873081605	0.00045482101873081605	-0.029018012640891665	-0.01893978228510237	4637882
2021-04-01	0.024855315286206162	0.010087545981112233	0.04761010431932699	0.010087545981112233	0.030057595966644684	2977635
2021-04-02	-0.003618337900839883	0.006943622999686781	0.024070438942267423	-0.0109449257874899	0.0014394017844365223	3287212
2021-04-06	-0.019997515657960464	0.004829551750914058	0.004952829252824916	-0.024147615718339177	-0.01502293503346923	3078712
2021-04-07	-0.005057581210168137	0.007089307074085318	0.011115590614464464	-0.013545735793127787	-7.141727555653453e-06	3514198
2021-04-08	0.03983587176593765	0.00411498207160291	0.05470011970745192	-0.005673229414649508	0.045114213362146605	4294395
2021-04-09	-0.025676972640482562	0.015146143207134985	0.02110538543181793	-0.026982377347793705	-0.02073119091779909	3109945
2021-04-12	-0.02382016641069553	0.004676677039945756	0.026021407906365434	-0.02138640432752323	-0.018864951476081443	3140223
2021-04-13	0.007226269833777092	0.01016529076357329	0.03701778583450372	0.009091157714789837	0.012339079518360099	3079732
2021-04-14	0.02344320419493703	0.01843138714298151	0.04074950784214408	0.010560449102487365	0.02863834956737121	3601252
2021-04-15	-0.01883345162591248	-0.007154542888172349	-0.0016222429408757463	-0.044863844261819684	-0.013852930114476168	4757435
2021-04-16	0.011823915255096438	0.012661602586620397	0.02654300601130079	-0.007439950203648961	0.016960071691081074	2898777
2021-04-19	0.021879657199876855	-0.0004215746998164123	0.028316305027563864	-0.007918412889567789	0.027066831995938637	3485955
2021-04-20	0.005231115478831076	0.00409794963128316	0.029554996682698623	-0.01238437177075745	0.010333793968763178	4557365
2021-04-21	0.003461169376591494	-0.0047520651833293	0.014442091455068463	-0.009885057021072268	0.008554889898549429	2859970
2021-04-22	-0.017801039111265238	0.005100416160644531	0.00827627555829777	-0.02336112162021833	-0.012815298317474412	3944207
2021-04-23	0.06900774800357568	0.008284810953496745	0.07549559796303561	0.007050680217935549	0.07443418876043914	6827864
2021-04-26	0.00849993821656136	0.032090627642502714	0.04825312069283273	0.009001351856316968	0.013619207013554117	6428683
2021-04-27	0.026879231520720345	0.005099039640149712	0.032710007788149434	-0.0037841047312030477	0.032091808131188115	4397832
2021-04-28	0.011535115069091712	0.0055220685740900955	0.019768855937769628	-0.007855165154168309	0.016669763347638766	4558963
2021-04-29	-0.010307099435887654	-0.004181211331860123	0.0076549372574524245	-0.020403461304860256	-0.005283268453504115	4788207
2021-04-30	0.03334819374726759	0.017792763585587245	0.038638094742052806	0.005098444338726493	0.03859357786253999	4750384
2021-05-06	-0.03752547227261545	-0.019385393006196218	-0.008695635588266975	-0.04955815014446711	-0.032639841246469285	5328698
2021-05-07	-0.05088557997578861	0.005076114624749835	0.007651209836760964	-0.046985864550149484	-0.046067773379842976	4706605
2021-05-10	0.00701858117216443	0.005076107257776919	0.034142359772982696	-0.006743899854550224	0.012130325326360936	3645603
2021-05-11	0.015990660279811608	0.0026629995429785676	0.03131589457078593	-0.008980891614690746	0.021147928405518344	3471158
2021-05-12	0.034460633005046884	0.007197614310005837	0.04713687382319759	-0.00036593524652772647	0.03971167731076329	3541518
2021-05-13	0.004169643650319823	-0.005802112123925823	0.011273134059756452	-0.023300899982702766	0.009266918512892927	3640527
2021-05-14	-0.00572043596860175	-0.005601543254862152	0.011558141913466958	-0.011972674752498908	-0.000673391654829087	3934467
2021-05-17	0.05138052064149628	0.018114802936126877	0.09344469157150326	0.018114802936126877	0.056717426032580245	6406856
2021-05-18	-0.0038664957625296056	0.005097349818985564	0.032002753343700625	-0.006454767443298257	0.001190024564523337	3088854
2021-05-19	-0.014147260553974783	0.0008765141430982032	0.012857176560780116	-0.011274727904045236	-0.009142935541653121	2269083
2021-05-20	0.02519367637129182	0.016320562123010605	0.03359799005525999	0.007887276815869414	0.030397704724343465	3462208
2021-05-21	0.008583288058047528	0.01665587317014655	0.021507110324546642	-0.0032132379124034773	0.013702943455410125	3890019
2021-05-24	-0.018518562203334223	0.00802481931425797	0.01212373745422061	-0.05055235685110959	-0.013536421438979434	5481904
2021-05-25	0.02944669539069241	0.010914385140327413	0.037335707662482155	0.007803505160027156	0.03467226660334185	4067459
2021-05-26	-0.003665678698871066	0.0017851169144187295	0.011285508814205298	-0.011544424731240533	0.0013918500223030971	2634286
2021-05-27	0.023128912439767644	0.007548269103121435	0.028426306245197982	-0.0069936646777483584	0.028322460218649714	3787532
2021-05-28	-0.016182743147208172	-0.01116751269035533	0.002984773604060964	-0.02513706598984768	-0.016182743147208172	3578308
2021-05-31	-0.0031576971563322654	0.0050977256415449005	0.0061089942957278116	-0.015066121839857402	-0.0031576971563322654	2852612
2021-06-01	0.018633540372670808	0.002898538302277417	0.021469968944099416	-0.00581780124223604	0.018633540372670808	3277063
2021-06-02	-0.018292682926829267	0.0	0.0	-0.041158536585365856	-0.018292682926829267	4324526
2021-06-03	-0.014906857142857175	-0.004120062111801196	0.0024844968944099694	-0.03289858178053831	-0.014906857142857175	3296026
2021-06-04	0.017654527557491303	-0.0016813535522829496	0.02564105150839141	-0.00378307701848867	0.017654527557491303	2990909
2021-06-07	-0.0018587855797079788	0.0016728582815483434	0.0057620362058148035	-0.018979764089720824	-0.0018587855797079788	2177774
2021-06-08	-0.0036209394650347066	0.0035175088810472208	0.012931926660838238	-0.021270430902638415	-0.0036209394650347066	2743407
2021-06-09	-0.005316162524751236	0.0008099138401390799	0.005087762560592184	-0.013643395626042451	-0.005316162524751236	2425635
2021-06-10	0.014843767403156025	-0.00031314641878005093	0.02609657876148936	-0.0003966721726272248	0.014843767403156025	3585576
2021-06-11	-0.03312076898020036	0.001378282229439022	0.005883532122400333	-0.03312076898020036	-0.03312076898020036	4827929
2021-06-15	-0.008191502127659591	0.0007233957446808193	0.031914893617021274	-0.014893617021276596	-0.008191502127659591	4314820
2021-06-16	-0.050584548543403	0.01287139349400056	0.013622237652544103	-0.050584548543403	-0.050584548543403	5195534
2021-06-17	0.03170119704926148	0.005490640941694055	0.03913506953940517	-0.009738565496599396	0.03170119704926148	4169639
2021-06-18	-0.0013359964782830732	0.0004818243475887469	0.023937785493590134	-0.015002203044211102	-0.0013359964782830732	3282084
2021-06-21	-0.013311645284143178	-0.008750170151761397	0.007522145387445908	-0.02186451724521402	-0.013311645284143178	3745623
2021-06-22	0.0604107223832251	0.005067565198527926	0.06463368189847563	-0.010601926702913727	0.0604107223832251	6056591
2021-06-23	-0.01815133911358621	0.0	0.0035631565261392537	-0.02181933319866698	-0.01815133911358621	3194000
2021-06-24	-0.013918514584926524	-0.004056000751191174	0.0033301980901281085	-0.037656933491346044	-0.013918514584926524	3255503
2021-06-25	0.014634525047088709	-0.0045895933069260595	0.02058793672574659	-0.016777796548944936	0.014634525047088709	3242171
2021-06-28	0.0027310702806125067	0.001962987568790851	0.0058888986968128765	-0.007638446388728218	0.0027310702806125067	2814995
2021-06-29	0.016767395418560177	0.010745636004576441	0.03198144371400325	-0.0024044685114482127	0.016767395418560177	4438471
2021-06-30	0.004624962369202765	0.01496315515622931	0.01707685432008085	-0.013916779791702477	0.004624962369202765	2771975
2021-07-01	0.03320487948850859	-0.004249511615444437	0.04572442984833491	-0.010769676344622682	0.03320487948850859	5107240
2021-07-02	-0.0905461882406134	-0.012076836470026296	-0.01074615638916415	-0.09070745560812625	-0.0905461882406134	9529267
2021-07-05	0.006429068199826771	-0.002394225040181215	0.022568110520052854	-0.0156956353729788	0.006429068199826771	4660088
2021-07-06	-0.04312968969023616	0.0062777565772604614	0.0062777565772604614	-0.06383543393499762	-0.04312968969023616	6611424
2021-07-07	0.05352210018676934	0.01289135837326924	0.07274402954987151	0.0062615125174242635	0.05352210018676934	5166992
2021-07-08	-0.022702904263558168	0.002949865656504319	0.004872743426715724	-0.027619325173639072	-0.022702904263558168	4188977
2021-07-09	-0.006372145812902002	-0.012207713361183436	0.008272550456724221	-0.0296248260603491	-0.006372145812902002	3094585
2021-07-12	0.03195243327600694	0.001642652040749268	0.04070564532116155	-0.007650579351044474	0.03195243327600694	4200846
2021-07-13	-0.02311326692985102	0.009572436587921227	0.009572436587921227	-0.0318571018465723	-0.02311326692985102	3190698
2021-07-14	0.020021876296915705	0.0015178053722504328	0.03743217478555881	-0.012566694659344865	0.020021876296915705	3422962
2021-07-15	0.0	2.183684134925342e-05	0.0021882795219242096	-0.02214544565714056	0.0	2566288
2021-07-16	-0.05028668748489305	-0.001531821924701243	4.374151936376399e-05	-0.052474967006817266	-0.05028668748489305	5105073
2021-07-19	0.05748850691244243	0.0	0.06221198156682028	-0.003732707373271929	0.05748850691244243	5446748
2021-07-20	-0.018738437248368583	0.0066673884300933565	0.017256744292230244	-0.026342797001604655	-0.018738437248368583	3640749
2021-07-21	0.01212388570502206	0.006950160893303026	0.017386448086335802	-0.0029532962857338075	0.01212388570502206	4110576
2021-07-22	-0.00835874161759832	0.009214392001993811	0.01551086424392116	-0.010552638206939918	-0.00835874161759832	3454167
2021-07-23	-0.03761061946902655	-0.00331858407079646	-0.0032964380530972953	-0.059734513274336286	-0.03761061946902655	6173363
2021-07-26	-0.0566666528735632	-0.017586193103448257	-0.016091954022988506	-0.07931034482758621	-0.0566666528735632	8521801
2021-07-27	-0.045765806568551705	-0.010357012155130808	0.013403192200757516	-0.05020106177359239	-0.045765806568551705	6612815
2021-07-28	0.057256640190013336	0.008197747382628313	0.061112936568709225	-0.0014556962734890355	0.057256640190013336	6629754
2021-07-29	0.029783369882928807	0.025000618976318747	0.05207854904897582	0.014517283376827596	0.029783369882928807	5673328
2021-07-30	-0.08437324171839763	-0.00023457965462069143	-0.00023457965462069143	-0.094576858552172	-0.08437324171839763	11877993
2021-08-02	0.01908538974122618	0.01060582537816067	0.033713343916280135	-0.05256825588469439	0.01908538974122618	8806506
2021-08-03	0.02916039806416487	0.021845154002367626	0.035646112186408625	-0.019607813562829934	0.02916039806416487	6107362
2021-08-04	-0.0710551940066711	-0.0474108556044581	-0.0474108556044581	-0.08915486207847868	-0.0710551940066711	16034385
2021-08-05	0.014277805023679577	0.012595009400725775	0.03541847721815604	-0.027109458216241812	0.014277805023679577	9102875
2021-08-06	-0.00438119470060647	-0.011769529003202293	0.007077334657472375	-0.014880463910417942	-0.00438119470060647	5355724
2021-08-09	0.005077495276474309	7.811222741147978e-05	0.03892725548008614	-0.007837466720608222	0.005077495276474309	6027138
2021-08-10	0.04507770466321242	0.01033676165803103	0.05181347150259067	-0.019430051813471502	0.04507770466321242	7379784
2021-08-11	-0.04566183260776152	0.01512148262451389	0.01512148262451389	-0.05230541971698693	-0.04566183260776152	5673120
2021-08-12	-0.02540391376320049	-0.0017663852162963485	0.015637146937480893	-0.030417220804744537	-0.02540391376320049	5559711
2021-08-13	-0.02745207268276959	0.002771796286616223	0.009888038063282364	-0.039578905983617095	-0.02745207268276959	7822944
2021-08-16	0.006960833219416277	0.00027406413166454474	0.015839953672347914	-0.013209117783652184	0.006960833219416277	4868725
2021-08-17	-0.062187039722474226	0.0012518832938608565	0.0012518832938608565	-0.07448833782664746	-0.062187039722474226	17132500
2021-08-18	0.007574265156554429	0.010215006357874678	0.018601828475600945	-0.010011843176085646	0.007574265156554429	6736697
2021-08-19	-0.0343606641350001	0.0042626179402321255	0.019297182512770125	-0.039170522839728494	-0.0343606641350001	9859933
2021-08-20	-0.17054909438971594	-0.04852802080057338	-0.03063199611343683	-0.17585824241489148	-0.17054909438971594	36344278
2021-08-23	0.08130467231910073	0.025243586971751438	0.09313529566881648	0.012262231828001518	0.08130467231910073	23241254
2021-08-24	0.01606247691137425	0.030063111537221892	0.033588212826542785	-0.0023279413770027225	0.01606247691137425	12685444
2021-08-25	0.043432687603288375	0.02117631990696935	0.08009033836314065	-0.014139390613489228	0.043432687603288375	14155337
2021-08-26	0.008312497176129224	0.035131783003705806	0.05941029709198105	-0.007716411833741976	0.008312497176129224	14668926
2021-08-27	0.005599589151671846	0.0034530594449005405	0.03997503661626856	-0.004075274385119667	0.005599589151671846	9696102
2021-08-30	-0.013147718484145398	0.01160092807424594	0.020262917246713023	-0.02737820881670536	-0.013147718484145398	9965205
2021-08-31	0.02821316614420063	-0.00031349843260190466	0.03981194984326024	-0.009780548589341747	0.02821316614420063	8242282
2021-09-01	0.009146341463414634	-0.012804914634146387	0.0250000365853659	-0.0362804695121951	0.009146341463414634	8543126
2021-09-02	-0.019154066465256754	0.002930516616314274	0.02716009063444102	-0.022628368580060353	-0.019154066465256754	7419123
2021-09-03	0.020144175196893054	-0.0007700363362282222	0.04010345850916705	-0.022669919020884475	0.020144175196893054	6710716
2021-09-06	0.07684173030766671	-0.014432363607523153	0.10175114969500658	-0.018417891844762394	0.07684173030766671	10493474
2021-09-07	-0.02991723869200458	-0.007290077229049407	-0.0026636254478669	-0.045030136745214715	-0.02991723869200458	7799091
2021-09-08	-0.03751665005872259	0.00731255829690124	0.010347381022541262	-0.06061044087312885	-0.03751665005872259	7996619
2021-09-09	0.0034534354354354125	0.0009909519519520028	0.02042038438438434	-0.021591597597597576	0.0034534354354354125	6111253
2021-09-10	-0.007331982774178883	0.00014968726888566926	0.004638689294724401	-0.021397558367156493	-0.007331982774178883	6074147
2021-09-13	0.013988495122514405	0.00602954455123746	0.0460958017692202	0.00602954455123746	0.013988495122514405	5892979
2021-09-14	0.008206011871392253	0.00017838496971382293	0.027501932895307522	-0.0006541029987999641	0.008206011871392253	4341036
2021-09-15	-0.03125923271142616	-0.006192881046425011	0.01731051281668222	-0.03692131754194068	-0.03125923271142616	6512844
2021-09-16	0.016773242009132487	-0.0015220700152207	0.04846274885844744	-0.011172033485540283	0.016773242009132487	6129540
2021-09-17	0.08679377603084404	-0.009011735905759299	0.10475730951895716	-0.01350261927778758	0.08679377603084404	9967938
2021-09-22	0.04669424793388434	-0.0008539889807162736	0.062424253443526215	-0.005234143250688684	0.04669424793388434	7533390
2021-09-23	-0.030977809259813867	-0.00413214094068783	-0.0009738781111026738	-0.0387419411372463	-0.030977809259813867	6429504
2021-09-24	0.018523567629053585	-0.008093815678898145	0.04720518586136206	-0.008093815678898145	0.018523567629053585	6962912
2021-09-27	0.00960001600000002	0.008	0.03671997066666669	0.0	0.00960001600000002	6826933
2021-09-28	0.003697818219263294	-0.005678800755222366	0.026413100479454298	-0.012150042068409285	0.003697818219263294	5068113
2021-09-29	-0.014473684210526316	-0.013131552631578888	0.0020262868421052883	-0.03289473684210526	-0.014473684210526316	3672507
2021-09-30	0.029158913217623452	-0.0010948037383177968	0.03279038451268351	-0.010734283044058771	0.029158913217623452	4865019
2021-10-08	-0.02353278681457565	0.008510193786953228	0.008977198597105543	-0.04343318830203028	-0.02353278681457565	5823890
2021-10-11	-0.027819850758817377	-0.003587102374059767	0.027952673926621405	-0.03996282120425953	-0.027819850758817377	5682624
2021-10-12	0.030091860308135786	0.011260508756142653	0.054717362868736186	-0.016070856345374716	0.030091860308135786	6676905
2021-10-13	0.04810415049069423	0.007376151899380985	0.06099920158404827	-0.0050147653818847	0.04810415049069423	4885191
2021-10-14	-0.017771224736680375	0.013619576603248761	0.013619576603248761	-0.029593444194035437	-0.017771224736680375	3332334
2021-10-15	-0.025695878865979446	-0.020592757731958705	0.001829873711340212	-0.030902036082474167	-0.025695878865979446	5140893
2021-10-18	-0.021241697805046356	0.0018252572595437052	0.0022485146740960304	-0.03393907106298186	-0.021241697805046356	4987547
2021-10-19	0.014324291891891851	0.0026756486486485876	0.021621621621621623	-0.005405405405405406	0.014324291891891851	3377275
2021-10-20	-0.04889415557348744	-0.0008260005593179164	-0.0006927231769588735	-0.09349852950168488	-0.04889415557348744	11258205
2021-10-21	0.019890673095144678	0.008544580186202612	0.04160239669637543	0.003165639338877517	0.019890673095144678	4919187
2021-10-22	-0.002911682557176756	0.004422513536794926	0.0259030993293152	-0.011097316668500928	-0.002911682557176756	3763086
2021-10-25	0.013416334152906028	0.007961693378927628	0.01909149891433647	-0.005206711072115157	0.013416334152906028	3428281
2021-10-26	0.00038062036021668767	0.007910629366224801	0.010112548664405623	-0.000489294860380017	0.00038062036021668767	2876580
2021-10-27	-0.021793448369565243	-0.01842391032608689	-0.011413076086956563	-0.02951082880434781	-0.021793448369565243	3399306
2021-10-28	0.007667034045398668	5.552808319684612e-05	0.03894657639754339	-0.007389310291453974	0.007667034045398668	4719429
2021-10-29	0.036803237492508085	0.004658992795363001	0.049374219809621804	-0.0042730000626619215	0.036803237492508085	5974465
2021-11-01	-0.008987223898398997	0.00417455400754672	0.004227703520196904	-0.03161473085287802	-0.008987223898398997	4340220
2021-11-02	0.008129642545589757	2.685734281811217e-05	0.02492557007949915	-0.0072710446873961105	0.008129642545589757	4431700
2021-11-03	0.01325387537270134	0.007345531680032308	0.034571835167185726	-0.006972893675756899	0.01325387537270134	5190431
2021-11-04	0.01912166153834396	-0.0032044573355630578	0.025688167089493084	-0.01502416732763148	0.01912166153834396	5034853
2021-11-05	0.028067048969072177	-0.007216463917525734	0.03654637371134027	-0.011108242268041257	0.028067048969072177	5978103
2021-11-08	-0.0606432903566162	-0.002231229077017647	-0.00030089998617788353	-0.0699190602702853	-0.0606432903566162	7156175
2021-11-09	-0.01174279119051651	0.008006404867689195	0.009607621789988011	-0.015479097449295045	-0.01174279119051651	4377657
2021-11-10	-0.008965641662402631	0.0072104053106262595	0.011315155646183798	-0.02508770807737634	-0.008965641662402631	3865322
2021-11-11	0.01160820445885263	0.0027794129637213664	0.02724944056966634	-0.005395419207178536	0.01160820445885263	3150196
2021-11-12	-0.010855508858299386	0.0015892603595858287	0.0073537632624115935	-0.017966768612400843	-0.010855508858299386	3326452
2021-11-15	-0.0007625010399022007	-0.0008713706267322038	0.013915786948182391	-0.005201391701785198	-0.0007625010399022007	2488667
2021-11-16	0.03861775616690997	0.0002725479026184451	0.04325074347356488	0.0002725479026184451	0.03861775616690997	5138725
2021-11-17	0.011571776254445965	-0.006035208511647262	0.018105468095951677	-0.011939170633337704	0.011571776254445965	3354333
2021-11-18	-0.026017480064914607	-0.0047728903329904175	-0.0047728903329904175	-0.03198364939992089	-0.026017480064914607	2764142
2021-11-19	0.006977721644948011	-0.011931423428023684	0.011212290605797395	-0.011931423428023684	0.006977721644948011	1869631
2021-11-22	-0.026765392328504795	-0.002565461477406125	-0.002565461477406125	-0.03438243796272249	-0.026765392328504795	4286016
2021-11-23	-0.018968451522764888	-0.0023914478332900065	0.0019022283251141979	-0.021685990438214293	-0.018968451522764888	3642086
2021-11-24	-0.0005816925207756295	-0.003573432132963983	0.002770083102493075	-0.02717450969529088	-0.0005816925207756295	3240323
2021-11-25	0.006125421837831441	0.0015521410960135814	0.010255220232553557	-0.010504750423950897	0.006125421837831441	2624508
2021-11-26	-0.005371933884297563	0.0005234214876032856	0.005482066115702417	-0.011019283746556474	-0.005371933884297563	2059018
2021-11-29	0.002852787797350743	0.011217333152217202	0.03212853174225838	-0.019470985275313112	0.002852787797350743	4297919
2021-11-30	-0.0100806289522983	0.009694015482827468	0.009694015482827468	-0.02093456493633827	-0.0100806289522983	3346880
2021-12-01	0.00027901124892734837	-0.003989601952758525	0.004352305974572705	-0.010797073558517792	0.00027901124892734837	2384615
2021-12-02	-0.03662177512794399	0.0	0.0037653920279067297	-0.03773742514639612	-0.03662177512794399	4072694
2021-12-03	0.02200349198616375	0.0014187058729364453	0.0264621168464757	0.0014187058729364453	0.02200349198616375	3341938
2021-12-06	-0.01594902266288947	-0.0084985835694051	0.0032295042492917997	-0.01756377337110486	-0.01594902266288947	2858940
2021-12-07	0.0050090394249508435	0.0018136425398514423	0.012752952367114977	-0.0016121052712109168	0.0050090394249508435	3598685
2021-12-08	0.016585056998584553	0.0	0.01856151722500859	-0.018933818234961097	0.016585056998584553	3904531
2021-12-09	0.045364909191855346	0.0030994815964973154	0.04877429499195768	2.8205128682032327e-05	0.045364909191855346	7109405
2021-12-10	-0.0011051320754717382	-0.005417816711590357	0.029002722371967715	-0.009811361185983842	-0.0011051320754717382	10665797
2021-12-13	-0.009309428309554205	0.010011041960236833	0.0313824040733146	-0.009498337888214364	-0.009309428309554205	5245193
2021-12-14	0.011330753472895019	0.010540924012328149	0.023642184576366514	0.0053385382140925235	0.011330753472895019	3320529
2021-12-15	-0.03312682035421985	-0.002612445546321881	0.00988422601295651	-0.03582006040894347	-0.03312682035421985	4133246
2021-12-16	0.003481894150417827	0.0	0.019442927576601644	-0.0030083203342618856	0.003481894150417827	2896630
2021-12-17	-0.011353215822345553	0.004857737682165163	0.007605801526717495	-0.01179736294240111	-0.011353215822345553	2724636
2021-12-20	0.007973932974237008	-0.00466083777335092	0.02729110762251667	-0.0050819799519094995	0.007973932974237008	4137866
2021-12-21	0.036211699164345405	0.0	0.03899721448467967	-0.002785515320334262	0.036211699164345405	3896258
2021-12-22	-0.004032258064516129	0.005914010752688213	0.012795725806451674	-0.011639750000000046	-0.004032258064516129	2135412
2021-12-23	0.008097165991902834	-0.0016734008097166455	0.008367087719298266	-0.0132793873144399	0.008097165991902834	2519324
2021-12-24	-0.0037483105756358566	0.00029447121820614367	0.003989263721552818	-0.011753721552878193	-0.0037483105756358566	1878368
2021-12-27	-0.0023918704263606095	0.0020424052344680346	0.015318414157725052	-0.021741456247114346	-0.0023918704263606095	2314057
2021-12-28	0.02098545079299872	-2.6882358346834154e-05	0.026373236813014546	-0.006842428979773928	0.02098545079299872	4184261
2021-12-29	-0.007546134564643785	0.002638522427440633	0.007625369393139856	-0.012638546174142474	-0.007546134564643785	2520368
2021-12-30	0.018237849541214046	0.005343698941469939	0.02089643400476813	5.314244484200805e-05	0.018237849541214046	3215144
2021-12-31	-0.005744156657963486	0.0	0.0067885274151436225	-0.012297626631853792	-0.005744156657963486	2569715
