2019-12-12	-0.005328773852710122	0.08178842034357213	0.08372018537990007	0.0740613601982609	0.08178842034357213	224711848
2019-12-13	-0.0017855797249501871	0.08952602316398356	0.08952602316398356	0.08369968079412263	0.08564179491740954	157036724
2019-12-16	-0.0017889682818548569	0.08758376243279459	0.08758376243279459	0.08174699805480101	0.08563817430679678	143874990
2019-12-17	0.04838715021657141	0.08758382727765482	0.19673202499727602	0.08368567735909682	0.14020885117818643	456119850
2019-12-18	-0.02222221809084992	0.07456994892632245	0.08572465427849874	0.06155612601544998	0.063415243574146	220064205
2019-12-19	0.003496429702064791	0.08948513746431377	0.10849883968882179	0.0837810267969613	0.09138650768676454	141028076
2019-12-20	0.0017422183754680616	0.0894785925982909	0.10653130100417717	0.08379435646299542	0.0894785925982909	176243052
2019-12-23	0.012173940017200879	0.08947523420407495	0.11217263491665988	0.08569233408531089	0.1008239345603675	170998638
2019-12-24	-0.003436353552175614	0.08945245577159396	0.08945245577159396	0.07263415027940814	0.0838463539408653	131189734
2019-12-25	-0.01896558416463172	0.08383338743124552	0.08758367596906982	0.06508194474212353	0.06695708901103585	156835820
2019-12-26	0.0	0.08567235516930084	0.08758375016079623	0.07611538021182464	0.08758375016079623	118575693
2019-12-27	0.008787256194401112	0.08567235516930084	0.10096351510126285	0.08376096017780564	0.09714072511827243	130905932
2019-12-30	0.012195149679200693	0.08189961108456364	0.11979451865319989	0.07242588419240463	0.10084706486888169	178952754
2019-12-31	0.00860595153569272	0.08571190035710559	0.10068723691375533	0.08383998328752441	0.09694340277459297	122443080
2020-01-02	0.011945232550823665	0.09500748966563485	0.11727882843849508	0.09500748966563485	0.10057532435884982	151823798
2020-01-03	0.008431801246154745	0.08758388197018836	0.10225617717383342	0.07291158676654332	0.09675406647246665	136428136
2020-01-06	-0.011705711469844041	0.08030896836495237	0.08576507426578535	0.06757805459634177	0.07485286246411924	88407694
2020-01-07	0.0016921037367244964	0.0839033180323234	0.09310453465399011	0.08206307470799012	0.0894240480053234	53421082
2020-01-08	-0.011824350081449398	0.07472380057608857	0.07472380057608857	0.07472380057608857	0.07472380057608857	92108345
2020-01-09	0.0034187312786861817	0.08758377183719475	0.09316112451328298	0.07828818404371449	0.09130200695458696	61659192
2020-01-10	0.005110902981776985	0.08387828324796626	0.09684776697913855	0.07831993307746397	0.0931422001988037	69474844
2020-01-13	-0.018644133407805217	0.06730668200343966	0.06730668200343966	0.06730668200343966	0.06730668200343966	173463656
2020-01-14	-0.005181331578172298	0.08194858940952651	0.08194858940952651	0.08194858940952651	0.08194858940952651	107426682
2020-01-15	-0.010416635197230307	0.08569555510575241	0.087583721288545	0.07625472419178939	0.07625472419178939	66690964
2020-01-16	-0.010526474458192566	0.09139976981386672	0.09330781136948549	0.07613543736891751	0.07613543736891751	81947017
2020-01-17	0.005319326384495257	0.09144054146249572	0.10108224235880749	0.09144054146249572	0.09336888164175805	57003597
2020-01-20	0.008818251150114942	0.0895018061177828	0.0990924910307916	0.0895018061177828	0.09717435404818973	51514468
2020-01-21	-0.010489479243216644	0.08568239701941206	0.08948513746431377	0.07617554590715805	0.07617554590715805	43568345
2020-01-22	0.008833831617058318	0.08566220686880235	0.10103441510765267	0.07605457671952079	0.09719136304794	67394500
2020-01-23	-0.0070051065013132865	0.08186972993255455	0.08377443016130919	0.06091802741625519	0.0799650297038001	64874834
2020-02-03	-0.029982399175047553	0.03195769663973093	0.06648416232656201	-0.0006506320644984762	0.05497534043095171	176961451
2020-02-04	0.007272771135607474	0.0717643099320912	0.09747083397105277	0.0717643099320912	0.09549340904497884	96911067
2020-02-05	-0.00722025983826416	0.08169421976767707	0.08758366198056829	0.07187848274619184	0.07973107236338006	85526603
2020-02-06	0.0036362866965574192	0.0895611342667569	0.09153855919283081	0.081651434562461	0.09153855919283081	75845643
2020-02-07	-0.0036231120225098295	0.0836432717278849	0.0836432717278849	0.07379196925763143	0.0836432717278849	84106442
2020-02-10	0.0018182422195250271	0.081651434562461	0.0895611342667569	0.07571915978423922	0.0895611342667569	86279516
2020-02-11	0.0	0.08363597174019498	0.09153131579658985	0.07968829971199747	0.08758364376839232	45118758
2020-02-12	-0.0018149422149637817	0.08363597174019498	0.08560980775429365	0.07771446369789879	0.08560980775429365	34954140
2020-02-13	0.0	0.08758370934068296	0.08758370934068296	0.07967400963638707	0.08758370934068296	47636304
2020-02-14	0.0	0.08362885948853511	0.08758370934068296	0.081651434562461	0.08758370934068296	32497450
2020-02-17	0.010909057832164894	0.08560628441460903	0.0994482588971267	0.08362885948853511	0.0994482588971267	72127754
2020-02-18	-0.0071942882292532866	0.08367157318206261	0.08367157318206261	0.07389114382121371	0.07975940143772295	59786603
2020-02-19	-0.0036231120225098295	0.0836432717278849	0.08758379271598621	0.08167301123383423	0.0836432717278849	38443822
2020-02-20	0.010909057832164894	0.08758370934068296	0.10340310874927473	0.08362885948853511	0.0994482588971267	92325644
2020-02-21	-0.0071942882292532866	0.08171548730989286	0.08758374492640211	0.0778033155655532	0.07975940143772295	67659740
2020-02-24	-0.0036231120225098295	0.0836432717278849	0.08758379271598621	0.08167301123383423	0.0836432717278849	54982652
2020-02-25	0.0	0.08362885948853511	0.08758370934068296	0.07967400963638707	0.08758370934068296	81734852
2020-02-26	0.0036362866965574192	0.08362885948853511	0.1014256838232008	0.08362885948853511	0.09153855919283081	72411642
2020-02-27	0.0	0.08561353222193556	0.09349457419813836	0.08167301123383423	0.08758379271598621	53460459
2020-02-28	-0.0036231120225098295	0.08167301123383423	0.08758379271598621	0.07773249024573275	0.0836432717278849	60596071
2020-03-02	0.005454528916082447	0.08560628441460903	0.09351598411890492	0.08362885948853511	0.09351598411890492	63661948
2020-03-03	-0.0018083783674286695	0.08758372723006778	0.09348381978285285	0.08168363467728257	0.08561702971247259	62227280
2020-03-04	-0.0036231120225098295	0.0836432717278849	0.08561353222193556	0.07970275073978358	0.0836432717278849	44454221
2020-03-05	0.02181811566432961	0.08758370934068296	0.12713220786216237	0.08758370934068296	0.11131280845357061	160000595
2020-03-06	-0.01957283115087637	0.07597256502183489	0.07597256502183489	0.06436135029138351	0.06629655274645871	68697890
2020-03-09	-0.0036298844299275635	0.0816621357260963	0.08560980775429365	0.07968829971199747	0.08363597174019498	66929367
2020-03-10	0.0018215542463609158	0.08164069441332576	0.08956480206470543	0.07371658676194608	0.08956480206470543	55281095
2020-03-11	0.0018182422195250271	0.08560628441460903	0.0895611342667569	0.081651434562461	0.0895611342667569	40526422
2020-03-12	0.0	0.08560980775429365	0.09350515181068852	0.0816621357260963	0.08758364376839232	39689935
2020-03-13	0.007259374092652252	0.07574062768380012	0.0954789878247872	0.05994993957101037	0.0954789878247872	98940727
2020-03-16	-0.019819696240781285	0.08170497868433697	0.08170497868433697	0.0640684844666576	0.06602809493528877	66094422
2020-03-17	-0.01286767425429549	0.08358520358406796	0.09158214235590612	0.06959056073335117	0.07358903011927033	43085720
2020-03-18	-0.013035409659566082	0.08960899846907908	0.09365958954145492	0.07340663417957603	0.07340663417957603	30672237
2020-03-19	-0.013207575821002631	0.07937555456510192	0.08347964412618607	0.06090715154022379	0.07321942022347601	40825651
2020-03-20	0.0057363285210004925	0.08758376526490375	0.09382229546718795	0.08342474513004743	0.09382229546718795	23225842
2020-03-23	-0.03422063059169913	0.06483941601311727	0.07104236406756248	0.050365870552744746	0.050365870552744746	30755312
2020-03-24	0.011810987378248991	0.09828823322246964	0.10471097142844905	0.08116093133985801	0.10042914595779605	33714143
2020-03-25	0.0058365581741964545	0.1023951597869943	0.11297476784637041	0.08546778689199246	0.09393147333949338	56404876
2020-03-26	0.02127667183391656	0.08758372764379095	0.12544931197181458	0.08337644049623286	0.11072380695536105	64845855
2020-03-27	0.003787798423786441	0.09170328163946642	0.10200236920210287	0.07934437656430274	0.09170328163946642	40941872
2020-03-30	-0.007547010293877433	0.07732350978455996	0.0814275993456439	0.06295919632076577	0.07937555456510192	29334189
2020-03-31	0.0019007900488171568	0.08758355887941674	0.09378650693386213	0.07931296147348961	0.08965120823089848	15823551
2020-04-01	-0.0018971839005382375	0.08552021286102063	0.08758393950144078	0.07726530629933986	0.08552021286102063	14910314
2020-04-02	0.0019007900488171568	0.08138061082497153	0.08965120823089848	0.07724531212200787	0.08965120823089848	19979418
2020-04-03	-0.0018971839005382375	0.08345648622060048	0.08758393950144078	0.0793290329397602	0.08552021286102063	11272065
2020-04-07	0.005703197206192178	0.09378650693386213	0.09585415628534387	0.08965120823089848	0.09378650693386213	19474050
2020-04-08	-0.0037808442569716135	0.08552787802120614	0.08758380203260989	0.07936010598699468	0.08347195400980219	12121542
2020-04-09	-0.0018971839005382375	0.08964766614186111	0.09171139278228126	0.07726530629933986	0.08552021286102063	20937071
2020-04-10	-0.003802613922310199	0.08758355887941674	0.08758355887941674	0.08138061082497153	0.08344826017645326	14799846
2020-04-13	0.0	0.08550838010393916	0.08965946377546465	0.07928175459665074	0.08758392193970191	18045077
2020-04-14	0.0038171289901514026	0.08550838010393916	0.0917350056112274	0.08343283826817623	0.0917350056112274	15074546
2020-04-15	-0.001901410343622688	0.0917188575823804	0.0917188575823804	0.08138061082497153	0.085515909527935	11363683
2020-04-16	-0.0019048254334695053	0.08551226442415864	0.0875838527150444	0.07722591126061544	0.08551226442415864	26907935
2020-04-17	0.0038171289901514026	0.08758392193970191	0.0917350056112274	0.08135729643241349	0.0917350056112274	29661326
2020-04-20	-0.0057036107360625326	0.085515909527935	0.085515909527935	0.07724531212200787	0.08138061082497153	16013588
2020-04-21	-0.007648230076993885	0.08134523506261936	0.08758376526490375	0.07718621492776304	0.07926572499519129	12924296
2020-04-22	-0.007706966781124905	0.08548827903167744	0.08548827903167744	0.07710613015884595	0.07920166737705396	18207989
2020-04-23	-0.009708848580481462	0.08969545123950758	0.08969545123950758	0.0770245738995132	0.0770245738995132	17854457
2020-04-24	-0.007843184922932987	0.08758375994339432	0.08758375994339432	0.07692117406159638	0.07905369123795593	22364386
2020-04-27	0.001976350425522554	0.08973318731911667	0.10262943805662092	0.08758381219619914	0.08973318731911667	29051636
2020-04-28	-0.009862046330638367	0.08543860514703817	0.08758374073033287	0.05969697814750384	0.07685806281386	27169484
2020-04-29	0.02191243173353075	0.08758386528172311	0.11141538424207967	0.08758386528172311	0.11141538424207967	37886300
2020-04-30	0.017543807577808726	0.09182387163712948	0.10878424245867713	0.08970382528443586	0.10666419610598353	40750390
2020-05-06	-0.011494219346074431	0.07508287097130416	0.077166364907295	0.06466540129134969	0.07508287097130416	46024693
2020-05-07	-0.0019378382628000418	0.08336835662294255	0.08547607716111962	0.07915291554658878	0.08547607716111962	22213204
2020-05-08	0.0038834127234192426	0.08547182545950939	0.09391907701950558	0.08547182545950939	0.09180726412950659	20602461
2020-05-11	0.0019343002660898894	0.08758372764379095	0.09179101479134924	0.08337644049623286	0.08968737121757	22600855
2020-05-12	-0.003861131943633613	0.08758365785877875	0.09598198726309365	0.08128491080554272	0.0833844931566214	20128500
2020-05-13	-0.0019378382628000418	0.08547607716111962	0.0875837976992965	0.07704519500841189	0.08547607716111962	28773969
2020-05-14	-0.009708848580481462	0.08547182545950939	0.08547182545950939	0.06857732233951701	0.0770245738995132	39790161
2020-05-15	-0.00392148583560766	0.08331872559067521	0.08545124276703477	0.07478865688523682	0.08331872559067521	32817453
2020-05-18	-0.001968569260132686	0.08758366954583742	0.08758366954583742	0.0768791058692052	0.08544275681051101	28567615
2020-05-19	0.005917141992959676	0.08758374073033287	0.09401914748021635	0.08543860514703817	0.09401914748021635	19166739
2020-05-20	0.0	0.08545124276703477	0.08971627711975406	0.08118620841431566	0.08758375994339432	14492528
2020-05-21	0.001960849543662663	0.08545124276703477	0.08971627711975406	0.08118620841431566	0.08971627711975406	19383968
2020-05-22	-0.005870823577537385	0.08545534532484789	0.08545534532484789	0.0748136262530357	0.0811986576961231	19981645
2020-05-25	0.0019683551688591235	0.08544275681051101	0.08972458228116383	0.0790200186045316	0.08972458228116383	20654426
2020-05-26	0.0	0.08758383102579659	0.09185724490016131	0.08331041715143206	0.08758383102579659	18572282
2020-05-27	-0.001964488358045401	0.08758383102579659	0.08758383102579659	0.07690029633988507	0.08544712408861432	23841008
2020-05-28	0.00393692442899181	0.08758366954583742	0.09400640775181683	0.08116093133985801	0.09186549501649023	38624237
2020-05-29	-0.00392148583560766	0.08118620841431566	0.08545124276703477	0.07478865688523682	0.08331872559067521	36008582
2020-06-01	0.00393692442899181	0.08972458228116383	0.09400640775181683	0.08758366954583742	0.09186549501649023	50729922
2020-06-02	0.0	0.08545124276703477	0.08758375994339432	0.08118620841431566	0.08758375994339432	34983074
2020-06-03	0.007843184922932987	0.08758375994339432	0.09824634582519245	0.08758375994339432	0.09611382864883271	45786621
2020-06-04	0.0	0.08969963011574301	0.0918155517276182	0.07912002205636672	0.08758370850386764	35675986
2020-06-05	0.0019455899221190987	0.08335186528011727	0.08969963011574301	0.08123594366824209	0.08969963011574301	20551668
2020-06-08	0.013592050122611865	0.08758363834950858	0.10236632857950177	0.08547182545950939	0.10236632857950177	51271285
2020-06-09	0.0	0.08758383458724947	0.09800130426720392	0.0813333527792769	0.08758383458724947	40739747
2020-06-10	-0.03189745876244621	0.016745040763558917	0.01882853469954977	-0.01867435614828636	0.010494558955586167	412024653
2020-06-11	-0.018556627369992265	0.026571633824265493	0.03733234277420554	0.020115208454301696	0.02441949203427756	166235385
2020-06-12	-0.012605064129412341	0.037210189658159226	0.041595856422041416	0.030631689512335754	0.030631689512335754	174041537
2020-06-15	-0.008510653418396925	0.04378871317952039	0.04378871317952039	0.02824292383429343	0.03490540498224787	116282008
2020-06-16	0.004291853184171689	0.04602861907423107	0.04826850905083537	0.04154883912102247	0.04826850905083537	66496298
2020-06-17	-0.008547023797044643	0.03932808554428446	0.041558403324422365	0.025946178863456657	0.03486744998400847	71443647
2020-06-18	-0.0043103525846369655	0.03928964777529021	0.04153919246744447	0.030291469006672973	0.03928964777529021	84095589
2020-06-19	0.0	0.041529462292905724	0.04378874529137185	0.03475161329750715	0.04378874529137185	89210045
2020-06-22	-0.002164393112530526	0.041529462292905724	0.04604802828983798	0.03475161329750715	0.041529462292905724	87084732
2020-06-23	-0.01084611861197411	0.03926026405361758	0.04152444763543369	0.030203529726352932	0.03246771330816904	74522088
2020-06-24	0.004385972943896452	0.04378877011467944	0.05294481195779067	0.04149975965390168	0.04836679103623515	64497470
2020-06-29	-0.0065501163323086415	0.04834679129534861	0.05290482082271979	0.03467270271323545	0.03695171747692094	68241650
2020-06-30	0.004395611958377018	0.046082695589935524	0.04837673658903641	0.03920057259263346	0.04837673658903641	61311401
2020-07-01	0.006564448467332299	0.039220643901110845	0.05292465239211462	0.03693664248594362	0.05064065097694719	74707769
2020-07-02	0.01521730547294731	0.03925054152214344	0.05967249539484928	0.03925054152214344	0.05967249539484928	161922457
2020-07-03	0.021413316912843715	0.043788841740825285	0.0706099682951934	0.041553747861294656	0.06613978053613195	178948019
2020-07-06	0.1006291179875226	0.05472998255975533	0.14882415112836414	0.05472998255975533	0.14882415112836414	353926904
2020-07-07	-0.011428789559091688	0.09150467398604398	0.09349284279111869	0.01794242819827779	0.03185960983380117	355993381
2020-07-08	0.0	0.029710775963493564	0.05786692999374528	0.025688468244886072	0.04378885297861951	226411234
2020-07-09	-0.007706942704237668	0.04177769911931568	0.047811160697226816	0.029710775963493564	0.03574423754140471	162173382
2020-07-10	-0.0485436716107119	0.03770833464229159	0.03770833464229159	-0.010934243544065868	-0.006880695361869323	217479104
2020-07-13	0.008163279217507865	0.035267913915981955	0.05656972284429426	0.03100755213031938	0.052309361058631876	162141617
2020-07-14	-0.012145769518371739	0.035336893342762785	0.04378862308433636	0.02265929873040232	0.031111028471975898	115348961
2020-07-15	-0.014344393785522016	0.04592755593466556	0.04806646709199631	0.02453844436135959	0.028816266676020708	112736990
2020-07-16	-0.008316023655161691	0.04595882307498012	0.05897905738711672	0.032938588762843335	0.03510862781486607	130615857
2020-07-17	-0.010482090378542955	0.04597703664639635	0.04816527312473605	0.024094671862998827	0.0328476177763578	107774429
2020-07-20	0.019067719772807808	0.046000122070204534	0.06590287280726971	0.04157728857307883	0.06369145605870676	94355381
2020-07-21	-0.008316023655161691	0.04812886212700286	0.04812886212700286	0.030768549710820603	0.03510862781486607	71695905
2020-07-22	0.004192879916146872	0.04597703664639635	0.05910645551643472	0.03722409073303738	0.04816527312473605	93067116
2020-07-23	-0.016701492312898858	0.035072392963163744	0.03943059251248224	0.013281395216570901	0.02635599386452657	99144523
2020-07-24	-0.019108205443347563	0.041572712745104906	0.048221049209435415	0.019411591197336597	0.023843815506890336	107116513
2020-07-27	-0.006493405265891656	0.04378874529137185	0.0483073112883041	0.03249233029904103	0.037010896295973275	61245696
2020-07-28	0.004357305906479364	0.046062688262858226	0.05515888555210048	0.043788638940547714	0.04833673758516894	54763854
2020-07-29	0.010845892193615696	0.04152444763543369	0.055109549126330766	0.03699608047180147	0.055109549126330766	60365084
2020-07-30	-0.006437667781758589	0.04154883912102247	0.04602861907423107	0.03482916919120936	0.03706905916781367	41734841
2020-07-31	0.0021597181455101284	0.04378862356067638	0.0505518327846117	0.04153422048603134	0.046043026635321414	48282465
2020-08-03	0.008620705169273732	0.04603828185175319	0.052786915928215966	0.04378873715959873	0.052786915928215966	65382307
2020-08-04	0.014957180128938954	0.04378872110456027	0.06163126334566388	0.03709776776414656	0.05940094556552598	100684873
2020-08-05	-0.016842136721391218	0.03719645797409606	0.03719645797409606	0.024011757237137298	0.026209207359963724	68822399
2020-08-06	-0.00214121993659032	0.046023935620355914	0.05049412337941737	0.03484846622270258	0.041553747861294656	62465634
2020-08-07	-0.006437667781758589	0.04154883912102247	0.04602861907423107	0.03258927921460506	0.03706905916781367	53988610
2020-08-10	0.006479379876837481	0.04378862356067638	0.05280623585925674	0.039279817411386295	0.0505518327846117	43666085
2020-08-11	-0.0021458145975868995	0.04154883912102247	0.05722806895725278	0.039308949144417966	0.04154883912102247	69031105
2020-08-12	-0.004301082509806658	0.039299202567944384	0.04378861596996585	0.03032037576390166	0.039299202567944384	72981687
2020-08-13	0.0021597181455101284	0.0505518327846117	0.05280623585925674	0.04378862356067638	0.046043026635321414	54112631
2020-08-14	0.010775993938826736	0.04603828185175319	0.05503646062037043	0.04153919246744447	0.05503646062037043	56802534
2020-08-17	0.02985057353846788	0.04601416303176744	0.08607427991383507	0.04378860098276373	0.0749464696688163	216070917
2020-08-18	-0.010351877836517729	0.037305615950994096	0.043788776050687865	0.026500349118171278	0.03298350921786505	99648275
2020-08-19	-0.0020921630467798224	0.04160502381170221	0.05252331546591308	0.03505404881917592	0.04160502381170221	67153978
2020-08-20	-0.014674970294689827	0.03941232721137708	0.04160056368971677	0.02847114481967841	0.02847114481967841	59134603
2020-08-21	0.004255326709198561	0.048230367278156556	0.05045119432747483	0.04378871317952039	0.048230367278156556	32958534
2020-08-24	-0.006355832877044372	0.043788705321641586	0.043788705321641586	0.03494303832739038	0.03715445507595333	52051469
2020-08-25	-0.0021323109991504673	0.04601416303176744	0.05046528712977487	0.037111914835752394	0.041563038933759816	40652527
2020-08-26	-0.010683668230416929	0.041558403324422365	0.04601903888469837	0.025946178863456657	0.032637132203870566	58812362
2020-08-27	0.0021597181455101284	0.04378862356067638	0.046043026635321414	0.039279817411386295	0.046043026635321414	30847526
2020-08-28	0.008620705169273732	0.04153919246744447	0.052786915928215966	0.03704010308313595	0.052786915928215966	54059183
2020-08-31	-0.012820535695567063	0.04378872110456027	0.04601903888469837	0.03040681442373266	0.03040681442373266	105896943
2020-09-01	0.0021646190408304037	0.041529462292905724	0.050566594286770426	0.0392701792944394	0.04604802828983798	46020587
2020-09-02	-0.004319661731327352	0.046043026635321414	0.04829742970996666	0.03477101126209601	0.039279817411386295	48181439
2020-09-03	0.002169087871379814	0.043788631217250004	0.046052814799066116	0.03926026405361758	0.046052814799066116	38276704
2020-09-04	-0.00865802430672206	0.037010896295973275	0.0392701792944394	0.0302330473005747	0.03475161329750715	44152676
2020-09-07	-0.0021832961436106797	0.04378876176797762	0.04834679129534861	0.039230732240606435	0.04150974700429213	37028731
2020-09-08	0.00875275022320403	0.04378864673144551	0.05749265522244908	0.04378864673144551	0.05292465239211462	48477623
2020-09-09	-0.0043384021611180415	0.03926026405361758	0.043788631217250004	0.03699608047180147	0.03926026405361758	48096783
2020-09-10	-0.004357305906479162	0.043788638940547714	0.04833673758516894	0.03469244165130546	0.03924054029592668	43395371
2020-09-11	0.0021880733557301823	0.04150464531627807	0.04607264814661274	0.039220643901110845	0.04607264814661274	31029052
2020-09-14	0.00218352404508708	0.046067776531663114	0.04834679129534861	0.039230732240606435	0.046067776531663114	27784999
2020-09-15	-0.0021787666557057123	0.043788638940547714	0.043788638940547714	0.03924054029592668	0.0415145896182372	22223121
2020-09-16	0.0	0.046067776531663114	0.04834679129534861	0.04150974700429213	0.04378876176797762	29585920
2020-09-17	-0.0021832961436106797	0.04378876176797762	0.04378876176797762	0.039230732240606435	0.04150974700429213	23302835
2020-09-18	0.010940823578934212	0.04378864673144551	0.05520865380728185	0.04150464531627807	0.05520865380728185	50756337
2020-09-21	-0.00432901215336093	0.04378874529137185	0.04604802828983798	0.037010896295973275	0.0392701792944394	29862817
2020-09-22	-0.006521637513949357	0.03925054152214344	0.04832696546556828	0.034712329550430916	0.03698143553628728	41097626
2020-09-23	-0.002188301755871934	0.04607264814661274	0.04607264814661274	0.039220643901110845	0.04150464531627807	37287516
2020-09-24	-0.015350790853114018	0.04149975965390168	0.04149975965390168	0.02776569688923493	0.02776569688923493	49991206
2020-09-25	0.0	0.04378867858910453	0.04843807136678418	0.0414639822002647	0.04378867858910453	22050706
2020-09-28	0.002227059140508532	0.04378867858910453	0.04843807136678418	0.039139285811424666	0.04611337497794435	25696718
2020-09-29	0.006666795014029743	0.04378879559994311	0.053066918227498164	0.04146926494305439	0.050747387570609453	31184184
2020-09-30	-0.004415018667227139	0.04148449328668755	0.046092831752557954	0.03687615482081735	0.03918032405375245	21426470
2020-10-09	0.002217183029616219	0.04610305781478321	0.05073183240688413	0.04378867051873285	0.04610305781478321	24241292
2020-10-12	0.011062082802009593	0.04378878702967731	0.05764439039732801	0.04378878702967731	0.0553351231693863	39397986
2020-10-13	0.0043763751116019135	0.04150464531627807	0.059776656637616304	0.03693664248594362	0.048356649561779964	65431652
2020-10-14	0.0021785392507736516	0.046062688262858226	0.05515888555210048	0.03924054029592668	0.046062688262858226	39830068
2020-10-15	0.0043478339794989765	0.0415196475079996	0.0528651774372806	0.03925054152214344	0.04832696546556828	42879773
2020-10-16	0.015151655500913594	0.041529462292905724	0.06412229227756737	0.0392701792944394	0.05960372628063512	103886041
2020-10-19	-0.004264621998301132	0.04601416303176744	0.061593097374793626	0.034886352786748676	0.039337476884756105	119145608
2020-10-20	-0.006423883319158943	0.0370835601022332	0.043788841740825285	0.028143184584110498	0.0370835601022332	56803517
2020-10-21	0.006465416399720525	0.04603828185175319	0.05053737123606171	0.03479055839098149	0.05053737123606171	60742262
2020-10-22	-0.00214121993659032	0.041553747861294656	0.046023935620355914	0.03484846622270258	0.041553747861294656	32152550
2020-10-23	0.0021458145975868995	0.04154883912102247	0.05498817898064848	0.039308949144417966	0.04602861907423107	45837350
2020-10-26	-0.006423883319158943	0.041553747861294656	0.05049412337941737	0.03261337234317195	0.0370835601022332	38362674
2020-10-27	-0.008620705169273732	0.03704010308313595	0.04153919246744447	0.030291469006672973	0.03479055839098149	37087493
2020-10-28	-0.010869471493448536	0.0415196475079996	0.043788753493855755	0.025635905607006074	0.032443223564574755	33969284
2020-10-29	-0.006593532639615396	0.03461249059443188	0.04149461359173415	0.03231844959533119	0.03690653159353257	23821285
2020-10-30	0.01769914774183705	0.059953657625269725	0.09228339881645456	0.05764439039732801	0.06226292485321144	110423507
2020-11-02	0.019565366363045105	0.05513428342313696	0.06874891933827412	0.04605785947971212	0.0642107073665618	84925463
2020-11-03	-0.004264621998301132	0.04823972508077115	0.057141973276786204	0.034886352786748676	0.039337476884756105	61564446
2020-11-04	0.008565326765137446	0.05719940501800945	0.05943449889754007	0.043788841740825285	0.052729217258948	52494799
2020-11-05	0.0	0.05043716136421219	0.05486938567376573	0.037140488435551164	0.04378882489988167	62518343
2020-11-06	0.01486213455479531	0.048221049209435415	0.06151772213809624	0.041572712745104906	0.05930160998331947	83384924
2020-11-09	-0.00418410772772653	0.0437886821425445	0.045972340473386594	0.03068673215749153	0.039421365480860115	69316226
2020-11-10	0.004201688043137317	0.0459815231859236	0.06352419024145273	0.043788689803982504	0.04817435656786489	90780495
2020-11-11	0.010460160136400156	0.0437886821425445	0.06125794878928166	0.037237707150018014	0.054706973796755175	82638728
2020-11-12	-0.004140794355674467	0.043788776050687865	0.04594982941725239	0.03298350921786505	0.03946666931755862	43809706
2020-11-13	-0.024947853961579843	0.041618744970934464	0.05463897928307125	0.011238198242615611	0.017748315398684007	84965708
2020-11-16	0.004264176885891071	0.04378860098276373	0.057141973276786204	0.037111914835752394	0.04823972508077115	66584976
2020-11-17	0.0	0.04378882489988167	0.048221049209435415	0.03270826412599762	0.04378882489988167	54467268
2020-11-18	0.016985169999071632	0.041572712745104906	0.07038217075720353	0.037140488435551164	0.06151772213809624	96623129
2020-11-19	0.002087795494101033	0.04596789183646017	0.05032609138577885	0.037251492737822994	0.04596789183646017	42583034
2020-11-20	-0.010416793515984905	0.03726499532904553	0.04378867454495153	0.02856675637450445	0.03291587585177499	39434937
2020-11-23	0.016842136721391416	0.04159135821974911	0.06796075969366683	0.03719645797409606	0.061368409325187355	85027032
2020-11-24	0.014492888297528499	0.043788776050687865	0.061077202983204446	0.03946666931755862	0.05891614961663992	105246399
2020-11-25	0.020407985025680444	0.05656972284429426	0.10343370248658146	0.05656972284429426	0.06509044641561923	165937222
2020-11-26	0.008000015030558999	0.0437888198109448	0.060489440927919934	0.03961366453170111	0.052139130369432365	100482066
2020-11-27	0.02777782955301615	0.04793082331120039	0.0727829376980273	0.04793082331120039	0.0727829376980273	161787209
2020-11-30	0.009652426405840313	0.06393911366617701	0.12237516346981173	0.023638389663670267	0.05386393266555037	385752185
2020-12-01	0.005736248331534531	0.019839571850990938	0.06374655928880263	0.019839571850990938	0.04977615419495338	257749162
2020-12-02	-0.030418305276054308	0.03585116604694183	0.04180433366790131	0.004100938735158139	0.012038495563104061	152064434
2020-12-03	0.00392157585090266	0.047882070696837434	0.05197536003549687	0.029462268672869617	0.047882070696837434	88380832
2020-12-04	-0.02343754300277234	0.029518224205420884	0.04175012389895074	-0.003100174977325155	0.019324974460812792	85034416
2020-12-07	-0.017999929439875703	0.041701242171322955	0.052139130369432365	0.012475155216616383	0.025000621054347822	122518018
2020-12-08	-0.012219981347856606	0.03741121683871456	0.041662902153627425	0.020404475579063486	0.03103368886634536	99095299
2020-12-09	0.004123718883796057	0.03733234277420554	0.05239733530412125	0.03518020098421741	0.04809305172414539	70449745
2020-12-10	-0.004106783662455524	0.04164545689334599	0.05236197393957379	0.030928939847118003	0.03950215348410028	61017245
2020-12-11	0.014433123700375427	0.03948448456419347	0.06531018604404923	0.03948448456419347	0.058853760674085244	98422882
2020-12-14	-0.01422777249990352	0.04591015186275952	0.04803167346897216	0.018330370981997118	0.02893797901305955	86827012
2020-12-15	-0.012371156651387789	0.03948448456419347	0.0416366263541814	0.02441949203427756	0.03087591740424155	40163330
2020-12-16	0.00417537307822457	0.041609692287141675	0.05686339070975659	0.03943059251248224	0.04814699161111941	41736554
2020-12-17	0.012474035482742634	0.043788784022957196	0.05680901833509399	0.03510862781486607	0.05680901833509399	35450859
2020-12-18	-0.008213567324910858	0.03735885007485476	0.045932063711837036	0.033072243256363716	0.035215546665609235	35742528
2020-12-21	0.002070505230505481	0.03946666931755862	0.05675509625007521	0.037305615950994096	0.04594982941725239	38319189
2020-12-22	-0.014462942699021864	0.04163207139859482	0.052415012096302796	0.028692542561345083	0.028692542561345083	35660241
2020-12-23	-0.010482090378542955	0.04597703664639635	0.05254174608141544	0.02847114481967841	0.0328476177763578	48987232
2020-12-24	0.0	0.046000122070204534	0.05484578906445555	0.04157728857307883	0.043788705321641586	25859440
2020-12-25	0.0	0.04157728857307883	0.046000122070204534	0.03494303832739038	0.043788705321641586	28669564
2020-12-28	0.006355832877044176	0.043788705321641586	0.059268622561581254	0.03494303832739038	0.05042295556733004	46323716
2020-12-29	-0.004210314435335394	0.04598625846540197	0.054776058956707875	0.03499900785126963	0.039393908096922683	36026744
2020-12-30	0.004228116133727501	0.04158184505190135	0.0504088098404768	0.03716836265761373	0.048202068643332985	34141832
2020-12-31	0.006315911143027913	0.039393908096922683	0.061368409325187355	0.039393908096922683	0.050381158711055016	71064288
2021-01-04	-0.020920538638633038	0.037237707150018014	0.037237707150018014	0.0022991738565436948	0.02195209883412295	158871521
2021-01-05	0.0	0.03709776776414656	0.05047967444497417	0.03040681442373266	0.04378872110456027	72824740
2021-01-06	0.006410156331894311	0.03709776776414656	0.05270999222511207	0.03709776776414656	0.05047967444497417	54894796
2021-01-07	0.0	0.04378882489988167	0.052653273518988956	0.03049215197122085	0.04378882489988167	54545492
2021-01-08	0.016985169999071632	0.04378882489988167	0.063733834292873	0.037140488435551164	0.06151772213809624	56781028
2021-01-11	0.016701492312898664	0.041609692287141675	0.07647528868169039	0.03943059251248224	0.061221590259075274	153633999
2021-01-12	-0.006160068328512714	0.03735885007485476	0.04164545689334599	0.013782512573153636	0.03735885007485476	95889971
2021-01-13	0.012396715602526897	0.04810183581721968	0.06104136465446922	0.04163207139859482	0.0567281883753861	99127162
2021-01-14	0.024489624634434472	0.052309361058631876	0.0906526171295941	0.04591881838013811	0.06935080820128162	172564038
2021-01-15	0.08366549521125478	0.07705698130453625	0.14775184108128186	0.07705698130453625	0.1311177564279301	729194917
2021-01-18	-0.031250149900715306	0.01692645300082529	0.028438827940457368	-0.004179567721833242	0.011170265531009247	484255287
2021-01-19	0.01707793002614023	0.04180819875323681	0.11509128497732384	0.0338857029452274	0.061614438273260436	401409630
2021-01-20	0.0	0.0379465872296739	0.06520972460531255	0.02431501854185449	0.043788688095882246	206746131
2021-01-21	0.042910425598995466	0.061314990694507104	0.09831496284715954	0.043788688095882246	0.08857812807014576	376115800
2021-01-22	-0.03398923347816913	0.028850768090314827	0.028850768090314827	-0.00475960182915094	0.00831109758397471	228420112
2021-01-25	0.0055554685731660355	0.03412396459546134	0.05925221046413625	0.003196892757092544	0.049587500514645826	204116047
2021-01-26	0.009208023832984679	0.041866501915919486	0.08031176028920067	0.034177450241263244	0.05340007942790393	224143275
2021-01-27	0.014598567952177696	0.038074674330260856	0.08759750283042005	0.03426522598409467	0.05902664023417427	280536776
2021-01-28	-0.035971102819206124	0.01750636598540041	0.02501563805909341	0.0024878218380144125	0.006242457874860995	170880323
2021-01-29	0.02238790420278802	0.05352552287289604	0.07494655938232635	0.04184132114047935	0.06715709156071545	221700792
2021-02-01	0.021897851928266543	0.036169950157177846	0.08188333031117086	0.020932156772513456	0.06664553692650646	279492824
2021-02-02	-0.02142861136946953	0.027013627035621074	0.03633316993068112	0.01583017556154905	0.021421901298585143	172310036
2021-02-03	0.01642348418240853	0.043788846849510045	0.07997860613808785	0.04188412267642687	0.060931364407257445	222965527
2021-02-04	0.0377019482869215	0.04191476949790755	0.10937687687546997	0.034418979789289504	0.08314161289530689	347310165
2021-02-05	0.05536324119158788	0.0564297838075138	0.13408188757456194	0.0564297838075138	0.10157635576509987	418317068
2021-02-08	0.016393473479379264	0.052344469476363696	0.06603350322564974	0.021544143540470025	0.060900115569667436	343377788
2021-02-09	0.011290427665520953	0.045472322004128415	0.0555735038592407	0.013485246129605905	0.0555735038592407	230080532
2021-02-10	-0.014354175312882696	0.04545341797510662	0.07541864333108098	0.01715292736113082	0.028806070555120765	259971219
2021-02-18	0.009708755901713521	0.055611648412748536	0.07925734933719406	0.03872186203814462	0.05392266977528817	232168111
2021-02-19	-0.020833288030000834	0.04378877930407736	0.04378877930407736	0.005315795451523158	0.022043179735242436	220606293
2021-02-22	-0.014729891905512287	0.04549705953952007	0.04891371659683869	0.021580460138289275	0.028413774252926516	197334609
2021-02-23	0.011627840444591569	0.04378866851231146	0.08713537401531443	0.0403209320720713	0.05592574605315234	228350287
2021-02-24	-0.02627262527778676	0.0437887371595988	0.048930553598808685	0.006082083272059966	0.016365716150479593	191767321
2021-02-25	0.045531193443105404	0.0508295216560651	0.09835447489679175	0.04554897129598448	0.09131374108335076	263878919
2021-02-26	-0.012903081348689565	0.01516877643879141	0.03368760983983063	0.0033840642744936184	0.030320549221459915	241877618
2021-03-01	-0.01633989714929716	0.030144343006684383	0.03867202796534896	0.018205584064553883	0.02673326902321846	114803891
2021-03-02	-0.018272543624557918	0.05072414139279194	0.05419187783303226	0.0056435676696688876	0.02471611809099025	165473866
2021-03-03	0.040609212363333834	0.034958093910967145	0.093240716946909	0.029659673634972388	0.08617615657891603	215944008
2021-03-04	-0.0065040766314035745	0.03360541425937588	0.04888037112035186	0.020027674827397205	0.03699984911737063	165299280
2021-03-05	0.008183235317983945	0.028413774252926516	0.05745535924013554	0.014747146023651882	0.052330373654157464	190841681
2021-03-08	-0.01136357282129831	0.048872191280398575	0.09123374989430805	0.030233105490278352	0.0319275678348347	254232859
2021-03-09	-0.03119865682043097	0.054072370038018576	0.06264206410336828	0.006082083272059966	0.011223899711269855	238751598
2021-03-10	-0.027118692044295695	0.03494303832739038	0.043788705321641704	0.011944304142337277	0.015482570940037839	170938570
2021-03-11	0.027874615148357255	0.05651788797528075	0.08379459764762025	0.05106254604081298	0.07288391377868454	148763127
2021-03-12	0.006779673011073884	0.045557838720491906	0.054403505714743075	0.024328237934289006	0.05086523891704267	151844945
2021-03-15	0.0016834167807834107	0.045545912908309796	0.06311811312525611	0.03675981279983664	0.045545912908309796	106478019
2021-03-16	0.0319327442154366	0.04729731507702892	0.07887411854668819	0.04203451449875251	0.07711985168726257	169522922
2021-03-17	-0.021172593029802803	0.04038884703155982	0.04038884703155982	0.013189138612434053	0.02168904749341082	134238973
2021-03-18	-0.011647188977868416	0.042052008815760065	0.05941954229602267	0.02642122868352369	0.03163148872760253	147932362
2021-03-19	-0.016835046417845546	0.0437886928866152	0.049060352951699	0.01567317253950096	0.026216492669668724	114417301
2021-03-22	0.013698654620677514	0.04378872429357484	0.061661818887643	0.03663948645594761	0.05808719996882931	102426857
2021-03-23	-0.006756768669976929	0.04378869908312331	0.04907816884199053	0.029683446392810817	0.036736072737967064	64498621
2021-03-24	-0.01870760495934553	0.0384632589923817	0.04023840986245427	0.011835995941295082	0.02426205203180211	90782401
2021-03-25	-0.017330874550329656	0.04017085575127655	0.04740682692172022	0.022080927825167462	0.025698913410389216	78834717
2021-03-26	0.012345608558257233	0.04747047845285128	0.06219765565429719	0.04378868415248968	0.056674964203755035	65230722
2021-03-29	0.019163706992129954	0.04560720410634504	0.06379167722123794	0.036514967548898596	0.06379167722123794	86711967
2021-03-30	0.003418988249257584	0.04378881422379045	0.05092583175694458	0.027730524774193698	0.047357322990367594	108355705
2021-03-31	0.0	0.04201044713272866	0.05090132125502154	0.024228698888142754	0.043788621957187204	109682121
2021-04-01	-0.01873947320503924	0.038454097483811414	0.04201044713272866	0.017115999590308423	0.024228698888142754	90518062
2021-04-02	-0.015624937707919733	0.04197661695743551	0.04378875020431797	0.02204315124172799	0.027479550982375523	115448154
2021-04-06	0.014109372117845551	0.049311375603032	0.06219765565429719	0.04010688985212824	0.05851586135393576	76912341
2021-04-07	-0.0034782668678970956	0.040158089507328125	0.045603943379094125	0.031081666387717803	0.040158089507328125	73268956
2021-04-08	-0.013961629745754564	0.03832380291739847	0.045610285744888984	0.029215699383035355	0.029215699383035355	83693690
2021-04-09	-0.012389494645548801	0.04378869061419673	0.047483517837609734	0.027161968108837708	0.03085679533225088	84529587
2021-04-12	0.003584236095302114	0.04565940048736334	0.04752998975478256	0.03069468634800929	0.04752998975478256	89874251
2021-04-13	0.008928681266041226	0.04378880424672919	0.058700072878825345	0.03633316993068112	0.053108347141789414	104250819
2021-04-14	-0.001770006981376009	0.04009386339078356	0.04933093144931624	0.029009381720544375	0.04194127700249006	73464732
2021-04-15	-0.02482255590562376	0.04934085848296769	0.04934085848296769	0.012327071587624876	0.01787913962192634	109948598
2021-04-16	-0.0018182798135451578	0.047584236590067684	0.047584236590067684	0.028606261289523042	0.04189084399990439	83988562
2021-04-19	-0.007285987658956756	0.04188748945992018	0.04378874400273021	0.02857870766024961	0.03618372583148991	137883547
2021-04-20	0.00733946289503334	0.04187354910968653	0.061025636409496875	0.03804313164972436	0.051449592759591704	92456788
2021-04-21	0.021857962976870267	0.03618372583148991	0.0742088166876914	0.03428247128867988	0.06660379851645111	121966424
2021-04-22	-0.016042902134482735	0.04564928960038522	0.04937046144949683	0.019601086656603445	0.02704343035482667	89020983
2021-04-23	-0.001811503082391734	0.03811606704906146	0.051352519634386355	0.03433422345325423	0.04189791064486852	58901206
2021-04-26	-0.014519082390355759	0.04568309058457092	0.05326050428445912	0.02863390975982251	0.02863390975982251	69364290
2021-04-27	0.0018417201023720033	0.041866501915919486	0.051477816509239736	0.036099713159927264	0.04571102775324769	43375653
2021-04-28	-0.009191288278886479	0.04186993203669457	0.04186993203669457	0.026520098783851906	0.034195015410273234	71816093
2021-04-29	0.012987133705663229	0.04185225063324479	0.06509059079606812	0.03991572228634289	0.05734447740846034	115771885
2021-04-30	-0.06776558877326928	0.03805355209308295	0.03805355209308295	-0.04988468620577859	-0.02694427621477121	481397945
2021-05-06	0.003929279933460097	0.04994067425057416	0.060194001147552384	0.04583934349178276	0.04789000887117855	177748181
2021-05-07	0.007827802240652722	0.04378867099147875	0.06830034232591663	0.03766075315786924	0.05195922810295804	126712981
2021-05-10	0.03883481568212393	0.045815431006684504	0.08635091282864905	0.04378865691558632	0.0843241387375507	221599400
2021-05-11	-0.0056073894783748674	0.037935772066182934	0.04183778624688279	0.022327715343383174	0.037935772066182934	75878170
2021-05-12	0.0037594051346164534	0.04182669301252133	0.055560754878976465	0.0320166488221963	0.047712719526716414	101160878
2021-05-13	0.0037453249408030175	0.034015392560327644	0.05747131828948444	0.032060732082897954	0.047698015902335814	111539357
2021-05-14	0.005596927366523113	0.049630788962090416	0.05157815591749331	0.03405185331886828	0.049630788962090416	83183089
2021-05-17	-0.003710581965498722	0.043788778980146686	0.04572530732704876	0.026360023858029238	0.03991572228634289	114277083
2021-05-18	-0.01862200831571177	0.041845045375656094	0.043788786131953916	0.006857711762294393	0.02435137856897516	131361929
2021-05-19	-0.017077731963745003	0.037846950849232196	0.037846950849232196	0.02002133528121106	0.025963207137217986	102762553
2021-05-20	0.017374448131960617	0.04580378786504902	0.06192407746605153	0.03371357066429691	0.06192407746605153	106824929
2021-05-21	-0.020872805518176794	0.03982757480123451	0.04378882270523912	0.018040711329208575	0.02200195923321337	121474712
2021-05-24	-0.009689838979401086	0.04581160543409376	0.0518801447306166	0.029628833976699645	0.03367452684104826	102383860
2021-05-25	0.03131100469868307	0.04583131026934853	0.08055617799313547	0.04174603171360879	0.07647089943739574	169096228
2021-05-26	0.03415566198988541	0.04973069456124622	0.10122691731330732	0.04576944665724161	0.07944005384128157	278065292
2021-05-27	-0.020183427200905216	0.03421271418976236	0.03612792291974336	0.015060626889951842	0.022721461809876015	163891308
2021-05-28	0.04307113908621186	0.047698015902335814	0.11024715118008709	0.047698015902335814	0.08874588592836016	335779644
2021-05-31	0.005385912300384802	0.06440213862376169	0.06440213862376169	0.026923190080671622	0.049410559206525595	188610514
2021-06-01	-0.01071411929387692	0.03819707850969326	0.04192489566771722	0.019557992719573	0.03260535277265717	141342559
2021-06-02	-0.01083053168407187	0.03813634366495663	0.04567272365526485	0.023063583684340184	0.032484058672225584	125914839
2021-06-03	-0.005474367745858011	0.045693571022593055	0.055217191888008256	0.03236050181101167	0.038074674330260856	109898250
2021-06-04	0.01467892579006668	0.04187354910968653	0.061025636409496875	0.03229750545978119	0.059110427679515874	171309603
2021-06-07	-0.016274799183919636	0.03435121924149973	0.03623872146639294	0.02113870366724695	0.02680121034192674	148830958
2021-06-08	-0.003676476936971386	0.04186993203669457	0.04378866119330003	0.02268264047064133	0.03995120288008928	163854031
2021-06-09	-0.012915247826627903	0.04186285849422509	0.04186285849422509	0.022604764991559088	0.030308002392625454	144849866
2021-06-10	0.00560758457908393	0.03988677915653286	0.05549483587933261	0.037935772066182934	0.04964181460828266	120968078
2021-06-11	-0.02044622936189205	0.03990842597442916	0.043788681295229184	0.020507149370428513	0.022447277030828525	184487930
2021-06-15	-0.005692511300449983	0.04576944665724161	0.04973069456124622	0.025963207137217986	0.037846950849232196	162152434
2021-06-16	0.01335870297696914	0.04578069321515418	0.07167621514238655	0.03781284031446729	0.05773247256618444	143173360
2021-06-17	-0.016949085908339937	0.04575451188032174	0.04772021585002154	0.02216606424392348	0.026097472183323103	128434431
2021-06-18	-0.01149427355903173	0.039789546595769006	0.039789546595769006	0.027791974904279263	0.031791165468109235	109407586
2021-06-21	-0.019379880243445415	0.03974306613757092	0.04176591256974532	0.01344606251930553	0.023560294680176806	238379478
2021-06-22	-0.011857729524205666	0.04378879655689953	0.05410291509995205	0.02728620688801591	0.03141185430523677	217799562
2021-06-23	-0.001999899378757708	0.0437888198109448	0.050051552729810524	0.029175776333591513	0.041701242171322955	196626091
2021-06-24	0.0040080231583037446	0.04378871457315211	0.05006399742629718	0.03960519267105521	0.04797223647524882	85341603
2021-06-25	0.015968092150083886	0.045872117757700136	0.060455991909699996	0.041705296571414564	0.060455991909699996	147308603
2021-06-28	-0.01768186223383897	0.04173801273299154	0.04378867811238715	0.021231358939035088	0.025332689697826306	126674045
2021-06-29	0.002000108136521699	0.041701242171322955	0.050051552729810524	0.031263353973213545	0.045876397450566646	162672937
2021-06-30	0.0019959073482309526	0.04378870716455735	0.0479555283508431	0.03962188597827178	0.045872117757700136	108327131
2021-07-01	0.003984071200535854	0.04586807257950153	0.054185114906177494	0.039630290834494514	0.047947333161170475	119932119
2021-07-02	-0.00793652272943316	0.0417177947144938	0.043788804246729325	0.031362747053315966	0.03550476611778702	94608476
2021-07-05	-0.011999813788074598	0.0437888198109448	0.0437888198109448	0.025000621054347822	0.031263353973213545	124686250
2021-07-06	0.002024189273106995	0.04167569064894283	0.045901555519729714	0.033223960907369246	0.045901555519729714	140256385
2021-07-07	-0.018181745337058467	0.0374627372695203	0.04378872956994425	0.022702088568531127	0.02481075266867257	233790686
2021-07-08	-0.012345700224328546	0.04808407867932818	0.04808407867932818	0.02445923264352358	0.030902372471470325	127088147
2021-07-09	-0.00833334783039825	0.03726499532904553	0.0459632342835868	0.02856675637450445	0.03509043559041026	119601850
2021-07-12	-0.004201688043137512	0.05256002333174707	0.05475285671368817	0.03282452289427685	0.03940302304010032	155871081
2021-07-13	0.006329014969559494	0.043788697530074513	0.05259704096914688	0.03498035409100215	0.050394955109378636	123503042
2021-07-14	0.002096549369897271	0.04597703664639635	0.05035350960307575	0.035035854254697685	0.04597703664639635	131334531
2021-07-15	0.04393302195821317	0.04160502381170221	0.09838014041359808	0.037237707150018014	0.0896455070902295	306820496
2021-07-16	0.008016046316607675	0.03332990981791014	0.05633928027944243	0.02914638791581324	0.05215575837734572	184851897
2021-07-19	0.017892571938933927	0.039638446535295836	0.06246483957299701	0.02718768669654986	0.06246483957299701	183151204
2021-07-20	-0.025390569653839196	0.03767282400110739	0.03767282400110739	0.015247674562969627	0.01728632451189121	109771629
2021-07-21	-0.00400802315830393	0.04378871457315211	0.05424751932839408	0.035421670768958496	0.03960519267105521	89255692
2021-07-22	0.008085687283419086	0.0038853302530715964	0.029087472435157097	-0.0003150267772760804	0.008085687283419086	132310970
2021-07-23	0.01041666666666663	-0.004166666666666578	0.014583333333333393	-0.016666666666666684	0.01041666666666663	127557254
2021-07-26	0.0	-0.006185567010309147	0.01443298969072171	-0.022680412371133905	0.0	180248357
2021-07-27	-0.006185567010309147	-0.008247422680412378	0.010309278350515611	-0.012371134020618476	-0.006185567010309147	163489238
2021-07-28	0.022821576763485358	-0.004149377593361091	0.02697095435684645	-0.006224066390041545	0.022821576763485358	206554888
2021-07-29	-0.024340770791075075	0.0	0.0	-0.030425963488843705	-0.024340770791075075	149945594
2021-07-30	-0.024948024948024786	-0.002079002079002035	-0.002079002079002035	-0.031185031185031076	-0.024948024948024786	124749750
2021-08-02	0.03198294243070351	0.0042643923240937255	0.03837953091684428	-0.012793176972281555	0.03198294243070351	158369256
2021-08-03	-0.004132231404958589	-0.006198347107438068	0.010330578512396658	-0.014462809917355431	-0.004132231404958589	115880361
2021-08-04	0.010373443983402453	0.008298755186721999	0.016597510373443997	0.0	0.010373443983402453	87457271
2021-08-05	0.0020533880903490323	-0.0020533880903490323	0.012320328542094375	-0.004106776180698247	0.0020533880903490323	68724218
2021-08-06	0.0040983606557378	-0.0040983606557376175	0.0061475409836066084	-0.016393442622950834	0.0040983606557378	86185433
2021-08-09	0.020408163265306048	0.0	0.028571428571428505	-0.0040816326530613185	0.020408163265306048	142525955
2021-08-10	0.009999999999999964	0.0019999999999999575	0.016000000000000014	-0.011999999999999922	0.009999999999999964	136162888
2021-08-11	0.05148514851485145	0.003960396039604052	0.055445544554455495	0.003960396039604052	0.05148514851485145	294859309
2021-08-12	-0.007532956685499066	-0.007532956685499066	0.005649717514124341	-0.011299435028248515	-0.007532956685499066	119214381
2021-08-13	0.011385199240986812	-0.0037950664136621585	0.02087286527514238	-0.007590132827324317	0.011385199240986812	124812551
2021-08-16	-0.011257035647279643	0.011257035647279477	0.013133208255159528	-0.018761726078799182	-0.011257035647279643	131589409
2021-08-17	-0.01897533206831113	-0.0018975332068310792	0.011385199240986812	-0.024667931688804535	-0.01897533206831113	124036807
2021-08-18	0.029013539651837592	0.003868471953578426	0.032882011605415845	0.0	0.029013539651837592	188231843
2021-08-19	-0.0319548872180451	-0.005639097744360949	-0.003759398496240688	-0.04511278195488726	-0.0319548872180451	147238573
2021-08-20	0.003883495145630985	0.0	0.005825242718446477	-0.023300970873786426	0.003883495145630985	119196005
2021-08-23	-0.005802707930367553	-0.003868471953578254	0.005802707930367553	-0.013539651837524234	-0.005802707930367553	79691206
2021-08-24	-0.011673151750972686	-0.005836575875486257	0.007782101167315182	-0.01361867704280144	-0.011673151750972686	110509669
2021-08-25	-0.0059055118110236705	0.0	0.007874015748031503	-0.011811023622047341	-0.0059055118110236705	93828531
2021-08-26	-0.011881188118811805	-0.001980198019801938	0.001980198019801938	-0.015841584158415856	-0.011881188118811805	76889556
2021-08-27	0.0020040080160320215	-0.0020040080160320215	0.012024048096192307	-0.006012024048096242	0.0020040080160320215	73416341
2021-08-30	-0.0019999999999999575	0.008000000000000007	0.016000000000000014	-0.014000000000000058	-0.0019999999999999575	116976397
2021-08-31	0.030060120240480853	0.0	0.04208416833667334	0.0	0.030060120240480853	171674708
2021-09-01	0.04085603112840466	-0.0019455252918287524	0.04474708171206234	-0.005836575875486257	0.04085603112840466	305309779
2021-09-02	0.0	-0.001869158878504633	0.009345794392523497	-0.014953271028037398	0.0	171365778
2021-09-03	-0.001869158878504633	0.0018691588785047992	0.014953271028037398	-0.02242990654205593	-0.001869158878504633	168605001
2021-09-06	0.0018726591760299227	-0.007490636704119857	0.007490636704119857	-0.01310861423220979	0.0018726591760299227	122703830
2021-09-07	0.011214953271028132	0.0018691588785047992	0.024299065420560897	-0.011214953271027965	0.011214953271028132	175243925
2021-09-08	0.0	-0.0073937153419593405	0.009242144177449136	-0.0073937153419593405	0.0	117176177
2021-09-09	0.009242144177449136	-0.0036968576709797527	0.016635859519408477	-0.009242144177449136	0.009242144177449136	149320345
2021-09-10	-0.007326007326007333	-0.0018315018315017925	0.02564102564102558	-0.012820512820512872	-0.007326007326007333	239032053
2021-09-13	0.014760147601476028	-0.005535055350553551	0.025830258302582967	-0.014760147601476028	0.014760147601476028	250653837
2021-09-14	-0.0363636363636364	-0.0018181818181817794	0.0054545454545455	-0.03999999999999995	-0.0363636363636364	222583515
2021-09-15	-0.00943396226415091	-0.003773584905660297	0.005660377358490613	-0.015094339622641523	-0.00943396226415091	137537561
2021-09-16	-0.0038095238095237284	0.0038095238095237284	0.045714285714285756	-0.011428571428571354	-0.0038095238095237284	208950034
2021-09-17	-0.015296367112810719	0.0	0.0019120458891012976	-0.02294455066921608	-0.015296367112810719	138963300
2021-09-22	-0.01747572815533995	-0.027184466019417583	-0.013592233009708792	-0.04660194174757285	-0.01747572815533995	150402841
2021-09-23	-0.011857707509881346	0.005928853754940761	0.01778656126482228	-0.019762845849802303	-0.011857707509881346	159328816
2021-09-24	-0.009999999999999964	0.0019999999999999575	0.0060000000000000496	-0.014000000000000058	-0.009999999999999964	147189729
2021-09-27	-0.010101010101010065	-0.0020202020202019773	0.012121212121212041	-0.014141414141414198	-0.010101010101010065	156113708
2021-09-28	0.03265306122448964	0.004081632653061137	0.040816326530612096	-0.00204081632653075	0.03265306122448964	220838549
2021-09-29	0.005928853754940761	-0.009881422924901151	0.015810276679841914	-0.011857707509881346	0.005928853754940761	217570948
2021-09-30	-0.001964636542239644	0.0	0.003929273084479462	-0.027504911591355537	-0.001964636542239644	146523421
2021-10-08	0.007874015748031503	-0.001968503937007832	0.01968503937007867	-0.003937007874015839	0.007874015748031503	136187001
2021-10-11	0.01953124999999993	0.005859375000000049	0.027343749999999938	0.0039062499999999167	0.01953124999999993	182011374
2021-10-12	-0.015325670498084306	-0.009578544061302648	0.007662835249042153	-0.024904214559386954	-0.015325670498084306	141374395
2021-10-13	0.0	0.0	0.00583657587548643	-0.015564202334630364	0.0	78080906
2021-10-14	-0.0019455252918287524	-0.0019455252918287524	0.0019455252918289252	-0.011673151750972686	-0.0019455252918287524	64747726
2021-10-15	-0.003898635477582763	-0.005847953216374317	0.00974658869395708	-0.007797270955165699	-0.003898635477582763	103320299
2021-10-18	0.023483365949119393	0.0019569471624265727	0.02739726027397254	-0.003913894324853319	0.023483365949119393	178255142
2021-10-19	0.01529636711281055	-0.005736137667304062	0.019120458891013315	-0.011472275334608125	0.01529636711281055	123064084
2021-10-20	-0.0037664783427494492	0.0018832391713748918	0.013182674199623406	-0.007532956685499066	-0.0037664783427494492	121067625
2021-10-21	0.03024574669187148	0.0018903591682419257	0.03024574669187148	0.0	0.03024574669187148	189458677
2021-10-22	-0.0036697247706422866	0.0	0.005504587155963348	-0.01467889908256882	-0.0036697247706422866	125411540
2021-10-25	-0.014732965009208118	-0.005524861878452921	-0.005524861878452921	-0.029465930018416235	-0.014732965009208118	135951374
2021-10-26	-0.0056074766355138994	-0.0056074766355138994	0.009345794392523497	-0.011214953271027965	-0.0056074766355138994	92958735
2021-10-27	0.003759398496240521	0.0	0.0075187969924812095	-0.011278195488721898	0.003759398496240521	122936637
2021-10-28	0.0	-0.0018726591760299227	0.007490636704119857	-0.007490636704119857	0.0	118947666
2021-10-29	0.01310861423220979	0.00936329588014978	0.024344569288389493	-0.0018726591760299227	0.01310861423220979	269032402
2021-11-01	0.0388170055452865	-0.0018484288354897942	0.06099815157116452	-0.005545286506469547	0.0388170055452865	332899315
2021-11-02	-0.017793594306049917	0.005338078291814991	0.008896797153024879	-0.024911032028469695	-0.017793594306049917	197479334
2021-11-03	-0.019927536231883956	0.005434782608695698	0.00724637681159421	-0.02898550724637668	-0.019927536231883956	125114226
2021-11-04	-0.012939001848428888	0.005545286506469547	0.0073937153419593405	-0.016635859519408477	-0.012939001848428888	88397145
2021-11-05	0.00936329588014978	-0.0037453183520598453	0.014981273408239714	-0.007490636704119857	0.00936329588014978	117016704
2021-11-08	0.0018552875695734092	0.0037105751391466536	0.02968460111317257	0.0	0.0018552875695734092	118076999
2021-11-09	-0.011111111111111202	0.007407407407407414	0.011111111111111039	-0.02592592592592603	-0.011111111111111202	105914789
2021-11-10	0.005617977528089934	-0.0037453183520598453	0.011235955056179869	-0.00936329588014978	0.005617977528089934	103806527
2021-11-11	0.0074487895716946065	0.0	0.009310986964618215	-0.009310986964618215	0.0074487895716946065	132222509
2021-11-12	-0.012939001848428888	0.0	0.0018484288354897942	-0.016635859519408477	-0.012939001848428888	98848358
2021-11-15	0.0018726591760299227	-0.0037453183520598453	0.005617977528089934	-0.007490636704119857	0.0018726591760299227	63882853
2021-11-16	-0.013084112149532598	0.0	0.0037383177570094323	-0.018691588785046665	-0.013084112149532598	73968756
2021-11-17	-0.017045454545454516	-0.0018939393939395217	0.0	-0.01893939393939404	-0.017045454545454516	112189023
2021-11-18	-0.0038535645472062546	-0.005780346820809296	0.007707129094412337	-0.007707129094412337	-0.0038535645472062546	77714438
2021-11-19	0.009671179883945807	0.0	0.011605415860735106	-0.00773694390715668	0.009671179883945807	118058076
2021-11-22	-0.015325670498084306	-0.0019157088122604958	0.0	-0.0172413793103448	-0.015325670498084306	162773436
2021-11-23	0.00583657587548643	0.0	0.01167315175097286	-0.0019455252918287524	0.00583657587548643	96433256
2021-11-24	0.005802707930367553	-0.001934235976789127	0.011605415860735106	-0.001934235976789127	0.005802707930367553	90744688
2021-11-25	0.003846153846153764	-0.001923076923076882	0.009615384615384581	-0.003846153846153935	0.003846153846153764	74744680
2021-11-26	-0.013409961685823639	-0.0038314176245209915	0.0	-0.013409961685823639	-0.013409961685823639	66432276
2021-11-29	-0.0116504854368933	-0.0077669902912621425	0.0019417475728154925	-0.013592233009708792	-0.0116504854368933	85555037
2021-11-30	-0.001964636542239644	0.001964636542239644	0.007858546168958749	-0.009823182711198393	-0.001964636542239644	100413286
2021-12-01	0.02362204724409451	0.0059055118110236705	0.027559055118110173	0.0	0.02362204724409451	94226652
2021-12-02	0.013461538461538344	-0.001923076923076882	0.019230769230769162	-0.007692307692307699	0.013461538461538344	132858867
2021-12-03	-0.0037950664136621585	0.0	0.0018975332068312477	-0.01897533206831113	-0.0037950664136621585	102186312
2021-12-06	0.007619047619047626	0.0038095238095237284	0.02857142857142864	0.0019047619047618642	0.007619047619047626	132347128
2021-12-07	0.01512287334593574	0.009451795841209797	0.02457466918714554	0.0018903591682419257	0.01512287334593574	197572002
2021-12-08	-0.014897579143389213	0.0	0.0018621973929236102	-0.020484171322160207	-0.014897579143389213	144618694
2021-12-09	0.011342155009451722	0.0	0.017013232514177665	-0.0037807183364840192	0.011342155009451722	144085858
2021-12-10	-0.011214953271027965	-0.009345794392523333	0.0	-0.018691588785046665	-0.011214953271027965	114703245
2021-12-13	-0.0018903591682419257	0.0018903591682419257	0.017013232514177665	-0.0018903591682419257	-0.0018903591682419257	153102484
2021-12-14	-0.01325757575757581	-0.003787878787878875	0.0018939393939393534	-0.0246212121212121	-0.01325757575757581	147794263
2021-12-15	0.015355086372360858	-0.0038387715930901295	0.019193857965450988	-0.007677543186180429	0.015355086372360858	138458248
2021-12-16	0.00756143667296787	0.005671077504725945	0.013232514177693815	-0.005671077504725945	0.00756143667296787	106289460
2021-12-17	-0.009380863039399591	0.0	0.0037523452157597697	-0.011257035647279643	-0.009380863039399591	73194217
2021-12-20	-0.0018939393939395217	-0.0018939393939395217	0.003787878787878707	-0.005681818181818229	-0.0018939393939395217	53582056
2021-12-21	0.009487666034155733	0.0018975332068312477	0.01707779886148022	-0.0018975332068310792	0.009487666034155733	75388495
2021-12-22	-0.011278195488721898	0.0	0.0018796992481202605	-0.013157894736842158	-0.011278195488721898	99985316
2021-12-23	0.0076045627376425924	0.001901140684410606	0.009505703422053199	0.0	0.0076045627376425924	71297934
2021-12-24	-0.003773584905660297	0.0	0.0037735849056604646	-0.007547169811320762	-0.003773584905660297	74809230
2021-12-27	-0.011363636363636458	0.0018939393939393534	0.003787878787878707	-0.015151515151515164	-0.011363636363636458	70262261
2021-12-28	-0.0038314176245209915	0.0	0.0038314176245211615	-0.011494252873563144	-0.0038314176245209915	97343446
2021-12-29	-0.011538461538461635	0.0	0.001923076923076882	-0.015384615384615398	-0.011538461538461635	104196500
2021-12-30	-0.005836575875486257	0.0	0.003891050583657678	-0.011673151750972686	-0.005836575875486257	122403994
2021-12-31	-0.0019569471624267466	0.0	0.007827788649706464	-0.005870841487279892	-0.0019569471624267466	108318819
