2019-11-20	0.0822733547551509	0.0025029698044778106	0.09833045956519995	-0.0019198816433200802	0.08506201579198691	9634684
2019-11-21	-0.03580162538114423	-0.02548454592736384	-0.008457088552981147	-0.0690067269762861	-0.033317237618426504	7719363
2019-11-22	-0.05953639138977579	-0.014659150310714462	0.010135038030630476	-0.06756765720249494	-0.0571131410084727	7130685
2019-11-25	0.003596109173240272	0.008510454964012024	0.025260095341828104	-0.03858393989923811	0.006182047976644325	5208118
2019-11-26	-0.0011944103314847423	-0.004682966839164626	0.004821827742532972	-0.03604156675483468	0.001379179005752198	3045689
2019-11-27	0.003736830944095076	0.0040003707285654585	0.032324277406183766	-0.011885074054784417	0.006323216428325834	2240352
2019-11-28	-0.004616541124600374	0.0004117880508888409	0.031019164265471792	-0.019594903159672446	-0.002051743798958455	2999643
2019-11-29	0.021095315694152617	-0.0008731672468856519	0.049975645814895414	-0.0008731672468856519	0.023726254669523026	3486749
2019-12-02	0.013113334488928324	-0.0010958566043723177	0.042973443839552435	-0.001169268714028515	0.015723874984208516	2916422
2019-12-03	-0.009328096647562638	0.00040189344846609934	0.018236378306032985	-0.03700716941373	-0.006775458828051647	2267953
2019-12-04	0.019416090124705344	-0.0065709241070462205	0.031848984905388456	-0.017182115118151573	0.02204278978214523	2386285
2019-12-05	-0.011313215244411116	-0.0020895460308413844	0.01219609431430712	-0.021184797638777664	-0.008765682785023238	2161965
2019-12-06	-0.008545797103924339	-0.0034498279791035096	0.015791352177940834	-0.020875798351046037	-0.005991165243280948	1655789
2019-12-09	0.048940865602455516	-0.025252270523138557	0.05164367762210078	-0.025252270523138557	0.05164367762210078	3229564
2019-12-10	0.055013943844619745	-0.008594106711942164	0.1378128128208498	-0.01976491923092991	0.05773234389535748	5191733
2019-12-11	0.01630364336817299	-0.013305714188585697	0.03672383998424042	-0.013305714188585697	0.018922294161931388	2261336
2019-12-12	-0.0024030649139559334	0.002120791112861602	0.07439855087728056	-0.023339127163175384	0.0001674173402521636	2077291
2019-12-13	6.503693744289248e-05	0.01112728215586037	0.018241894928323878	-0.020986494156995068	0.0026419134498829296	1791900
2019-12-16	0.08716883265049191	0.003751474804622834	0.08997011458588208	-0.008388312100345761	0.08997011458588208	2567409
2019-12-17	-0.0065867966859328615	-0.005227831017033968	0.04033835437940904	-0.02684020832678821	-0.004027158397347182	1958178
2019-12-18	0.03260995061370287	-0.00038452651849385657	0.04850541354827203	-0.0019558342566879778	0.03527066454146203	2101750
2019-12-19	-0.06508664613016286	-0.013166317589798896	0.02417210024104914	-0.06899828711605539	-0.0626776704497439	2614764
2019-12-20	0.04239502693432584	0.001637650379221765	0.050401887323016065	-0.021586321784552814	0.04508098213426052	2411720
2019-12-23	-0.059598655832552395	-0.021023880963424835	-0.009133507069261866	-0.08720177620925941	-0.057175518847721894	3307565
2019-12-24	0.03949044913820774	0.002576705148136236	0.04376534680721496	-0.010194972624451487	0.042168887085641496	1524806
2019-12-25	-0.011029443361735988	-0.012167054613270977	0.02579812308426528	-0.013641462832389845	-0.00848116614512513	1257989
2019-12-26	0.024287589098882546	-0.005312159658121039	0.030840185889404532	-0.005498505999160744	0.026926844398301897	1330769
2019-12-27	-0.02189696013210241	-0.004094268984032969	0.012582997753371992	-0.023318597057865743	-0.019376734033970226	1579247
2019-12-30	0.013605473768502355	-0.0003994372078980485	0.025889561412328253	-0.03896485379146099	0.016217127079797805	2159682
2019-12-31	0.0	-0.0038461812550284	0.0031883343877514795	-0.0414657988475875	0.0025765974818442294	2898926
2020-01-02	-0.04514947582644915	-0.0016440544040045733	-5.367057588984694e-05	-0.06483269770035896	-0.0426891809043713	4275380
2020-01-03	-0.04153352737323121	-0.004598328916806999	0.0022562971005215034	-0.04623889175525429	-0.039063934497370244	2966103
2020-01-06	0.018599841344257004	0.005918530544585929	0.028576755213207888	-0.01573715761858422	0.02122448664769156	2346643
2020-01-07	0.0012435587116801307	-0.015599383159707842	0.02613364404048398	-0.015599383159707842	0.0038234796115951754	2909342
2020-01-08	-0.02725839570039423	-0.024751973504291404	-0.024751973504291404	-0.024751973504291404	-0.024751973504291404	2280282
2020-01-09	0.05503658818705434	0.017466117190062688	0.09144157475184649	0.003856757024846459	0.057755106395308016	4890013
2020-01-10	-0.004649650624049351	0.009026370494098627	0.03846508775991323	-0.013387892067598418	-0.002084931695502737	2103436
2020-01-13	-0.009598739777737321	-0.007046804580208095	-0.007046804580208095	-0.007046804580208095	-0.007046804580208095	2378767
2020-01-14	0.03708730322352383	0.03975946115388956	0.03975946115388956	0.03975946115388956	0.03975946115388956	2688582
2020-01-15	0.029094710093140328	-0.0006089289795727367	0.04936062457144862	-0.0124766604707751	0.03174631322135421	2732588
2020-01-16	0.018283076451030045	0.0025766366323794424	0.06296923857062889	-0.0167246517897269	0.020906855673715353	2857884
2020-01-17	0.08799048732349951	0.013305807973840438	0.1205970111710706	0.0013845631741481981	0.09079389917184	3762210
2020-01-20	-0.027868799505579585	0.008055248966143524	0.04947316019480415	-0.0467851206092633	-0.025364006832905264	3325408
2020-01-21	-0.04440698761536069	0.002013088218093128	0.026246267142038752	-0.05873887976122102	-0.04194475746394769	2696996
2020-01-22	0.08235294360485697	-0.0033208582327422373	0.10578307148734219	-0.014644065089753149	0.08514178748624514	3096961
2020-01-23	-0.024456516956636146	-0.02412237014677641	0.018923007643856828	-0.06269978689524983	-0.021942888384640105	1793507
2020-02-03	-0.04233987291271436	-0.08958221156689597	0.03888164815065859	-0.08958221156689597	-0.03987231675371874	3287286
2020-02-04	0.19999999883353498	0.0206568940771491	0.20309201765472815	0.018207329196014203	0.20309201765472815	4332210
2020-02-05	0.027486902578352856	0.020656895069282904	0.10075414053649338	-0.015552108770219328	0.030134408799827726	5799852
2020-02-06	0.009672128660669655	0.01700396091823124	0.05035224452514016	-0.023203172420396507	0.012273709937216212	4059412
2020-02-07	0.14485976697907146	0.025111200274844776	0.15249466465244338	0.025111200274844776	0.14780972699125458	5586185
2020-02-10	-0.07379588154668416	-0.017924950144622902	-0.017884049107418008	-0.09972704501513317	-0.07140937661536335	5039965
2020-02-11	-0.052705789032360076	0.002930115560037952	0.03827567029343136	-0.07217918824842304	-0.05026491338635878	4720963
2020-02-12	0.07461847413421503	-0.015892850077707358	0.11703157538573028	-0.015892850077707358	0.07738744849312607	3997262
2020-02-13	-0.04545444937920983	0.030787737407071337	0.03642995699019727	-0.04950520213832159	-0.042994963796803246	4535334
2020-02-14	-0.011337941023842817	0.016217101693445497	0.05031834671671548	-0.03761737892929277	-0.008790477990285825	2853756
2020-02-17	0.018348675454560936	-0.002022298335472542	0.052613554593850524	-0.015865191847554215	0.020972579583064956	2263667
2020-02-18	0.034684594519105875	0.0025766264460773103	0.04322162481551288	-0.019552290013949772	0.0373506670582616	2569326
2020-02-19	0.0	-0.004843314107458974	0.06280988164400764	-0.03919365683636624	0.002576700719502685	2848580
2020-02-20	-0.02829770374141808	0.025709742038364656	0.03544305532307353	-0.06267588466919656	-0.025793994273047828	3520354
2020-02-21	0.019713239455237428	-0.029764546359473776	0.09367094616413663	-0.029764546359473776	0.022340717916650453	2837218
2020-02-24	0.04077328614233783	0.0003741866288518576	0.0638060752445234	0.0003741866288518576	0.04345502452568568	2414871
2020-02-25	-0.022711954621978628	-0.026542421313201878	0.015781821238398042	-0.04939748689652027	-0.02019378493046189	2062330
2020-02-26	-0.041036654944401424	-0.004785629853042349	-0.004785629853042349	-0.05805429642677905	-0.03856576462871241	2249922
2020-02-27	0.05545039063659542	0.004292771180008179	0.07257634586010524	-0.038068371923358255	0.05816994296138346	3967741
2020-02-28	0.0051641149911255445	-0.05009592554949671	0.06906999414812028	-0.05009592554949671	0.00775410546936411	3254977
2020-03-02	0.0591881854240516	0.008876826241054809	0.06847292568145467	-0.04135418462930354	0.06191738454106037	3120490
2020-03-03	0.08233773564399718	0.008806072182352624	0.17354439641834565	0.005952623096387371	0.08512666792107304	3113790
2020-03-04	-0.047222197498184	-0.019702716605401613	0.01431064338355168	-0.07770362064001221	-0.044767135783104414	3423463
2020-03-05	-0.030165131462831344	0.009786742982899117	0.04057527646847703	-0.06850976919155687	-0.027666176295892464	2808844
2020-03-06	-0.009980405732394998	-0.011447919333153663	0.014672359221051626	-0.03290671671751403	-0.007429414940199003	1646659
2020-03-09	-0.07769227088328619	-0.0339544277093465	0.0216540657454654	-0.07657408531040474	-0.07531579877545111	1555460
2020-03-10	0.00522362203888581	-0.023256803651796047	0.03994060623334677	-0.11202362414077159	0.00781377826489662	4277001
2020-03-11	-0.07414838344380219	-0.0018013676398266883	-0.0018013676398266883	-0.08165728011896142	-0.07176281567632248	2244345
2020-03-12	0.016507838442436452	-0.021256009448260674	0.035582848937879545	-0.049155245042947375	0.019127030801019157	2595053
2020-03-13	0.034845920596507166	-0.0510132038952558	0.04974688335756739	-0.06496889207326674	0.037512373462030915	3162544
2020-03-16	-0.05752589664576772	-0.00632391991322435	0.04761913731008321	-0.08400191781953248	-0.055097461124160245	2056050
2020-03-17	0.032350106261441976	0.02547090876158769	0.06839759796556114	-0.02651805287876508	0.035010173029137344	2131789
2020-03-18	0.023502403234125713	0.011817048268076169	0.09350160685556587	0.011817048268076169	0.026139600416630205	2807533
2020-03-19	0.02971627600974778	0.004382243867123568	0.03683847012406334	-0.041390497474136555	0.032369510828154716	2298935
2020-03-20	-0.003060756567596174	0.00739887999340402	0.030106969977953188	-0.02482212834289616	-0.0004919859009048282	1658724
2020-03-23	-0.06140351093199036	-0.022092009696217878	0.024562987388570677	-0.0765741315381981	-0.058985067377020924	1979109
2020-03-24	0.018691570745847583	0.031154807337279614	0.05378299533663184	-0.04193024828689158	0.02131641013915714	1742038
2020-03-25	0.08206423069109059	0.043967457501602455	0.10927289699332218	0.043967457501602455	0.0848523458417865	2424473
2020-03-26	0.05782352110739892	0.0030441881086629703	0.08375526500444452	-0.01183146722345703	0.06054921718521392	2232371
2020-03-27	-0.014948039803834141	0.016076713040797972	0.04544732481151307	-0.023659922316999503	-0.012409901137852845	1560797
2020-03-30	-0.10496342371586234	-0.02067266945767191	-0.006396761205932223	-0.10877544199853673	-0.102657195604934	1992635
2020-03-31	0.020454610559886868	0.020896514462856845	0.054300555884112145	0.0072250142008152	0.023083936276116494	1395144
2020-04-01	0.008285029720144702	0.011508262202680494	0.0530404029223702	-0.00858792843710786	0.01088305184859616	1167005
2020-04-02	0.08013785420352541	-0.00960341865357049	0.0895646792256919	-0.010046357699548755	0.08292099215724257	1426997
2020-04-03	-0.010388510630683056	0.0005263916965363968	0.013032983894297114	-0.035394125469978784	-0.007838636317300498	1162444
2020-04-07	0.03322861512599961	0.025366240768425443	0.052299403204627774	0.017037636794826845	0.03589086293085885	1095787
2020-04-08	-0.05044005534575906	-0.007449136339986827	0.020061570396411415	-0.05088076397045017	-0.04799333926585999	1400700
2020-04-09	-0.011584260710787038	0.0062509657703535655	0.019934581269257488	-0.04337318052328526	-0.009037477726360314	1696921
2020-04-10	-0.048542471315173155	-0.004430804206439621	-0.004430804206439621	-0.06608769916917225	-0.0460908885797753	1596318
2020-04-13	-0.017245297555075097	-0.007527695849039419	0.01739639584985084	-0.03083508609106696	-0.014713042643045614	1230469
2020-04-14	0.026435809470411895	0.0190273844234335	0.035615162453002995	-0.005602914155108701	0.029080555672982365	1010811
2020-04-15	0.053685548540155656	0.013706478173472399	0.06846534021532455	0.007518287529997611	0.05640055458515413	1816798
2020-04-16	-0.002570680358506629	-0.0031694758341474488	0.013815489254495708	-0.019647385292923522	-6.422169464791431e-07	965315
2020-04-17	0.03223758495490407	0.01240421364158674	0.04790192231245526	0.01240421364158674	0.03489736991618258	1307799
2020-04-20	0.029102408663602353	0.004833769118320767	0.03195927425083151	-0.013058398733911082	0.031754076575621064	1092680
2020-04-21	0.006204734262666306	-0.00834951943191967	0.028815470436999446	-0.02701172563322533	0.008797417038334256	989469
2020-04-22	-0.018341339990419394	-0.016644144622479103	-0.007251695448646069	-0.04486122189149584	-0.01581193620243501	1160007
2020-04-23	0.019569982694349314	-0.00687016537533412	0.03483316097013322	-0.00687016537533412	0.02219703718526786	883811
2020-04-24	-0.020497651723572027	0.0025370534528289658	0.020513779269630068	-0.02985269357597948	-0.017973823412857925	925962
2020-04-27	-0.0012500131178632239	-0.02980363985657844	0.009408450905096996	-0.02980363985657844	0.0013234812372351495	646951
2020-04-28	0.03229716131348235	-0.004304097913982725	0.038195117418957036	-0.1056950952080577	0.0349570698223858	1587321
2020-04-29	-0.01372701199352672	0.014339477748347328	0.04264845225153565	-0.01640050019676889	-0.011185685905439209	1191378
2020-04-30	0.04080261314762121	0.0025766964308981282	0.055291621348661904	0.0025766964308981282	0.04348443721224841	1090553
2020-05-06	0.013410436651769797	-0.0030764068979168818	0.05078040783112886	-0.006896037522829078	0.016021746226644096	1467618
2020-05-07	0.008383592047447966	0.013884010802274497	0.015278553607392732	-0.020037759075868515	0.010981856394863187	909186
2020-05-08	0.024754836413662173	0.00545468886860638	0.06529610010776363	-0.0008995305980587223	0.027395261345875124	1296851
2020-05-11	-0.046822208409057146	0.010345743450222229	0.06352562722282004	-0.06789221021753962	-0.044366119913508216	2673298
2020-05-12	-0.018702112371785456	-0.006989834905076543	0.01405662331466172	-0.030102645872715047	-0.01617372098664424	1210729
2020-05-13	0.024387236011083464	-0.008069259439086818	0.03182326950158603	-0.00834219735534272	0.027026769339968854	792409
2020-05-14	-0.020389575113150565	-0.007967886786830976	0.008362990404221397	-0.021253431023496687	-0.017865390191136064	884366
2020-05-15	0.02589151278933893	0.004636276162074426	0.06467434749761557	0.004636276162074426	0.028534884039217345	1325863
2020-05-18	0.012619030602437506	-0.003786958045521795	0.03742522019603682	-0.05113548665552551	0.015228169377550557	2469466
2020-05-19	0.0777553827924828	-0.0026977474460452865	0.08060723871350013	-0.008720183804076189	0.08053235032889548	1732514
2020-05-20	-0.017863291697732517	0.003062586090059087	0.022152012468935642	-0.031263725406029085	-0.015332637679927989	1093589
2020-05-21	-0.048290568662954274	0.007806834940609463	0.019327486574007423	-0.06280106851699221	-0.04583823510380501	1326020
2020-05-22	0.011185295974456387	0.0025767671081119866	0.023667985697507287	-0.020445410621486217	0.013790733064860393	1069790
2020-05-25	-0.022672373992130374	-0.0041801666607611315	0.003935416334021349	-0.0408283828739269	-0.020154141001651006	1183159
2020-05-26	0.021211983761015313	0.0020882887761766128	0.04721411840811455	-0.004073836266506101	0.023843327715101264	1327259
2020-05-27	-0.013651913110031898	0.0021720177719923503	0.0081324907440468	-0.01732842145183337	-0.011110370628393904	721679
2020-05-28	-0.01681716297418108	0.00716495658014882	0.00854512694351878	-0.037597930378968906	-0.014283926754428425	958733
2020-05-29	0.012185340253733348	-0.00379740339460565	0.04248988541572335	-0.012296141563310404	0.014793397595664736	954954
2020-06-01	0.05114590066226696	0.012060033467026013	0.06944757823835974	0.012060033467026013	0.053854341988496875	1145147
2020-06-02	-0.003026537036788952	0.005964384461121988	0.015592479721375497	-0.017214517913652482	-0.0015242053943304446	652522
2020-06-03	-0.028142822966434434	0.0007199904585006274	0.0014710884364385474	-0.04499164197788245	-0.02667839097401927	1868786
2020-06-04	-0.025356459171402796	0.0010652106722781284	0.0010652106722781284	-0.028377883759259464	-0.023887808178063085	1667644
2020-06-05	-0.02122762922010923	0.004452242115449322	0.004452242115449322	-0.033309120370093884	-0.019752806342328923	1502450
2020-06-08	-0.028236886722807317	0.006946651025068598	0.014662717316448434	-0.029434574532555293	-0.026772577958427	1686704
2020-06-09	0.019781205962366814	0.008375235255954554	0.0321563825079284	0.0005540604745710824	0.02131786354976572	1032975
2020-06-10	0.004859038718648055	0.004465665514869553	0.007541149979646977	-0.017413749509826274	0.006373258679358049	957359
2020-06-11	0.01740811153871815	-0.0004302527873536152	0.0340510059443288	-0.00523434771311403	0.01894125394157364	1617424
2020-06-12	-0.01646376828459837	-0.0023392193087609283	0.0026492675696269414	-0.03657320069792168	-0.014981728458430932	1149598
2020-06-15	0.012873510938131012	0.006656231693980633	0.04053408564522037	-0.00883078725515753	0.014399741168549715	1091063
2020-06-16	0.003816715778981883	0.012515781186567272	0.013777167573851017	-0.0020863680837905664	0.005329377172381169	1142304
2020-06-17	-0.0038022038475619877	0.005276802820109256	0.006495396824817114	-0.01936103257479673	-0.0023011011180058476	883066
2020-06-18	0.041908363011701484	0.005329377172381169	0.051199919096596276	-0.005794244534421694	0.043478419920683464	1592220
2020-06-19	0.031943728800687514	-0.001134628985603686	0.03349877567821982	-0.00880239344658352	0.03349877567821982	1194124
2020-06-22	0.021796255789248282	0.015194441260740378	0.05447974093104241	0.015194441260740378	0.023335934833636714	1637356
2020-06-23	0.08476929475195195	-0.004895223104248109	0.10644517151345839	-0.004895223104248109	0.08640386568839784	1805918
2020-06-24	0.026197801847022695	0.010359543564206548	0.09304864839825631	0.0019238272106460294	0.027744184392117816	1870970
2020-06-29	-0.029523764107257464	-0.004494300342294307	0.017384945804028894	-0.0369693997207215	-0.028061402178936053	1595759
2020-06-30	0.09846920884557311	0.0035681420146545773	0.10147720783102891	0.0035681420146545773	0.10012447465414963	1511942
2020-07-01	-0.037414375820002406	0.005670338800075238	0.006901809983779084	-0.08225981689645784	-0.035963862013350854	1761795
2020-07-02	-0.038929411997523644	-0.0006252138501329838	0.002116118959492615	-0.046619011445832255	-0.03748117449483384	1645894
2020-07-03	-0.0009493081070563853	0.010919800544449618	0.02838281647928635	-0.035669324302563914	0.00055614058489576	2050400
2020-07-06	0.07994932356349924	-0.010294218219477224	0.1068284157634372	-0.02060431398643551	0.08157663735598433	2274448
2020-07-07	0.047075632936223515	-0.004191888028445394	0.09421392834632475	-0.032979225927040896	0.04865347473346353	2175455
2020-07-08	0.019720473549306623	-0.0018315521954727738	0.03421811327921766	-0.029100238643063155	0.02125708631590395	1319883
2020-07-09	0.07320823123837178	-0.023336128673720737	0.09496400221932154	-0.023336128673720737	0.07482544905099636	2098307
2020-07-10	0.0008191653929740507	-0.0004926246108667283	0.06526105216833068	-0.024153651095010702	0.0023272372175289564	1750644
2020-07-13	0.1121738245594081	-0.005204013948218908	0.11676977273476417	-0.008277722958583457	0.11384973995388292	1509305
2020-07-14	-0.05716776791740228	-0.006277386674860922	-0.0004737109754306332	-0.07647455783674581	-0.05574705414729622	2879685
2020-07-15	0.0	0.0015068574469159607	0.06379569858080951	-0.020477439423869998	0.0015068574469159607	1964234
2020-07-16	-0.08568293966631037	0.012621111552528553	0.020975176118522797	-0.12035946484730234	-0.08430519355221679	3235449
2020-07-17	-0.06994422789982278	-0.005626298200977899	0.003938034982284695	-0.08125960182056301	-0.06854278885410992	3318862
2020-07-20	0.01305033085101256	0.019776156712620768	0.025492458498298655	-0.07504601782506395	0.014576886967811212	2511930
2020-07-21	0.04371463724870131	0.0037752753697969147	0.0658165410307221	0.0037752753697969147	0.04528738013827986	1891793
2020-07-22	0.04163945309663753	0.005201624999166674	0.08127093716126578	-0.007865990692300215	0.043209086301118214	2275033
2020-07-23	0.03596446561977297	-0.008847505962844492	0.03935129810712788	-0.008847505962844492	0.03752555562057686	1485001
2020-07-24	-0.034690724578352275	-0.018130465169226773	0.003269255461700337	-0.08394093790902021	-0.033236150320469435	2008783
2020-07-27	-0.08322919900726362	0.0028108932783584	0.004114938653232729	-0.08539475413477635	-0.08184770898566625	2027478
2020-07-28	0.03618905180634597	0.015958791991637643	0.04292815987491012	0.004266432408960833	0.03775048251428976	1135071
2020-07-29	0.04802898511093807	-0.0031330215203455615	0.06800313668952089	-0.006070735742144322	0.049608191106339794	1402719
2020-07-30	-0.006068500261308597	0.013819401072592689	0.037396596446373914	-0.02285623617551144	-0.004570782502384569	1203248
2020-07-31	0.03423862148295935	0.0015068621522889498	0.039197097680745134	-0.009088636293521224	0.03579704286644542	1184204
2020-08-03	0.0814524156745959	0.014350931406726906	0.10443788867482316	-0.010674655323537318	0.08308204640590158	1742892
2020-08-04	-0.03788235161877157	-0.010275543176982815	0.013289324842612834	-0.060940009419113456	-0.036432560817654815	1493396
2020-08-05	0.0014185246591129107	0.048287964507908634	0.06788213206880413	-0.007800325439529014	0.002927493546415949	1578541
2020-08-06	-0.02315136770614843	0.0015312380631127811	0.004246116877976837	-0.04589281418672102	-0.02167939385955409	1164985
2020-08-07	-0.017500010384374338	-0.013515743185829352	0.0015068597098179168	-0.0660948533205948	-0.016019510335103897	1683111
2020-08-10	0.017760852804353425	0.01659321556667563	0.07943579414758692	-0.018115559525158406	0.019294475819853885	2023155
2020-08-11	-0.0549527484980127	-0.011338119994149643	0.0013065059504349167	-0.053528719859734716	-0.053528719859734716	1330847
2020-08-12	-0.03439152739632274	0.0015068332678760121	0.00526914205842945	-0.06661150448280016	-0.032936523431812845	2269161
2020-08-13	0.0036163807839365235	0.015226097601817598	0.027957622794422744	-0.012130132690929007	0.005128732919136436	936683
2020-08-14	0.010018513633374755	0.006099948445852989	0.017035817450699216	-0.026680291556501007	0.011540515936091414	1298082
2020-08-17	-0.02700066641801733	-0.007939969372927846	-0.003879696396282258	-0.04962542235873063	-0.02553448560505873	1778400
2020-08-18	0.05000003560913295	0.007070794272618106	0.05319571327018634	-0.004057059807742315	0.05158221059405979	1594341
2020-08-19	-0.01851852636885618	0.033592105035789965	0.03862620032912283	-0.031611778943363276	-0.017039589570417988	1708555
2020-08-20	-0.05417791090926087	-0.01738951421743294	-0.012530483769403336	-0.06598014263525219	-0.05275270998505533	1874751
2020-08-21	0.014534022178253678	0.01320870238390019	0.05202460219143051	0.0007076906022523669	0.01606281140469991	1184263
2020-08-24	-0.022471859379543203	0.02086186672641191	0.022606050049659657	-0.035205619984034674	-0.020998884684232295	1772806
2020-08-25	-0.04525866374641085	0.0015356438153601144	0.012097462961586479	-0.04626620840246391	-0.043819981908987685	2301996
2020-08-26	-0.007404064261721445	-0.008349902733410559	0.039637975443274326	-0.01829720366739181	-0.0059083118505962534	1575083
2020-08-27	0.029018472874768154	0.017328619977966017	0.046815938616856984	0.004179307442943479	0.0305690304949052	1220499
2020-08-28	-0.05990687379003039	0.0002673931282438519	0.00044445704132223707	-0.07368875758598085	-0.058490282803986576	2748629
2020-08-31	0.037112460980535396	0.013969587718207716	0.07267312783574813	0.0030137248035307968	0.03867527064543488	2368600
2020-09-01	0.005017072231406788	-0.00339666027914302	0.023300525544885264	-0.02080127441246095	0.006531533973494935	1086803
2020-09-02	0.05208554212820422	0.013644368274409202	0.054062482965565525	0.011957778001298552	0.053670936623514805	1838124
2020-09-03	-0.07703302434686861	-0.002071437439178091	-0.002071437439178091	-0.08142479451317243	-0.0756422222685848	3200658
2020-09-04	-0.03976462832335824	-0.029198947636771545	-0.007859918581614172	-0.051530510661141796	-0.03831766021041368	2786830
2020-09-07	0.015190604388545234	0.001313092919674705	0.04556471030276075	-0.014481862061207903	0.01672035885123224	1969077
2020-09-08	-0.022651332609814424	-0.009820017434689694	0.008474815843174235	-0.05980465502455802	-0.021178646256598477	2145926
2020-09-09	-0.029060022383500535	-0.016528406873226036	-0.007120207230254638	-0.049408475705167675	-0.027596918787792052	1472335
2020-09-10	-0.009876114909818474	0.006402079754547338	0.024105307691270807	-0.020186277592486233	-0.008384158045895547	2008682
2020-09-11	0.03185121236491801	0.004520722290592394	0.04298937035012775	-0.004148375085377362	0.033406102950033385	1224865
2020-09-14	0.0646524968133231	0.024479492928846974	0.08463484099282766	0.024479492928846974	0.06625674230184767	3170915
2020-09-15	0.016251086896168304	-0.01282681816963243	0.03264017459226584	-0.013597445165596807	0.017782464532516834	1463772
2020-09-16	-0.01871701395809988	-0.0009196465053692867	0.0006575919002629226	-0.034194017476723244	-0.01723835807136997	1027619
2020-09-17	0.021913603761946534	-0.004242485063452537	0.04478184757194177	-0.02383995584071886	0.02345347928923377	1454167
2020-09-18	0.008728384652018788	0.007253931259916172	0.020048811767491785	-0.016914083269295225	0.010248439726606808	1135918
2020-09-21	-0.01571901998101237	0.004805395124650756	0.010532758957707947	-0.021762275754797025	-0.014235818770239472	1063463
2020-09-22	-0.0013384225710351516	-0.006840495759512052	0.019268043821645885	-0.025789738426798443	0.00016642123999425606	1906663
2020-09-23	0.0017362493301296853	0.012794059950635987	0.028046982540254	-0.00856003167482923	0.0032457151566125737	1840317
2020-09-24	-0.03001189952896046	-0.007842233924236618	-0.004187840833270256	-0.03427539163335609	-0.028550217815942542	1391050
2020-09-25	-0.036112816393770175	0.004803365264136291	0.004803365264136291	-0.05186493458087812	-0.034660329984909574	1434066
2020-09-28	0.0005854652553611025	0.0032005844359976714	0.0125811776151489	-0.012433671300644407	0.0020931682479915464	1200721
2020-09-29	0.0401091367027268	0.008733454470973434	0.048447310766231114	0.008700869529330555	0.041676456119559946	2036485
2020-09-30	0.031250003520922665	0.005857222224774648	0.050173817152460214	-0.0035006734069666055	0.032803969762954924	2375795
2020-10-09	0.057575735034955264	0.02882070025124066	0.061779335568107815	0.010611484317590385	0.059169393473991125	2439066
2020-10-12	0.014326693914618032	0.007246192239208912	0.01872478132455602	-0.02142155530497272	0.015855134053219245	2059139
2020-10-13	-0.006129980136752434	-0.005424514749489921	0.009626398987310271	-0.011224167372028788	-0.004632365266342478	1179309
2020-10-14	0.00014211759353260602	-0.006548889498287846	0.01907019358055287	-0.012099724990814149	0.0016492313197650661	1184557
2020-10-15	-0.03148799352259445	0.0018199345095669247	0.007455363205559869	-0.030028604907141817	-0.030028604907141817	1250703
2020-10-16	-0.016285230520448314	0.005033303762138463	0.0116453649710999	-0.01480287986474585	-0.01480287986474585	884377
2020-10-19	-0.021625603266002717	0.008766114384036445	0.01647351126299444	-0.024393415805421648	-0.020151349274743883	1124591
2020-10-20	0.02176834047568508	0.004987733067893274	0.025903272148796924	-0.006889939588985308	0.023307980146958878	766237
2020-10-21	-0.03329954505491554	-0.004888219168367191	0.0071547222179381385	-0.0390149142841341	-0.031842865765579646	1172381
2020-10-22	-0.003395311534743894	0.0015686481612186222	0.004196238779579525	-0.02266682775022998	-0.0018935489934028013	735945
2020-10-23	-0.07086225894711838	0.0022823270676993225	0.011184456931104236	-0.07876753463638664	-0.06946215619837033	2289597
2020-10-26	0.009966676026861255	-0.015184897449784516	0.028547589846142418	-0.0516063778161685	0.011488535842504208	1529894
2020-10-27	0.06868212441189171	0.024677814934321588	0.07591170568103767	-0.001170532438359295	0.07029246509548237	2180025
2020-10-28	-0.010778233791266146	0.005280285759173639	0.013816941150846002	-0.013339419080540363	-0.00928762162698758	1411411
2020-10-29	0.01770159856891112	-0.005496881599483428	0.025832417257792617	-0.027602530839820186	0.01923516943153559	1623731
2020-10-30	0.004693576443496847	0.005009264015286428	0.03582438405423126	-0.013455262211013294	0.006207505315409116	1494310
2020-11-02	-0.007663892535672566	-0.004639639153950207	0.009121103161893799	-0.04830705837828571	-0.006168610522377319	1701410
2020-11-03	0.043076848759190316	0.005327933134547467	0.049209404807356694	-0.0019753474194066085	0.04464866288345465	1461926
2020-11-04	-0.0027433282955961888	0.00162510004839754	0.013117270617525541	-0.013264586669578632	-0.0012405745755586196	1021623
2020-11-05	0.016387086862494446	0.007224346247707239	0.03353069104418181	-0.010550201039017007	0.017918654428851426	1335933
2020-11-06	-0.013416357006446115	0.012261984824539685	0.012261984824539685	-0.020003253520305863	-0.011929672581736548	824962
2020-11-09	-0.010471942283399508	0.00434300070416566	0.00434300070416566	-0.04280756311659724	-0.008980819633189153	2009158
2020-11-10	-0.10180359250440198	-0.020407204899814128	-0.020407204899814128	-0.10579421148556437	-0.10045012068568272	3456921
2020-11-11	-0.03518076413741282	0.0028697078823038133	0.007157636646968225	-0.04602560489214561	-0.03372694039879433	2521814
2020-11-12	0.02280691423753847	0.012841322179967491	0.04732736629131536	0.002884877011072725	0.02434813225046399	1058963
2020-11-13	-0.004473158313348215	-0.006004470541117449	0.04081535871874804	-0.015873667030885885	-0.002972989706312553	1410909
2020-11-16	0.021722952155720975	0.039029570120820915	0.04772511325875857	-0.0018765600373312537	0.02326259308829103	2051117
2020-11-17	-0.009192212949985023	0.003361355028974296	0.019620995377613203	-0.016474694614150822	-0.00769915199421594	1130586
2020-11-18	0.04735532199597634	0.012736945586074678	0.06343890836285779	0.008993635867126142	0.04893352847249454	1747599
2020-11-19	0.046393043869810836	0.007346686592219631	0.07496681902203621	0.004697987506680542	0.04796981724331483	1898384
2020-11-20	-0.04226557581382099	0.0063863324880134974	0.009131004187774738	-0.04783654019456384	-0.04082236901854437	2169726
2020-11-23	0.011287102847390294	-0.012471862748410714	0.016950476160471538	-0.03835974384361816	0.012811003334907752	1494719
2020-11-24	-0.0018235126753152718	-0.02957075690118347	0.01129930360117312	-0.03369554388260556	-0.000319407232369637	1005728
2020-11-25	-0.035024735743770005	0.011443455069230677	0.011443455069230677	-0.044106490644389824	-0.03357063443144194	1209946
2020-11-26	0.012925545345218002	-0.0029715599075799113	0.029685174998121247	-0.0029715599075799113	0.01445187820495417	969000
2020-11-27	0.014565188517400225	0.013350839216501922	0.05524034571296503	-0.0060448572077006	0.016094005756116792	1228628
2020-11-30	0.01978715111848043	-0.0019285583382527367	0.029276079421284122	-0.01223464752344144	0.021323825567731644	1718129
2020-12-01	0.012208864419655989	0.006560010548823355	0.03837560896137558	-0.011593649474326128	0.013734091303249084	1293440
2020-12-02	0.014461549082014809	0.03725293862673398	0.06279909442951216	0.005451223247684051	0.015990196721117896	2156058
2020-12-03	0.0339702364870477	0.0020536084152500854	0.06317072156385334	-0.01161572943342803	0.03552826457740933	2143700
2020-12-04	0.012027019180237096	-0.001254730331498949	0.028241127303640166	-0.010743868263979588	0.013551968342159593	1491227
2020-12-07	0.041710137989729605	0.010215581543648109	0.0554430115081524	0.004409744868109902	0.043279864954613285	2036345
2020-12-08	-0.02751885740195193	0.0015068750006723588	0.008752187136931473	-0.02995482721807032	-0.026053484505586543	1592843
2020-12-09	-0.02769671032827669	0.01153623549746457	0.019559717993096467	-0.030615857761293466	-0.02623158462464013	1770459
2020-12-10	-0.012859775756541379	-0.0018529526957391201	0.008020079861432062	-0.018592849822342918	-0.011372251339396742	1984453
2020-12-11	-0.013086889816229788	0.005835914416612001	0.012075727640791062	-0.03267782108959522	-0.01159975735977082	2470117
2020-12-14	0.044221616109467385	0.010400805731114359	0.08300445644233216	-0.010775259059657498	0.04579512175465844	2771569
2020-12-15	0.048018477879319954	0.005243987706339881	0.05417504197398577	-0.0012453536144927508	0.04959766903673243	2582782
2020-12-16	-0.02290917521630249	-0.007615330516492314	0.001617429446004129	-0.030282645832316303	-0.02143684401904813	1508887
2020-12-17	0.028361604641098173	0.005750525033601618	0.038030743074770425	-0.01060175915470687	0.029911196019654168	1434912
2020-12-18	-0.00922985216970733	0.028907686922285368	0.028907686922285368	-0.02311543734330602	-0.007736852094181543	1521867
2020-12-21	0.0008872977080888114	-0.0023804810064952738	0.015112813960433553	-0.011460320859461887	0.0023954780646033985	1220020
2020-12-22	0.02484758452972988	-0.0012674138458869826	0.04866921546181867	-0.009590185397171257	0.02639193305047168	2159676
2020-12-23	0.03657053739777078	0.0018858415314900012	0.04002747274983294	-0.004367308564636768	0.0381325438364664	2359985
2020-12-24	-0.03504561207131967	-0.0024103385345586774	0.014799378425385295	-0.03633358389199178	-0.033591549406487176	1657320
2020-12-25	0.004783000474334197	0.009463506573545213	0.022995188967292468	-0.0046094755919897186	0.006297057711034177	1042690
2020-12-28	-0.015679208028082106	0.0015068499725664447	0.007082317961895498	-0.03574357952421204	-0.014195950016373204	1786988
2020-12-29	0.013032773272988206	0.006678641697257493	0.01792503042350791	-0.006702188054480183	0.01455928046491587	1145679
2020-12-30	0.00911614651370904	-0.00594826002026596	0.033110403665651975	-0.011323613363633503	0.010636782812258343	2064152
2020-12-31	0.09848999685310274	0.01189271193018583	0.11299362111698108	0.009215959517396004	0.10014524165661891	2952499
2021-01-04	0.021897791027298948	0.0019942169827478827	0.06071998516541755	-0.010676944982687342	0.02343764312135792	2919042
2021-01-05	-0.029738057813475882	-0.012037315964203136	-0.00011461530596776192	-0.043680208817422295	-0.028276027107099207	3419709
2021-01-06	-0.02343511451000782	0.0014331149419648237	0.029671203107600172	-0.03157284707719355	-0.021963525446635226	2627778
2021-01-07	0.0018846857435802283	0.0001479938129642218	0.008855416550150095	-0.035336109282897654	0.0033943550090796254	2727787
2021-01-08	0.00223222667391357	0.01682924116267156	0.024590902938316922	-0.0057022189592389385	0.0037424294781844857	1887093
2021-01-11	0.011161131899102908	-2.2027636330274796e-05	0.03255952570220764	-0.022553399843862714	0.012684798215886254	2190684
2021-01-12	0.006038660499381198	-0.009795605032694193	0.01622979208159044	-0.021023702451961966	0.0075546597101622285	1965699
2021-01-13	-0.030725669947569673	-0.0007597655539608003	0.0002750337508440675	-0.0520792629664107	-0.029265083618422585	2574690
2021-01-14	0.01824831363806127	-0.008685881596297839	0.06756905058860233	-0.01656557317305731	0.019782656921371135	2469105
2021-01-15	0.03429700780492572	-0.006531172430105071	0.04292009382261628	-0.01896266535112811	0.035855581568854634	1580779
2021-01-18	0.10854065285893637	0.0023274754221476405	0.1555848713489358	-0.014567040664269953	0.11021105710744189	2796139
2021-01-19	-0.06836962862375541	-0.016999255044370064	-0.016999255044370064	-0.07687194715130212	-0.0669657642198754	2050049
2021-01-20	0.07525376731707809	0.01655695770470934	0.08435237412011518	0.0016704939086248137	0.07687405384120811	2067420
2021-01-21	0.01801220833884963	0.0015068875584345882	0.031065264369494843	-0.020770555724558628	0.019546222216271007	1554907
2021-01-22	0.04832652537820936	-0.015081760321385376	0.05253225639883884	-0.045675621480160314	0.04990623965801657	1957306
2021-01-25	-0.013766562478883665	-0.0020977534450742014	0.06103483766350274	-0.02052837253996217	-0.012280429430328546	1839351
2021-01-26	-0.07144324682301786	0.00047439625572385467	0.00047439625572385467	-0.0705603059699738	-0.07004406531143112	2179643
2021-01-27	-0.036327373279176234	0.011603093099611612	0.020743046498221607	-0.047528900727076814	-0.03487524064851262	2597562
2021-01-28	-0.0506693628653538	-0.012316063308934143	0.0038376459360131964	-0.06308486379305435	-0.049238827297385206	2713580
2021-01-29	0.007281548205968704	0.02336013359285131	0.05053700264584508	0.0015312213841285167	0.008799414544353696	2231963
2021-02-01	-0.0024095869742130735	0.0039201634420638065	0.0352926685496283	-0.007904843234246589	-0.0009063758052538076	1734428
2021-02-02	0.01594199800702074	-0.0055085295410627275	0.028092712033258926	-0.0055085295410627275	0.017472907655413265	1476419
2021-02-03	0.06155491733052459	7.81894464448218e-05	0.09265686803232269	-0.0023029490998562373	0.06315452572657436	2672173
2021-02-04	-0.060113341221167314	-0.015293693467301512	-0.013050626709823838	-0.06912729564676566	-0.05869704868289505	2137256
2021-02-05	0.0031216873113159163	0.009501762314432968	0.02620746523689403	-0.009590469596951107	0.004633221698269133	1283236
2021-02-08	-0.03078682404681341	-0.0007770861436973975	-0.0007770861436973975	-0.06501284489160257	-0.02932631225387747	2742297
2021-02-09	0.039215753032010615	0.001506904599702308	0.05060038031537399	-0.018105914401970617	0.04078168517223965	3516788
2021-02-10	-0.004198165503545135	-0.008153912024724312	0.02087563297269576	-0.038647915123410134	-0.002697596466963435	2365572
2021-02-18	-0.033300113675610275	0.012845064779708293	0.02707707974148405	-0.03340898384606293	-0.03184345271225759	2043517
2021-02-19	-0.02241767134655349	-0.0013394761244781867	-0.0013394761244781867	-0.04854885817057101	-0.020944605360743933	2173449
2021-02-22	-0.06268016066316955	-0.0035382374305234243	0.004719616894437379	-0.06126776019903214	-0.06126776019903214	2767522
2021-02-23	0.004732612586521436	-0.012899866137094717	0.03096293389407299	-0.012953393197057362	0.006246572282554662	1559415
2021-02-24	-0.05287812820641698	0.015445918549723677	0.02634662654207192	-0.06717566537426958	-0.051450928296138745	3565401
2021-02-25	0.013767945229374582	0.01867237150209219	0.025622984143756734	-0.012281761333606742	0.01529552324278008	1574636
2021-02-26	-0.06873616698135071	-0.017368541210956844	-0.017368541210956844	-0.06996989131160625	-0.0673328526748065	2868082
2021-03-01	-0.014851163884841189	0.019212109401059982	0.02624646131995879	-0.016079073928991286	-0.013366647506289747	2379326
2021-03-02	0.006918142929670688	0.013518566648675318	0.0374813392155491	-0.004393078504090253	0.008435473786466256	2527122
2021-03-03	0.014731494035736242	0.0015069058666286703	0.021669322948735033	-0.011383711438211647	0.016260587502902484	1714027
2021-03-04	-0.05351701078649999	-0.002312986171964482	-0.0021057703893667327	-0.055673838159211834	-0.05209081470863159	2026192
2021-03-05	0.030864417327027056	-0.020737700065829874	0.04771681756634624	-0.023178031103166387	0.03241775259633795	2333353
2021-03-08	-0.06545645058248495	0.005088151966579007	0.016317453910320034	-0.06951124680760015	-0.0640482589186129	3033901
2021-03-09	-0.03420999897621501	0.004364567756168152	0.02069965667890528	-0.04522522901401394	-0.032754714383105475	2778265
2021-03-10	0.03746971554797936	0.025582823923542466	0.05292050748555067	0.012132557380282892	0.03903309046680204	1855414
2021-03-11	0.03517806963043254	0.006822401207460912	0.056217078600126084	-0.0017017676742834794	0.03673789881872922	1882613
2021-03-12	0.030731253127830344	0.004731729218513135	0.04950481142990105	-0.004629872150186297	0.032284416870773	2402906
2021-03-15	-0.10087959485564986	-0.011980229921239493	-0.011980229921239493	-0.11732533014055674	-0.09952476906648537	3589198
2021-03-16	0.007961023181322082	0.010155652215476749	0.03042633419973381	-0.03207493525172546	0.009479922274637495	2109163
2021-03-17	0.019544930864397198	0.0021772955339364112	0.037236711894101354	-0.012402895933074974	0.021081292120795406	1569580
2021-03-18	0.006499471807373087	0.010909136360402456	0.048386723641878106	-0.0038846558790180674	0.008016111662702233	1302829
2021-03-19	0.004402818445825375	-0.023708840952894036	0.00591634414026925	-0.02922886444163013	0.00591634414026925	1517976
2021-03-22	-0.016592569508958436	-0.006525459474495457	0.010417235827851569	-0.019012982426114967	-0.015110689226068109	1222049
2021-03-23	-0.02265070658040286	-0.0011054406412750477	0.009244957918041852	-0.024484761206948015	-0.021177929889005465	1016502
2021-03-24	0.0340540093593392	-0.00018482539332673057	0.05523641846160784	-0.0018765600373312537	0.0356122356887083	2411217
2021-03-25	0.06253278791690507	-0.011221288582533422	0.07185583668651777	-0.017667216764734133	0.06413386077533838	1892951
2021-03-26	0.03929648076802294	0.0008293580339907591	0.045050572092229936	0.00021342609073195988	0.04086253235535039	1747581
2021-03-29	-0.0410651315601457	0.010395952098994705	0.010395952098994705	-0.0498722286168696	-0.03962014386408674	1262634
2021-03-30	0.017987260753347983	-0.006279712653177299	0.03367301159942229	-0.008133686918121266	0.019521189731344736	836003
2021-03-31	-0.01803310483346592	-0.013214538328453915	0.013041038925353013	-0.0280573424511822	-0.01655341839156741	1381790
2021-04-01	0.021666642679959186	0.004566988741381237	0.036126887110938075	-0.010857422417096545	0.023206141096638617	1390606
2021-04-02	0.01984775945676848	0.007497408447394321	0.025468989892356277	0.0038667508494790357	0.021384522786084683	1291946
2021-04-06	-0.024378695654235106	0.0015068556214064498	0.010258472312299994	-0.03376640670959225	-0.022908596660951994	896148
2021-04-07	-0.03188007182570398	0.006493736426797206	0.006493736426797206	-0.0364114343392936	-0.03042121540893503	1295432
2021-04-08	0.022047443845749765	0.0019466693061103428	0.027073858505009662	-0.0072875790062824335	0.023587508117142147	897379
2021-04-09	-0.02924307035831253	-0.009402876227088337	-0.0012590638954176935	-0.028610024270797743	-0.027780309279890024	874335
2021-04-12	-0.049816599924498224	-0.002798505120881373	0.01236531753081523	-0.05924323429572349	-0.048384840178184015	1709009
2021-04-13	0.022588159718785965	0.01653268842247734	0.042786443006853025	-0.0033907668722179735	0.024129047570093935	1281373
2021-04-14	-0.0025700497545151366	0.0018000666678566679	0.023010217451304944	-0.012242330005982193	-0.001067076028024236	864384
2021-04-15	-0.010469662865428926	-0.008423319179030216	0.019145890283417927	-0.02005202857363661	-0.008978567499120115	854460
2021-04-16	0.005669151192978037	0.012664349047155497	0.026990910907179044	-0.009320684877761672	0.007184585933575017	965663
2021-04-19	0.05850352148465113	-0.004664020221256003	0.06843600456810055	-0.005419018789141419	0.06009856350042923	1536220
2021-04-20	-0.0029724158278033393	-0.013874170220079123	0.015430549669638563	-0.013874170220079123	-0.0014700717322813767	1065442
2021-04-21	0.04534161651219508	-0.020265064456465948	0.05410149499682185	-0.020265064456465948	0.046916778356708516	1401002
2021-04-22	-0.02551994099904924	-0.00578283308826323	-0.0052472887706297286	-0.04990741164647174	-0.02405150765649729	1632644
2021-04-23	0.018261639897514798	-0.00768351872761799	0.029871806847312807	-0.01070623686083283	0.0197960145999249	923044
2021-04-26	-0.04113773373876917	-0.0014616512814472126	0.01434053470637006	-0.04047247231415996	-0.0396928262126799	1357528
2021-04-27	0.001748631114202734	0.0036020473782421504	0.021208019608920266	-0.008656398545470269	0.0032581026638477174	796701
2021-04-28	0.04229788580575311	-0.001895814128251858	0.045772654313128075	-0.01478848962430103	0.04386845839509468	1267385
2021-04-29	0.03540772018663961	0.0012372033689418708	0.045593531548595974	-0.017631425386072857	0.036967934129982644	1440126
2021-04-30	0.09753627931943563	0.07894187886464404	0.11365314574500793	0.038445400837552844	0.09919011787818964	4130946
2021-05-06	-0.005526375496344456	-0.011670857309616277	0.008332913996259529	-0.03768366716750532	-0.0040277944194102785	1729533
2021-05-07	-0.05662864942140121	-0.011320001762906583	0.017063512791766437	-0.055313179748973436	-0.055207148284164745	1869101
2021-05-10	-0.023225822712788766	-0.0027070827964912137	0.0015068309381714993	-0.03360911685068444	-0.021753970067890784	1619501
2021-05-11	-0.008959822166528636	-0.014944301571422708	0.006223567522296555	-0.027253899831914934	-0.007466489232011031	1841092
2021-05-12	0.021182205809621678	0.0015068338982806972	0.03595447488394454	-0.0031365069171879066	0.022721011891609307	1625925
2021-05-13	-0.030759569601958418	-0.01582859720084886	-0.005342054895848283	-0.04245699996368925	-0.029299082080483735	1332921
2021-05-14	0.041309172807003226	-0.0030379225803065083	0.043816572682175085	-0.0030379225803065083	0.04287829006988778	1899925
2021-05-17	0.050410464084574155	0.0024079302676387557	0.05872298252986565	-0.004631451265139606	0.051993291548240325	2560501
2021-05-18	-0.015497424711079637	0.0020966077027566943	0.0020966077027566943	-0.0234497101460324	-0.014013872407982669	1342980
2021-05-19	0.03640364807392177	-0.006171460129977359	0.06541144742520004	-0.008758169825371922	0.0379653938065602	1912661
2021-05-20	-0.0005508038440063577	0.0014806728396721737	0.02454730198251602	-0.012180689575327919	0.0009552055101065501	1380325
2021-05-21	-0.013753283358685343	0.01543853022031636	0.025164481200872817	-0.03529393692122994	-0.012267139211064601	1655610
2021-05-24	-0.005482181180727381	-0.0005187734011371182	0.004811793140723484	-0.029810209895828357	-0.003983609669947218	1020804
2021-05-25	0.062349420893231595	0.0015068322381184892	0.06896176703169109	0.0015068322381184892	0.06395022646810358	2271619
2021-05-26	-0.032745585960078726	0.0014816019949249629	0.011496673058559285	-0.04725665842434933	-0.031288080674146956	2350566
2021-05-27	0.00872398792327748	-0.007412856365836036	0.02980464818680151	-0.016749787344756524	0.01024396756368659	1529187
2021-05-28	-0.03154773626467584	-0.0020095343552544854	0.01466719469488024	-0.0410769230355545	-0.030088401081940705	1307520
2021-05-31	0.0449710432818144	0.008181272245136437	0.04654570210884991	0.006499310446521469	0.04654570210884991	1862815
2021-06-01	0.0344388226155186	0.006616621350225594	0.04744338450240689	-0.0036028367345482698	0.035997563343950455	2324501
2021-06-02	-0.02468563718877512	0.0015068467021478052	0.0051868348316612715	-0.0288717530422523	-0.023215948736956978	1526425
2021-06-03	-0.028116950137176664	0.0015068869154986576	0.009154541483500719	-0.03265407349065773	-0.026652489697208712	1230457
2021-06-04	-0.011629451994878765	-0.008524671353811826	0.01508187956139861	-0.02004129130603086	-0.01014011801667823	1561582
2021-06-07	0.013424555082087144	0.009626516232372801	0.02518030550836688	-0.007140000590517268	0.01495168829963697	1198493
2021-06-08	0.023376682497456013	0.0044203653281276595	0.040266505929577756	-0.008508180939208701	0.0249187534027661	2058653
2021-06-09	0.047715695571567567	-0.0015180149373779928	0.05481039802840827	-0.004847893021255257	0.049294451644956654	2424153
2021-06-10	-0.007340142942884479	-0.004801027002610179	0.023827289904853756	-0.022244913879554424	-0.005844319141678332	2890191
2021-06-11	0.026844354397487964	0.008203689998531256	0.07050303147639173	-0.010151306511555595	0.02839166387851144	4246030
2021-06-15	-0.007058523033523052	0.0099088796537086	0.03609082165317619	-0.013321593445747888	-0.00556226789143134	2961650
2021-06-16	-0.07221150869236573	0.006684627215872413	0.0067805326499933444	-0.08907933266635876	-0.07081346927376293	3546953
2021-06-17	0.013492185517015379	0.003315371826769613	0.01765477017283458	-0.010507184605639815	0.015019378161321624	2220754
2021-06-18	-0.010359837610369821	-0.0002775800038590469	0.012137360676244238	-0.041473821694093554	-0.008868613057742104	1978224
2021-06-21	0.02569504196658475	-0.010832028129629002	0.029868081468121477	-0.030924471646746752	0.027240632378381643	2125013
2021-06-22	-0.01393838991804905	-0.0004771786713051828	0.026872299432683846	-0.01722835431362331	-0.01393838991804905	1605128
2021-06-23	-0.023253457157457906	0.01696254467357892	0.01696254467357892	-0.03341567081710926	-0.023253457157457906	1857217
2021-06-24	-0.035202086049543675	0.0030247822685789175	0.013767924380703978	-0.05867014341590613	-0.035202086049543675	3188432
2021-06-25	0.04272972432432434	-0.0010810648648648443	0.043243243243243246	-0.010270237837837797	0.04272972432432434	2139561
2021-06-28	0.000492475573429781	0.005261652135826656	0.02335348758898666	-0.016355195647366316	0.000492475573429781	1866605
2021-06-29	0.02383422797927465	0.002564740932642429	0.029689095854922284	-0.012512919689119216	0.02383422797927465	2128285
2021-06-30	-0.0010122064469978568	-0.005541502868172971	0.023279305973300368	-0.015688288997319198	-0.0010122064469978568	2001317
2021-07-01	0.051114548159510095	0.0	0.06127153681676402	-0.0045592402601592405	0.051114548159510095	2771117
2021-07-02	-0.06983471548464533	-0.01682011377651631	-0.0024338762668738895	-0.07465422473083888	-0.06983471548464533	2768859
2021-07-05	0.0028497564766839577	-0.010362694300518135	0.012953367875647668	-0.012487064766839315	0.0028497564766839577	1742966
2021-07-06	-0.01575821727060373	0.0025833117656939536	0.012658212152029759	-0.030663897742228444	-0.01575821727060373	1703570
2021-07-07	0.01076117060367456	0.0	0.031496062992125984	-0.019606301837270405	0.01076117060367456	1761175
2021-07-08	0.04528694554214053	0.004933767775635901	0.06361983801163587	-0.005193456164215173	0.04528694554214053	2852131
2021-07-09	-0.03848069919430049	-0.0009440179646838107	0.0	-0.0559447992659035	-0.03848069919430049	2020485
2021-07-12	0.025707304762918673	0.007621785535360914	0.028135936797910478	-0.012504836972117366	0.025707304762918673	2487317
2021-07-13	0.020151133501259445	0.0005038085642317762	0.026675052896725403	-0.007556675062972292	0.020151133501259445	2212838
2021-07-14	-0.033135834567901194	-0.011802466666666605	0.012074111111111124	-0.033135834567901194	-0.033135834567901194	1826969
2021-07-15	0.020200222847445878	-0.004034902325077244	0.03422040054360585	-0.004315777251404862	0.020200222847445878	1816262
2021-07-16	-0.005607124223563092	0.0060077224963760115	0.023505006971513868	-0.014868963299931478	-0.005607124223563092	1526545
2021-07-19	0.006922592825676526	-0.006922592825676526	0.016614237885462575	-0.028319697923222153	0.006922592825676526	1548340
2021-07-20	-0.0025	-0.0075	0.009199982500000061	-0.009974974999999943	-0.0025	1660966
2021-07-21	-0.007844624060150332	0.0020551553884711167	0.005137814536340814	-0.02000002756892228	-0.007844624060150332	2093090
2021-07-22	-0.017303675667563558	-0.005734177959105007	0.00916968966036434	-0.02018336853238911	-0.017303675667563558	1964801
2021-07-23	-0.0646238874887224	0.007634571703203579	0.014652234232621951	-0.09254023191080805	-0.0646238874887224	3880926
2021-07-26	-0.07329343089351661	-0.007914710784946766	-0.005166552089060191	-0.09618555435603009	-0.07329343089351661	4148204
2021-07-27	-0.03247229113089944	-0.0094895794472471	0.007917956381072887	-0.048070909619045074	-0.03247229113089944	2997138
2021-07-28	-0.03947773127328733	-0.005639664511749507	0.011064748634072544	-0.06516278228520872	-0.03947773127328733	3200823
2021-07-29	-0.012444935662056655	0.027506525184974765	0.05941666571866963	-0.024858028194874777	-0.012444935662056655	4329209
2021-07-30	0.05984227847271212	-0.0014540906811587751	0.08388260978832654	-0.009661434967442898	0.05984227847271212	3403585
2021-08-02	0.024390243902439025	0.0022256432926828977	0.042682926829268296	-0.05045728048780483	0.024390243902439025	3030385
2021-08-03	0.05238097023809526	-0.009940464285714242	0.059166681547619	-0.023779732142857075	0.05238097023809526	3349197
2021-08-04	-0.007352958020029014	0.015243167162163368	0.0177318690430113	-0.035633500526580895	-0.007352958020029014	2622495
2021-08-05	-0.017094017094017096	-0.005982923076923098	0.008062641025641073	-0.03133903133903134	-0.017094017094017096	2446100
2021-08-06	0.011594202898550725	-0.004000014492753574	0.02318840579710145	-0.013999962318840629	0.011594202898550725	1386752
2021-08-09	0.04154727793696275	-0.00799429512893982	0.056962765042979896	-0.008595988538681949	0.04154727793696275	2501603
2021-08-10	0.01259968913342508	-0.0004951664374140977	0.021953262723521293	-0.005254481430536492	0.01259968913342508	1546320
2021-08-11	-0.03553571903380886	0.010432585676004075	0.010595588289889756	-0.03825251982526291	-0.03553571903380886	1539161
2021-08-12	-0.011267605633802818	0.007042253521126761	0.030985915492957747	-0.01971830985915493	-0.011267605633802818	2070744
2021-08-13	-0.009373245014245008	0.00022788319088323905	0.011367492877492813	-0.03632478632478633	-0.009373245014245008	1309791
2021-08-16	-0.01305679479310682	0.0008340542621911539	0.0008340542621911539	-0.0356906713100459	-0.01305679479310682	1432361
2021-08-17	-0.010694445496320168	0.0067313515531440314	0.02371997753778103	-0.012151449258475808	-0.010694445496320168	1173402
2021-08-18	-0.033873343151693665	0.006833599410898308	0.006833599410898308	-0.05422681590574378	-0.033873343151693665	1523270
2021-08-19	0.008597582317073096	0.006036618902438996	0.026006094512195047	-0.008841445121951196	0.008597582317073096	1371623
2021-08-20	-0.019406362566215602	-0.003143727640390263	0.01837853476618788	-0.03228339209847115	-0.019406362566215602	1670473
2021-08-23	0.04870535848406959	0.005055533385737379	0.05736749797843717	0.0018804439312043579	0.04870535848406959	1499706
2021-08-24	0.011169864391421551	0.008906522319581738	0.011169864391421551	-0.02298649830735465	0.011169864391421551	1516680
2021-08-25	-0.17732558139534885	-0.04453490406976737	-0.04453490406976737	-0.199680238372093	-0.17732558139534885	9134708
2021-08-26	-0.06021204593639575	-0.008621915194346264	-0.0036042014134275956	-0.07081275265017667	-0.06021204593639575	5578696
2021-08-27	-0.0412091719464677	0.0076703604641045345	0.011430324495687014	-0.04248754467734967	-0.0412091719464677	4837952
2021-08-30	-0.01568627450980392	0.011803960784313814	0.01870583921568631	-0.0392156862745098	-0.01568627450980392	5610624
2021-08-31	-0.00597609561752988	0.0	0.014701203187250968	-0.03482073705179282	-0.00597609561752988	4995320
2021-09-01	-0.03282565931863725	0.002004008016032064	0.002004008016032064	-0.050100200400801605	-0.03282565931863725	3760216
2021-09-02	-0.003439567389992716	0.0019891218929105558	0.0205130207659278	-0.017032037769110633	-0.003439567389992716	3340856
2021-09-03	-0.0019959913838321916	0.0032019461610436825	0.012766163718665414	-0.011185974071622948	-0.0019959913838321916	2510827
2021-09-06	0.06166667916666668	0.004166666666666667	0.07291666666666667	0.002916654166666651	0.06166667916666668	4720266
2021-09-07	-0.00337520011724651	-0.003178956006527234	0.0047095643087570775	-0.030573029467350517	-0.00337520011724651	2455239
2021-09-08	-0.01240454034492755	-0.007639607721197044	-0.0033866267355545866	-0.019414062224036643	-0.01240454034492755	1559396
2021-09-09	-0.03305551749028523	-0.0023525500078466588	0.010327413661995681	-0.05375013109075689	-0.03305551749028523	3373236
2021-09-10	0.032989690721649485	-0.006185567010309278	0.035835059793814406	-0.014391773195876274	0.032989690721649485	2125015
2021-09-13	-0.029940119760479042	-0.005988023952095809	0.003552890219560834	-0.03109777644710583	-0.029940119760479042	1942932
2021-09-14	0.041111131687242786	0.0006584526748970637	0.05761316872427984	0.0006584526748970637	0.041111131687242786	2522572
2021-09-15	3.9507489633843554e-05	0.0	0.006601047341771427	-0.027392414178575904	3.9507489633843554e-05	1445006
2021-09-16	0.016007857707509822	-0.001343857707509935	0.016007857707509822	-0.02418970355731221	0.016007857707509822	2729682
2021-09-17	-0.04687799479687191	-0.011865349707777403	-0.006029908859594986	-0.06243917039202502	-0.04687799479687191	2963449
2021-09-22	-0.027428575510204067	-0.0163265306122449	0.01714284489795917	-0.032612265306122434	-0.027428575510204067	1939309
2021-09-23	0.07776564998222954	0.0033574072660626617	0.07915064663064734	0.00302165940499268	0.07776564998222954	3084052
2021-09-24	0.0007398543728036346	0.0038549511612082075	0.044974833884777285	-0.0170943500416211	0.0007398543728036346	3408986
2021-09-27	0.03758756420233469	0.013618677042801557	0.03887155642023338	0.00027240077821002144	0.03758756420233469	2672745
2021-09-28	-0.010875249218101686	-0.01365039730517669	0.0012374784183981434	-0.03780100820819007	-0.010875249218101686	1717853
2021-09-29	0.022785785457014453	-0.012473494370886616	0.036510481630630746	-0.01910831365224773	0.022785785457014453	1998030
2021-09-30	0.050228040747705135	-0.007228313302114692	0.05830897298216515	-0.007228313302114692	0.050228040747705135	2096314
2021-10-08	0.002400088180147562	-0.00010588027410283725	0.02315402314669577	-0.02664837573578052	0.002400088180147562	2082911
2021-10-11	-0.07042253521126761	-0.014366151408450763	-0.0038732605633803084	-0.08059864436619721	-0.07042253521126761	2460406
2021-10-12	-0.011287920454545419	-0.006780337121212112	0.0025757310606061533	-0.025795446969696996	-0.011287920454545419	1637112
2021-10-13	-0.02995936069861689	-7.658034189867958e-05	0.007432388635952293	-0.060991432345819316	-0.02995936069861689	2101202
2021-10-14	0.006240134355135903	0.0	0.020023665324135107	-0.008609767084633875	0.006240134355135903	1448913
2021-10-15	0.04011304278245168	0.01055813647287133	0.07932330276836203	-0.010911370637064818	0.04011304278245168	1774219
2021-10-18	-0.03720755094339627	0.01509433962264151	0.01509433962264151	-0.06392453584905658	-0.03720755094339627	1948985
2021-10-19	0.0517755234450715	0.0033315278017227224	0.05518539646933226	-0.008309144031939848	0.0517755234450715	1433810
2021-10-20	0.021240849161747278	0.013601616986734826	0.03782371445149136	-0.001192498575908481	0.021240849161747278	1604796
2021-10-21	-0.0038313740046578104	-0.010508940434618818	0.0016055538013743417	-0.03302312861257992	-0.0038313740046578104	1253002
2021-10-22	-0.03153840659340657	-0.02564102564102564	-0.013846150183150092	-0.04699628937728944	-0.03153840659340657	1732606
2021-10-25	-0.03362462459106107	-0.0012860810950066344	0.009115219423093492	-0.051893098156524604	-0.03362462459106107	2261823
2021-10-26	0.0015655342465753128	0.0	0.0015655342465753128	-0.025440313111545987	0.0015655342465753128	1811311
2021-10-27	-0.01176238792721505	-0.011371586823874626	0.0006643728174529895	-0.025674060781728604	-0.01176238792721505	1279815
2021-10-28	0.03780304890586055	-0.008264447025443602	0.04741194213852638	-0.015026307940315092	0.03780304890586055	1671073
2021-10-29	0.12509043817456544	0.02876733722534554	0.13804526326331434	0.02876733722534554	0.12509043817456544	4611080
2021-11-01	0.01598483140065313	0.010193748341214342	0.026144679714659662	-0.02387560289852204	0.01598483140065313	2905915
2021-11-02	-0.03	-0.006666666666666667	0.007400003333333416	-0.03906667000000008	-0.03	2064676
2021-11-03	-0.022749123711340264	0.0	0.012989687285223282	-0.027285230240549803	-0.022749123711340264	1759026
2021-11-04	-0.007173531767818901	0.005766875206293167	0.01582389732358293	-0.014347060019216182	-0.007173531767818901	1863792
2021-11-05	-0.00630444862654166	-3.545016696808405e-05	0.014663225397226419	-0.012396401677359236	-0.00630444862654166	1495650
2021-11-08	0.042272651427663524	0.006914749122574461	0.045088370010609974	-0.017750253191832394	0.042272651427663524	1945444
2021-11-09	-0.010019912693184942	-0.004856073240103382	0.020757734526193304	-0.021339237133540374	-0.010019912693184942	1344777
2021-11-10	-0.037963281562861564	0.005216104363401383	0.005216104363401383	-0.047255492322895075	-0.037963281562861564	1646180
2021-11-11	0.007432700179533126	-0.004847418312387819	0.016014330341113114	-0.00951523877917412	0.007432700179533126	1437238
2021-11-12	0.005274908090942199	-0.0007485547091994792	0.01892575067726326	-0.0063086536544869915	0.005274908090942199	1355851
2021-11-15	0.019251988055393948	0.005353696380940894	0.044070283739916366	0.004254607520139357	0.019251988055393948	1371744
2021-11-16	-0.019062233165143404	-0.0011479650319061593	0.010922442882472364	-0.023932116101108618	-0.019062233165143404	991753
2021-11-17	0.01666670921985821	-0.003120585106382918	0.027553152482269538	-0.0033688368794326778	0.01666670921985821	1172632
2021-11-18	-0.03732128200957318	-0.003069427845018854	0.0149982135333848	-0.040355795311232956	-0.03732128200957318	1435682
2021-11-19	-0.008586938405797164	0.0	0.010507224637681133	-0.00971011956521748	-0.008586938405797164	928801
2021-11-22	-0.017724686296738575	0.005006742590236101	0.008661312563291505	-0.036764966619797446	-0.017724686296738575	2824635
2021-11-23	0.00837115859949088	-0.003646145560109145	0.008445527972488792	-0.01741198384333638	0.00837115859949088	1736097
2021-11-24	-0.019075430834503235	-0.0038003136324402794	0.0020661808732103117	-0.020514326902978556	-0.019075430834503235	1039305
2021-11-25	0.02689394945990096	0.0012036711730049553	0.03603406883514267	-0.006958455970724486	0.02689394945990096	1486059
2021-11-26	-0.005530969358962415	-0.0019779824190329053	0.000952269112769847	-0.020182446790137924	-0.005530969358962415	942165
2021-11-29	-0.016574585635359115	-0.014180500920810342	-0.002615068139963176	-0.030018394106813968	-0.016574585635359115	1310290
2021-11-30	0.014382007490636648	-0.003370764044943792	0.014606719101123567	-0.003370764044943792	0.014382007490636648	1688059
2021-12-01	-0.01148273905601444	-0.010485881117794674	0.007975203189709157	-0.021525572611513267	-0.01148273905601444	1430494
2021-12-02	-0.02812534527554319	-0.007470212220624008	0.00463149422572591	-0.02812534527554319	-0.02812534527554319	1419161
2021-12-03	-0.024711789790386383	-0.002305941477051152	0.004919288781585356	-0.029323615096528168	-0.024711789790386383	2270579
2021-12-06	-0.014934814754544435	-0.0007487173306739305	0.0009063167292222602	-0.03022421042323029	-0.014934814754544435	1886069
2021-12-07	8.00224030726048e-05	0.010040839427807641	0.012040999472613787	-0.010440839434208211	8.00224030726048e-05	1240972
2021-12-08	0.017479979999999954	0.004	0.02132000800000003	-0.007719971999999985	0.017479979999999954	1706688
2021-12-09	0.0607383429794854	-0.0017690647829748797	0.06887612668310197	-0.007233541833422551	0.0607383429794854	3282578
2021-12-10	-0.018864412823175063	-0.010117896854105376	-0.0036691867701269414	-0.036061117587918495	-0.018864412823175063	2991146
2021-12-13	-0.03297703561082083	-0.011899006040535289	0.010387942000274385	-0.03463911388573162	-0.03297703561082083	2326957
2021-12-14	0.00937497656249997	0.006601570312499971	0.03660154296875007	-0.001953125	0.00937497656249997	2455864
2021-12-15	-0.026625348915449248	-0.005611385579211652	0.0023220046978793957	-0.028637748342981745	-0.026625348915449248	1569580
2021-12-16	0.01176841584337761	0.0006360885713090078	0.025007927401273448	0.0006360885713090078	0.01176841584337761	1210471
2021-12-17	-0.029786239072402403	-0.0037330910677945634	0.005462114986829805	-0.03159381533470319	-0.029786239072402403	1563422
2021-12-20	-0.01717290442704509	0.00267316328893882	0.011583641431761278	-0.025232872221130957	-0.01717290442704509	1959315
2021-12-21	0.01623671777405897	0.0	0.024932015578471696	-0.008901359780740739	0.01623671777405897	1219287
2021-12-22	-0.0015409772536664546	0.0	0.010178406078384295	-0.01074618384234756	-0.0015409772536664546	1523207
2021-12-23	0.05316382481860201	0.009584928074141349	0.08070016618999197	0.0011777840907408947	0.05316382481860201	2966721
2021-12-24	0.00111838341073143	0.0	0.009525282553895079	-0.026994716956497758	0.00111838341073143	1556362
2021-12-27	0.01771959126996325	-0.011710354120716008	0.02272724908950885	-0.013482280119824034	0.01771959126996325	1508961
2021-12-28	-0.002346801558812943	0.0010597993462618588	0.006358792292560409	-0.021196085335529836	-0.002346801558812943	1361542
2021-12-29	-0.009636459994210483	-0.002769485681779054	0.00796724373463152	-0.016958806512119687	-0.009636459994210483	1576317
2021-12-30	0.007508393090807786	-0.0018388407272847988	0.01708546907075843	-0.00666572532948393	0.007508393090807786	1372535
2021-12-31	0.0076045627376425855	0.0033460266159695165	0.01825090494296572	-0.017984832699619736	0.0076045627376425855	1605115
