2019-07-29	0.02697285156702924	0.07935007736588989	0.11354730753985871	0.07400676015120738	0.0985860193387473	198419330
2019-07-30	-0.004863743890272916	0.06452931102892957	0.07597586276042338	0.05100156807352765	0.06452931102892957	180915589
2019-07-31	0.009775240164293285	0.06973221455168344	0.1011026607262195	0.06554948839507853	0.08018902994319546	203908274
2019-08-01	0.024201317582761617	0.054198760788321136	0.10183446117757738	0.049020967267749925	0.09562110895289175	288884367
2019-08-02	0.14555768940275574	0.04647713331188474	0.2820608744342704	0.04344386625880687	0.22543988944348237	602930307
2019-08-05	0.0363037259070857	0.06973214948465298	0.11209777916721353	0.027366519802092582	0.10856731002700024	405434993
2019-08-06	-0.04219752261640109	0.05440149598961207	0.1727874474779448	-0.016289395906298923	0.024592083744348278	552891584
2019-08-07	-0.01662513118223811	0.09374108000796037	0.10885782664221673	0.00748670215367401	0.05194772166619272	335031891
2019-08-08	-0.051563802831815185	0.06068962187093179	0.07334917405012438	0.010955666881246093	0.01457268178958695	222879402
2019-08-09	-0.023172857940048613	0.0802197088707776	0.08880044795271669	0.039222844368179716	0.04494333708947249	192372048
2019-08-12	-0.037408804363569935	0.07363621847364842	0.07363621847364842	0.0092180453652295	0.029714736808817418	180268648
2019-08-13	0.018957377207425262	0.06567628060118332	0.09710916804041902	0.06060646004646799	0.0900114192638174	137280454
2019-08-14	-0.007441852596886663	0.08366349909868848	0.08664879799427708	0.058786008302116194	0.0617713071977048	124196210
2019-08-15	-0.008434942844023696	0.04166040066329405	0.06772697469336683	0.03564503742558489	0.060709050916039516	107584436
2019-08-16	-0.0009451660137390058	0.06973218071881555	0.08590960500189784	0.0677100026834303	0.06872109170112294	87541336
2019-08-19	0.0037842407907394144	0.07276830289471335	0.07580443960101925	0.05050330038180432	0.07378034846348192	115891658
2019-08-20	-0.007540049423443603	0.07074045432868503	0.07477337506061991	0.05964992231586444	0.061666382681831784	79522076
2019-08-21	-0.03608736044845446	0.06871632641969369	0.07582755672857	0.02198538438993531	0.031128394787061954	149492546
2019-08-22	-0.00394083021336876	0.07078612986274974	0.07921751671206273	0.051815509451795534	0.06551651308192905	75759364
2019-08-23	-0.03363011434600754	0.07184833208548884	0.07608070457151239	0.026350327860734466	0.03375697971127588	130777270
2019-08-26	0.005117743353399204	0.05768812806391504	0.0927254159500903	0.05330846707814303	0.07520677200700267	75613502
2019-08-27	0.008146522368295415	0.07626819906342878	0.08280424075814583	0.06428545595644716	0.07844687962833446	64952498
2019-08-28	-0.010100866029322288	0.06973228166764134	0.07189335698414158	0.055685292110389396	0.05892690508513995	55421688
2019-08-29	-0.01836730060302338	0.06973212597689467	0.07082368937074862	0.044626167918253225	0.05008398488752298	80929017
2019-08-30	-0.014553137773262573	0.07418002590041535	0.0775159887137706	0.053052261415831664	0.05416424902028341	73268462
2019-09-02	0.010548484878917777	0.0742458472555557	0.08665835179317256	0.069732209241877	0.08101630427607397	52955557
2019-09-03	0.05323592888938108	0.07084888055534952	0.1467797709388362	0.0674989883325487	0.12668041760203091	164310316
2019-09-04	-0.013875031315377243	0.062310895143235456	0.0771535623408456	0.05064879948797046	0.05488956154443039	81401129
2019-09-05	0.008040192685096483	0.07403255899062013	0.09445960465710834	0.06650680532401915	0.07833298965724914	98591305
2019-09-06	-0.01096704745077924	0.06653253953449476	0.07293173477170177	0.0537341490600809	0.058000279218218785	63090891
2019-09-09	0.003024149848760104	0.07620223543811025	0.07943731229814459	0.0697320817180414	0.07296715857807573	49933327
2019-09-10	0.004020042587164949	0.07188234365730561	0.08908406632382207	0.0675819129906764	0.07403255899062013	64975353
2019-09-11	-0.011010960096954767	0.0686613870368161	0.07080299302286178	0.05581175112054165	0.05795335710658752	60973184
2019-09-12	-0.021255079468213357	0.07189758462496083	0.0740630342908698	0.044829463801098195	0.046994913467007154	73502447
2019-09-16	0.0010342219153272455	0.07194463146012578	0.0819007735479907	0.06862591743083753	0.07083839345036302	34154550
2019-09-17	-0.02685955733205737	0.07083714821369665	0.07304733840608832	0.03989448552021528	0.04099958061641102	57684077
2019-09-18	-0.018046789537474767	0.07541009520502251	0.0776812886479053	0.045884580447545675	0.05042696733331125	55203132
2019-09-19	0.014054083809643568	0.07088866643598997	0.10326974922239132	0.055854592285160855	0.08476627334444783	57179790
2019-09-20	0.008528776137445796	0.08227700132861201	0.09140051661905343	0.0731534860381706	0.07885568309469655	47033295
2019-09-23	-0.020084504318789255	0.06520899637975947	0.07086297194440795	0.04259309412116593	0.048247069685814215	36301003
2019-09-24	0.01618122715928653	0.06857813677592439	0.09742743852473444	0.06742416470597201	0.08704168989516284	48891005
2019-09-25	-0.02017001472755373	0.06859651487637394	0.07541009520502251	0.04702017716898707	0.04815577389042846	35877991
2019-09-26	-0.05200428773735628	0.06973228993291514	0.07436818284703385	0.014101574963489384	0.014101574963489384	73466274
2019-09-27	0.00685716702872519	0.06484203355731698	0.088070505012643	0.06484203355731698	0.07706754484959383	31072045
2019-09-30	-0.039727498771811524	0.06973221239320589	0.06973221239320589	0.02723433789404338	0.02723433789404338	41901725
2019-10-08	-0.018912509821683465	0.07226103689159628	0.07605441320135421	0.04950077903304829	0.04950077903304829	30387058
2019-10-09	0.006024138311462672	0.06715443013437891	0.08262043636821062	0.060710260870282556	0.07617626710411404	22691280
2019-10-10	0.009580699625260715	0.07357540195342054	0.08254321557355632	0.06716982079618047	0.07998098311066038	26084275
2019-10-11	-0.007117462559690239	0.07353907637824474	0.07353907637824474	0.05958053046788915	0.062118447906135535	22426832
2019-10-14	0.013142241923585585	0.07612250312740115	0.09145916587981057	0.07228833743929886	0.08379083450360597	32289430
2019-10-15	-0.015330094366018458	0.06847067912097293	0.06847067912097293	0.05207148333753405	0.05333295993626008	20984170
2019-10-16	-0.019161783585390803	0.07229428572197234	0.07741875064776445	0.04795307732446049	0.049234193555908454	34426469
2019-10-17	-0.010988853103437933	0.06973216988966473	0.07626289131756264	0.056670727033869106	0.05797687131944864	31981897
2019-10-18	0.0037035178334888677	0.06973199911780116	0.10142776205462492	0.06444937196166398	0.07369396948490427	46021142
2019-10-21	-0.028290271897503598	0.06973219721545959	0.07104798097587219	0.027627116882255616	0.03946917072596929	41177200
2019-10-22	0.0012658046159891832	0.07244036784704617	0.07650264196767896	0.061607636858692166	0.07108627647350196	20594742
2019-10-23	0.039191011977484556	0.06837982498586093	0.1224750059978033	0.06161792735936803	0.11165596979541481	65457828
2019-10-24	-0.015815116980148952	0.05801969165948636	0.07233484123913493	0.0515128054869187	0.052814182721432186	35155194
2019-10-25	-0.011124817375305856	0.06576525317015582	0.07237670015011942	0.051220069814235526	0.057831516794199254	24928928
2019-10-28	0.012500086915732487	0.07106925606016602	0.08978956765172955	0.0670577607191168	0.08310374208331393	30366077
2019-10-29	-0.02222242765772278	0.07633528306297287	0.07633528306297287	0.04463952012614909	0.045960176915183386	31249401
2019-10-30	-0.01388882510715554	0.06973222387334367	0.07648558387254405	0.0535241598752627	0.054874831875102746	26032031
2019-10-31	-0.02560823723892412	0.07110185014353723	0.07247154560407881	0.04096855001162177	0.04233824547216347	36878070
2019-11-01	0.003942124817084284	0.07254358701870837	0.08097774366629985	0.06551512314571555	0.07394927979330691	18946510
2019-11-04	0.005235667337909629	0.0781333004012616	0.08933468534049549	0.07393278104904885	0.07533295416645307	21051309
2019-11-05	-0.011718721163021818	0.07391083364313315	0.07391083364313315	0.04883898538687327	0.05719626813895985	27391226
2019-11-06	-0.005270016464573212	0.06691336748019878	0.07959793855988408	0.06127578033367197	0.0640945739069353	20843563
2019-11-07	0.0013244841695237912	0.07114894326056033	0.07681639798680669	0.06264776117119086	0.07114894326056033	25177236
2019-11-08	-0.006613802657067366	0.07256207912904562	0.07539205822964991	0.06265715227693039	0.06265715227693039	22080813
2019-11-11	-0.051930724089014904	0.06688332897226375	0.06688332897226375	0.011331326529115086	0.014180147167225337	41823912
2019-11-12	-0.018258464105078847	0.07273697571107139	0.07574184118925373	0.041185888190157526	0.050200484624704424	27051871
2019-11-13	0.0	0.06973215070031492	0.08044477595768565	0.05901952544294405	0.06973215070031492	25966827
2019-11-14	-0.004291936790613864	0.0682017756635477	0.07126252573708215	0.04371577507527151	0.0651410255900131	32584124
2019-11-15	-0.037356248965425894	0.0635843622974099	0.0666583055410441	0.02977098661743447	0.02977098661743447	38423708
2019-11-18	-0.0179105097193949	0.07132878298008219	0.07132878298008219	0.04897617051850079	0.050572785694328	30585824
2019-11-19	0.010638308249358842	0.06648076953090445	0.08111236545434686	0.06485503665052202	0.08111236545434686	22828258
2019-11-20	-0.013533801688375332	0.07134084419406451	0.07134084419406451	0.05364602544611446	0.05525464533229169	23331951
2019-11-21	-0.02134148330108909	0.0713628779448619	0.0713628779448619	0.04364115964187462	0.04690253826575541	30567684
2019-11-22	0.004672830234831133	0.07139845991886687	0.0897272049563592	0.06806596082114107	0.07473095901659281	28088659
2019-11-25	-0.0015501996336042539	0.07304928099064173	0.07304928099064173	0.05812278403713979	0.06807378200614118	17090900
2019-11-26	0.001552606483606272	0.07305422960270917	0.08468175221450328	0.06807100562622595	0.07139315494388147	22922620
2019-11-27	-0.004651096450711134	0.06807378200614118	0.07304928099064173	0.05812278403713979	0.06475678268314067	15047206
2019-11-28	0.0015576100782769455	0.07139845991886687	0.08306220676090746	0.06639971127227817	0.07139845991886687	21363178
2019-11-29	0.004665729472537253	0.07139589242785976	0.0780505253000825	0.06474125955563702	0.07472320886397106	15508789
2019-12-02	-0.009287957482287746	0.06973212814596046	0.07304399231978703	0.05814060353756764	0.059796535624481006	17980255
2019-12-03	-0.018749897623289134	0.0647177929553457	0.06638924945920022	0.04466031490909114	0.04967468442065482	25138198
2019-12-04	0.0	0.06632526088771742	0.07654563080037934	0.06291847091683023	0.06973205085860479	16082926
2019-12-05	0.0015921632928941676	0.06973205085860479	0.07313884082949199	0.06462186590227383	0.07143544584404839	19891641
2019-12-06	0.007949182105505178	0.06973225741057446	0.08333775512008892	0.06803157019688519	0.07823569347902096	20445594
2019-12-09	0.05520509921428677	0.07479402171556362	0.14397228684953242	0.06973219743746831	0.1287868140152466	70453087
2019-12-10	0.053811684289264555	0.05534112942607664	0.16567224750243928	0.05534112942607664	0.12729620643240008	127557995
2019-12-11	-0.02695042133030677	0.06366271725614463	0.09097502668640235	0.04090245939759667	0.04090245939759667	57696492
2019-12-12	-0.0029154100692051653	0.07129156907569527	0.08532595644349912	0.06349468720469315	0.06661343995309395	32595224
2019-12-13	0.0	0.08224363493732688	0.08693544260324018	0.05565672483048504	0.06973214782822482	33849688
2019-12-16	0.01023392727447891	0.0728600196055004	0.08537150671460246	0.0728600196055004	0.08067969904868916	27372626
2019-12-17	0.02026050996344804	0.0712802309630639	0.09450162325272575	0.06508785968582076	0.09140543761410411	50750623
2019-12-18	0.02411327932071248	0.06973211935175744	0.1289087897839824	0.06973211935175744	0.09552707825811187	71979194
2019-12-19	-0.0124651966588793	0.07417719508480221	0.07417719508480221	0.04750796817235199	0.05639771047650202	35492353
2019-12-20	-0.012622689123539744	0.07273278301391412	0.08023441086715825	0.05622920173677693	0.05622920173677693	23263303
2019-12-23	-0.0369318928620759	0.06973209744833944	0.06973209744833944	0.030224946122122395	0.030224946122122395	34907588
2019-12-24	0.01622427140272971	0.07130995647704698	0.0902432694044764	0.07130995647704698	0.08708771724990476	18653705
2019-12-25	0.008708147119990996	0.06973209343776031	0.09302089082755197	0.0650743339598021	0.07904761239367702	25583731
2019-12-26	0.002877656649201461	0.0697322267838477	0.0774281420844509	0.06357549454336513	0.07281059290408894	16887046
2019-12-27	-0.008608198507930664	0.07126703725139286	0.08047563642547353	0.06052367154829862	0.06052367154829862	25878933
2019-12-30	-0.007235940646740532	0.06353976686651	0.06508785968582076	0.04651074585409131	0.06199167404719925	24194877
2019-12-31	0.0087463861452528	0.07285094544989566	0.08220720369509832	0.06973219270149487	0.07908845094669739	18216864
2020-01-02	0.018786166260802286	0.0790072947385719	0.09291999624666235	0.0759155832923295	0.08982828480041995	40275805
2020-01-03	-0.0014184192697447337	0.07428417092346708	0.07428417092346708	0.0651800677800478	0.06821476882785427	26351014
2020-01-06	-0.00426145407286069	0.06669308580786114	0.07429061490905683	0.0560565450661874	0.06517357998762205	31650544
2020-01-07	0.01711846192958936	0.06820618576838061	0.08804430064693623	0.06820618576838061	0.08804430064693623	38669371
2020-01-08	-0.005610167406327141	0.06373082959002106	0.06373082959002106	0.06373082959002106	0.06373082959002106	48701812
2020-01-09	0.0211565570435077	0.0787849471629239	0.09538163865773804	0.07425857675524726	0.0923640583859537	53813786
2020-01-10	-0.008287321796872341	0.07564233060369388	0.07859739195150617	0.056434431842913656	0.060867023864632074	32146245
2020-01-13	-0.001392737739795847	0.06824236139667095	0.06824236139667095	0.06824236139667095	0.06824236139667095	26289424
2020-01-14	0.008368230176534172	0.07868395186831643	0.07868395186831643	0.07868395186831643	0.07868395186831643	43652804
2020-01-15	-0.016597420125553708	0.06381388968087212	0.07121176095820779	0.05049772138166777	0.051977295637135004	27659819
2020-01-16	0.0042193483390715976	0.07123663436707665	0.08026390937578791	0.06220935935836525	0.07424572603664703	33096486
2020-01-17	0.05322127214824997	0.06973215345172899	0.13865047146122414	0.06823392914717478	0.12666467702479017	138845202
2020-01-20	0.010638287279134722	0.05835204060657798	0.10102752611490771	0.034169265485191	0.08111229954435374	96205933
2020-01-21	-0.03421045742029573	0.055656757850074824	0.08099252003847658	0.033136080349273206	0.033136080349273206	66233170
2020-01-22	-0.03269765887525688	0.0493284953460095	0.0493284953460095	0.0026916733306312575	0.034754488466203735	109437183
2020-01-23	-0.047887241183184076	0.05617224195534994	0.0667188977238057	0.009465623552189016	0.018505614210865277	66054626
2020-02-03	-0.1982248459846829	-0.10433670356978793	-0.060028271944265035	-0.14389780323543333	-0.14231535924880756	134909668
2020-02-04	0.07564585077157886	0.08749520643560313	0.16249487584495503	0.08749520643560313	0.1506528227803206	90427043
2020-02-05	0.048027298533953294	0.07890640725450788	0.1596409003143691	0.07340178272769912	0.1211085286267081	90806401
2020-02-06	0.01964000273123112	0.07148297094915534	0.11175112181815947	0.05047350093054443	0.09074165179954871	81891358
2020-02-07	-0.0016052849917443936	0.06286384628275822	0.0766003741830199	0.042259054432365474	0.06801504424535629	72156639
2020-02-10	0.12379433691991752	0.06973226940261297	0.2021589329781777	0.06113313540419972	0.2021589329781777	149494406
2020-02-11	-0.04434904426548583	0.07126252573708215	0.07126252573708215	0.011577899303159047	0.022290524560529778	97339301
2020-02-12	0.025449055288816445	0.05852235403841498	0.11296979736262994	0.05692095864652619	0.0969558434437431	72089205
2020-02-13	0.008759154408733271	0.07597878151103024	0.11970506000494734	0.06660886469090523	0.07910208711773868	110037030
2020-02-14	-0.018813352795956296	0.06044358122788836	0.06973213814375315	0.02948172484167275	0.049606931492712954	74019025
2020-02-17	0.03392329010489844	0.07288773255433273	0.11233213448647732	0.06973218039976123	0.10602103017733418	72455205
2020-02-18	0.011412257086098384	0.06820618576838061	0.08804430064693623	0.06362815925794466	0.08194026529968834	70034050
2020-02-19	-0.012693904050301791	0.06973220634757062	0.07425857675524726	0.04559156417329538	0.05615309512454083	71473104
2020-02-20	0.0014285509071786128	0.06667579504787358	0.07737311677471463	0.05139390686667187	0.07126036150223397	62650863
2020-02-21	-0.007132717904142828	0.0712582034420045	0.07278421227881657	0.06057614158432078	0.06210215042113272	53530356
2020-02-24	-0.02155172347544321	0.0635843622974099	0.0666583055410441	0.03899281634833681	0.046677674457422116	64062589
2020-02-25	-0.019089458362046733	0.04145738687817098	0.06344894557544754	0.022607479423362442	0.04931151498434117	65807484
2020-02-26	0.02095810205180392	0.05692095864652619	0.12898375128151665	0.05051537707897148	0.09215165726807717	107615416
2020-02-27	-0.016129113214046174	0.06502653625764415	0.0869858462835749	0.05090983695526008	0.05247835909996939	52453459
2020-02-28	-0.06855436933787241	0.047412890161301575	0.058572540436992664	-0.00519688970981404	-0.003602653956143904	73443096
2020-03-02	0.11039995317140494	0.07657844542757102	0.2015231616695625	0.07657844542757102	0.18783059002660465	129785372
2020-03-03	0.0028818030690831793	0.08977041604721618	0.09747742040398573	0.06356660123419969	0.0728150064623231	108074369
2020-03-04	0.0014367610720746142	0.06051041905377583	0.0789540785155805	0.05282556094469038	0.07126922040649519	57635868
2020-03-05	0.03586795421300322	0.08661470254152737	0.1265186322958772	0.07894086989646011	0.10810143394771572	122539633
2020-03-06	-0.024930541480130224	0.051952839324426944	0.0608425816285771	0.03861822586820183	0.043063097020276914	68218318
2020-03-09	-0.007102322154379652	0.04845901596499184	0.10012221385312184	0.04542000432451353	0.06213456834714388	89517725
2020-03-10	0.017167441087447787	0.05136765025910778	0.09268777625182374	0.03300314981790064	0.08809665114152206	86439793
2020-03-11	0.008438696678143329	0.06973208853229146	0.12540028441934462	0.06521845102793576	0.07875936354100273	149112194
2020-03-12	-0.026499221497529642	0.0458609270535128	0.0697322178279154	0.03243332599291137	0.04138506003331242	74347476
2020-03-13	-0.01862468003821614	0.02528767058625923	0.06666699361440416	0.013027130429771817	0.04980875089923392	62986297
2020-03-16	-0.033576628429077215	0.08691035113450955	0.09940357356134301	0.03381415582046744	0.03381415582046744	55553773
2020-03-17	0.00302110458732501	0.08427534130030631	0.09720261809673322	0.01802304771861842	0.07296397410343272	51581010
2020-03-18	-0.02409636224998832	0.08100949854530917	0.10195305067807967	0.040733436751519705	0.04395552169502294	51338999
2020-03-19	-0.010802479071300816	0.06973217571143381	0.07963710326431739	0.033414108017527	0.05817642689973617	50100943
2020-03-20	0.009360406958833176	0.08808952506894839	0.09476492092826709	0.0613879416316737	0.07974528024480004	34241139
2020-03-23	-0.057187021090257174	0.0432781883928935	0.04989167928603387	0.008557361203906554	0.008557361203906554	46337578
2020-03-24	0.02131151968254563	0.09252972715516843	0.09954436424765731	0.06622483805833444	0.09252972715516843	31223294
2020-03-25	0.0369181206781449	0.09720516603341264	0.11437582590874	0.09033690208328173	0.10922462794614178	46819512
2020-03-26	-0.017027784056520247	0.06476433188522066	0.06476433188522066	0.04654907892917498	0.05151687518991463	25249053
2020-03-27	0.01732275213921136	0.08152436310512713	0.11184747608938299	0.07647051094108444	0.08826283265718401	58807924
2020-03-30	-0.026315907132016706	0.05814060353756764	0.06807619605904723	0.03992535058152197	0.041581282668435186	31416720
2020-03-31	0.0	0.08503844233377819	0.08673912954746747	0.06633088298319575	0.06973225741057446	22152380
2020-04-01	-0.0015896323386353948	0.06803157019688519	0.08333775512008892	0.06122882134212795	0.06803157019688519	19857930
2020-04-02	0.017515840295818357	0.06632526088771742	0.0884693956984847	0.05951168094594287	0.0884693956984847	23860153
2020-04-03	-0.015649561778119114	0.06470992179069483	0.06973213840291499	0.04629512754588717	0.052991416362180854	20527322
2020-04-07	0.022257573840437358	0.08843981676115689	0.09524256561591413	0.08333775512008892	0.0935418784022247	29602493
2020-04-08	-0.004665563106715276	0.06474125955563702	0.06973223420980397	0.06141394311952558	0.06474125955563702	17327811
2020-04-09	-0.0031249550796065037	0.07641798848232757	0.07808944498618209	0.06638924945920022	0.06638924945920022	18448564
2020-04-10	-0.010971796294836982	0.0730855064712087	0.0781155947827924	0.051288457121012154	0.057995241536457215	24241410
2020-04-13	-0.01267827526631828	0.07312271760106052	0.07312271760106052	0.05277915897355225	0.056169752078137035	13207922
2020-04-14	0.011235964702617939	0.07144917622042182	0.08346863813315081	0.07144917622042182	0.08175157214561812	12585156
2020-04-15	-0.003174557355893972	0.07143008748880376	0.07482606240952905	0.0612421627266282	0.06633612510771605	14295368
2020-04-16	0.0	0.06973205085860479	0.07484223581493558	0.06121507593138662	0.06973205085860479	11887504
2020-04-17	0.017515840295818357	0.07313884082949199	0.10379995056747758	0.06802865587316104	0.0884693956984847	45352862
2020-04-20	0.00312984539273571	0.07140621060698851	0.08479878823957589	0.06638399399476821	0.07308028281106191	21820938
2020-04-21	-0.018720813917666352	0.06472563956133298	0.06639448852616263	0.04469945198337686	0.04970599887786593	23118534
2020-04-22	0.0015899724760781802	0.06633088298319575	0.07483431905164242	0.06292950855581722	0.07143294462426372	16978480
2020-04-23	-0.006349284510534004	0.0697321000284412	0.07143008748880376	0.0612421627266282	0.06294015018699077	22545872
2020-04-24	-0.014376961318074026	0.06802334681947779	0.06973218417438892	0.047517298560543805	0.05435264798018847	28900603
2020-04-27	-0.004862340036468077	0.06453085483734776	0.07319967287348263	0.06279709123012084	0.06453085483734776	13172278
2020-04-28	-0.026058608086687994	0.07147449176393288	0.07495896165584803	-0.0034416109122446413	0.04185649768265345	30859966
2020-04-29	0.0033446126281353903	0.06973223063856228	0.08583187959466101	0.06436568098652931	0.07330993040658415	13607104
2020-04-30	0.026666638140477532	0.07508075140121533	0.10538982731136566	0.07329786458297106	0.0982582800383891	26522433
2020-05-06	0.043831058039740134	0.059312651961438874	0.11835630797240446	0.05583949572549981	0.11661972985443476	55147043
2020-05-07	-0.021772960562981857	0.06474125955563702	0.07139589242785976	0.044777360938968815	0.04644101915702446	33921115
2020-05-08	0.007949182105505178	0.073133631837953	0.08843981676115689	0.07143294462426372	0.07823569347902096	27680170
2020-05-11	-0.007886490952748364	0.06973219743746831	0.07310674695619857	0.057921274121912614	0.06129582364064288	19506257
2020-05-12	-0.006359209629426999	0.07143294462426372	0.073133631837953	0.05442607248737071	0.06292950855581722	17104373
2020-05-13	-0.003199953992959325	0.06288587378461302	0.07315530251683144	0.06117430232924331	0.0663090166953526	12469189
2020-05-14	-0.008025738132326706	0.0645809122702909	0.08175157214561812	0.059429714307692685	0.06114678029522538	17340651
2020-05-15	0.004854472285368479	0.08184887800154639	0.08357983620634883	0.07146312877273162	0.07492504518233649	13047827
2020-05-18	-0.00644130288886221	0.07145465645236193	0.07489984827375223	0.06284167689888638	0.06284167689888638	15922156
2020-05-19	0.009724506696575255	0.07493343648070955	0.08360225451684428	0.07493343648070955	0.08013472730239045	14440708
2020-05-20	0.009630679710873545	0.07316624220795452	0.09548810004587995	0.06286384628275822	0.08003450615808543	32890584
2020-05-21	-0.015898024073567725	0.07143294462426372	0.07143294462426372	0.05102469805999202	0.05272538527368144	22030894
2020-05-22	-0.021001829086203377	0.06800384896144404	0.07491649523303916	0.04208142544296248	0.0472659101466587	23762227
2020-05-25	-0.006600565687120359	0.06443653972334185	0.07326271335288859	0.05737560081970441	0.06267130499743237	13903638
2020-05-26	0.019933445601899358	0.06795517857863166	0.09460963395081055	0.06795517857863166	0.09105570656785329	21791610
2020-05-27	-0.016286586498306322	0.07147449176393288	0.07321672670989046	0.05056767241244149	0.05230990735839907	18651741
2020-05-28	0.0	0.07327435283416153	0.07858759220462773	0.0626478740932293	0.06973219325385084	15342641
2020-05-29	0.0016557824958163153	0.0715032730440062	0.07681651241447238	0.0679611134636955	0.0715032730440062	12725274
2020-06-01	0.02644625118156761	0.07680463793372325	0.10509507177106246	0.07503648581888958	0.09802246331172766	32399661
2020-06-02	0.0	0.06973206054166685	0.0783450400951424	0.0611190809881913	0.06973206054166685	24577248
2020-06-03	-0.0016104549169089109	0.07317725236305717	0.0817902319165327	0.0662868687202767	0.06800946463097177	19999468
2020-06-04	0.006451693049656569	0.06973222014467965	0.08353521653364328	0.06628147104743867	0.07663371833916147	25373777
2020-06-05	-0.0032052534819438827	0.06801782064020727	0.06973213495905187	0.05944624904598397	0.06630350632136252	16333580
2020-06-08	0.0	0.07145209620229576	0.07833140340102623	0.06457278900356511	0.06973226940261297	16156946
2020-06-09	-0.004822910294350122	0.06801244260293035	0.06973226940261297	0.06285296220388234	0.06457278900356511	13546363
2020-06-10	-0.00969325823434412	0.06800384896144404	0.06973201052934294	0.05763487955405145	0.05936304112195019	14849784
2020-06-11	0.0065253666145120934	0.06798715483684747	0.0836928482903305	0.0662420777864605	0.07671254008878246	17748663
2020-06-12	-0.009724506696575255	0.050660745979532136	0.06626461844457482	0.04892698237230522	0.05932956401566702	14490585
2020-06-15	-0.008183363651165749	0.0697321817809378	0.0767353384538081	0.06097823593984981	0.06097823593984981	15301186
2020-06-16	0.008250883632372908	0.07502794807879791	0.08208888698243534	0.07326271335288859	0.0785584175306167	13673565
2020-06-17	-0.0032732754288996233	0.07323376011737287	0.07323376011737287	0.0627290251080675	0.06623060344450257	14633211
2020-06-18	0.0016420124735333753	0.06973213134554035	0.07675828655963259	0.06621905373849432	0.07148867014906338	15508296
2020-06-19	0.0032786413770294256	0.07148581587770128	0.07499313442394571	0.06973215660457889	0.07323947515082349	16698068
2020-06-22	0.02777772922420991	0.08721149130108444	0.12217006015320937	0.08721149130108444	0.09944699039932821	61990856
2020-06-23	-0.0031796048147135748	0.07143294462426372	0.07993638069271024	0.06292950855581722	0.06633088298319575	23618478
2020-06-24	0.023923443343433604	0.0714383206398603	0.10385444817514262	0.06973220866431902	0.09532388829743675	60085632
2020-06-29	-0.010903270547939508	0.06639971127227817	0.0913934545052221	0.05640221397910048	0.05806846352796338	51041334
2020-06-30	0.009448682005894125	0.07815512832909878	0.08489359788115565	0.06973204138902757	0.07983974571711296	29651624
2020-07-01	0.0	0.06973218645582205	0.0714010354206517	0.058050243702014274	0.06973218645582205	28181570
2020-07-02	0.018720813917666352	0.06806333749099241	0.09309607196343746	0.06472563956133298	0.08975837403377818	44038329
2020-07-03	0.006319118947003483	0.046797585714538355	0.056626671026412036	0.03696850040266482	0.04352122394391389	50996660
2020-07-06	0.12715838399610865	0.043480072786397865	0.18347895930688174	0.043480072786397865	0.16882791304311018	155244228
2020-07-07	-0.004178203785426619	0.049966868995908124	0.06440932936724118	0.023970440327508787	0.032635916550308654	128240457
2020-07-08	0.002797204622762472	0.031167359767765503	0.047120722577112	0.01666430266835944	0.03986919402740904	75122448
2020-07-09	0.041841031414941415	0.031183539823136788	0.11506663282417738	0.023952238702357454	0.08035638744443642	126879469
2020-07-10	-0.03480591197011532	0.03002766637653758	0.038356731064218545	-0.0032885923741860367	0.0008759399696544462	77044029
2020-07-13	0.029126304354735857	0.04128328672727688	0.08730685741135533	0.02546268430462484	0.06717154523707101	88877743
2020-07-14	0.010781537432955178	0.048148738734672084	0.08867715663241274	0.03277589056656351	0.048148738734672084	115001488
2020-07-15	-0.05066656343067931	0.032820748221253145	0.049412246184646784	-0.018336370499210546	-0.015571120838644878	86880184
2020-07-16	-0.058988798409826335	0.03842492639271277	0.04279417573237359	-0.03002664659530613	-0.02420098080909175	80092205
2020-07-17	-0.010447690276376815	0.036968547815316305	0.05244569032002246	0.016848262559198246	0.026134548062021912	38226642
2020-07-20	0.0271491797235282	0.04635280357643081	0.07294173879436701	0.032276308461052707	0.06512146373026802	49126600
2020-07-21	-0.001468353651675028	0.0415367600806369	0.07503648043410764	0.03240047271150857	0.0354459018345513	57484419
2020-07-22	-0.020588247852560176	-0.017929796009989007	0.026293862244219566	-0.022504657208700277	0.015619186113893315	109854544
2020-07-23	-0.015015024366425388	0.02762649264694315	0.03696855167100635	0.008942374598817032	0.021398453297567732	50061078
2020-07-24	-0.07012199555747495	0.021161113931862256	0.03222632724072149	-0.04997240019651827	-0.03574569737084219	119571739
2020-07-27	0.0065573815080616936	0.043768405130376616	0.05056819930060709	0.033568713875030985	0.043768405130376616	28922667
2020-07-28	0.01140074361120105	0.0420352282217593	0.055546219835655705	0.04034635427002228	0.0487907240287075	26038914
2020-07-29	0.019323515807507876	0.03362883874555196	0.05867638734197074	0.026949492453173594	0.05700655076887619	36806973
2020-07-30	-0.011058214241658966	0.03369230796953825	0.04515957604527011	0.025501402201158426	0.025501402201158426	30572726
2020-07-31	0.007986975941670036	0.040281419314911804	0.05684641006833391	0.033655423013542934	0.045250916540938345	33421410
2020-08-03	0.03011103946002699	0.04025541968143537	0.07640963647921033	0.03696867269981938	0.06819276902517059	58241341
2020-08-04	-0.012307700161655458	0.04015924008390818	0.04334991259950306	0.021015204990339438	0.02420587750593418	38608995
2020-08-05	0.003115266810237864	0.04665987091517973	0.04665987091517973	0.033738144113757744	0.04019900751446874	27969078
2020-08-06	-0.00931677618707957	0.033748174436148255	0.0369685737334572	0.0160359783009494	0.027307375841530503	33066912
2020-08-07	-0.02351090580505735	0.03371789481075254	0.03371789481075254	0.004461727976485862	0.012588440986004472	43053772
2020-08-10	0.016051207269365694	0.03863298588507766	0.06526460090777197	0.03530403400724079	0.053613269335343175	44178792
2020-08-11	-0.022116756119548567	0.03696867027689028	0.03860685143056621	0.012395952971750637	0.01403413412542672	42861411
2020-08-12	-0.006462039330088278	0.035293282001995795	0.04031897754569485	0.02189142721879843	0.030267586458296896	40478491
2020-08-13	0.006504068878989914	0.04371302848931911	0.05382979451667916	0.04202690081809231	0.04371302848931911	28713339
2020-08-14	0.004846445735973728	0.0453446730893939	0.0453446730893939	0.03194281830619653	0.04199420939359448	26084865
2020-08-17	0.011254110155073436	0.038635749442379366	0.053640118214420135	0.033634293185032395	0.048638661957073163	44387893
2020-08-18	-0.001589908466509835	0.03861710275945728	0.04191429991107468	0.03367130703203125	0.03531990560784003	30911009
2020-08-19	-0.004776990657705568	0.033666143008536466	0.053480829455984466	0.032014919137915834	0.032014919137915834	42864104
2020-08-20	-0.012800007432990302	0.030331909561745564	0.03530935840020814	0.02203616149764136	0.02369531111046217	29561648
2020-08-21	0.009724478977942309	0.042010502121331755	0.04873315052211454	0.03864917792094028	0.047052488421918885	28566916
2020-08-24	-0.004815495338884811	0.03863298588507766	0.04029746182399602	0.028646130251567214	0.03197508212940408	20961721
2020-08-25	-0.0016128206783580345	0.036968599587286564	0.04198618958528961	0.03195100958928353	0.03529606958795227	21954098
2020-08-26	-0.011308652589246819	0.03696851384989558	0.03864374569779521	0.020216195370898794	0.025241890914597845	30616731
2020-08-27	0.011438000968515227	0.03357982235304445	0.05560693332122422	0.030191036050247654	0.04882936071563048	27503987
2020-08-28	0.0016154260709295885	0.030267586458296896	0.04031897754569485	0.02859235461039711	0.03864374569779521	19484175
2020-08-31	-0.004838629288074209	0.03529606958795227	0.0470037795832925	0.030278479589949225	0.03195100958928353	30497937
2020-09-01	0.0	0.03528785372054896	0.03864917792094028	0.03192652952015749	0.036968515820744625	16186918
2020-09-02	-0.004862323522076176	0.036968515820744625	0.03864917792094028	0.02688454321957051	0.03192652952015749	20371479
2020-09-03	-0.0032573311907152934	0.03696860636654811	0.0420352282217593	0.030213110559599906	0.03359085846307408	20947326
2020-09-04	-0.006535952142204261	0.030191036050247654	0.035274215504443	0.023413463444653917	0.030191036050247654	21806113
2020-09-07	-0.006578951856685423	0.03696861327961111	0.0420852347267145	0.028440910867772236	0.03014645135013998	26636116
2020-09-08	0.01655630276049967	0.038685453424829146	0.057570643487098824	0.03353494704421012	0.054136972566686085	28949088
2020-09-09	0.02931598071643719	0.028524236607862893	0.08256820306344852	0.02683536265612588	0.0673683374978151	108307693
2020-09-10	-0.034810149428485836	0.0418909056542353	0.04681322489354668	-0.002409967499566769	0.00087157865997406	47485659
2020-09-11	0.0016394303744425255	0.03526866241758857	0.04716830221549193	0.033568713875030985	0.03866855950270388	22588158
2020-09-14	0.029459919299749213	0.05733451569242266	0.07430617726051927	0.05394018337880325	0.0675175126332806	39849993
2020-09-15	0.0047693956798144435	0.03861710275945728	0.04521149706269194	0.02872551130460537	0.04191429991107468	30971552
2020-09-16	-0.007911315558729058	0.03696858641492405	0.03696858641492405	0.02056085561721947	0.02876472101607169	20375278
2020-09-17	0.023923376131300352	0.035314648825736435	0.07500722322161135	0.02539150522676778	0.06177636508965304	86145148
2020-09-18	0.003115266810237864	0.03696857581411317	0.04665987091517973	0.0256620648628689	0.04019900751446874	56377062
2020-09-21	0.0	0.04340937232807496	0.04823997127403816	0.028917575490184904	0.0369685737334572	34117871
2020-09-22	-0.01708083685296144	0.028917575490184904	0.032137974787493855	0.014425778652295	0.019256377598258347	35497915
2020-09-23	0.023696781842269025	0.04188321373791823	0.07956138027246551	0.04188321373791823	0.06154138758202991	82526681
2020-09-24	-0.007715974308783664	0.02896726891923545	0.04657013044040438	0.024166488504371312	0.02896726891923545	51576449
2020-09-25	-0.021772951636466933	0.03696849115601341	0.04019389859351275	0.009552527937269675	0.014390639093518611	37166557
2020-09-28	-0.006359304146324279	0.04191429991107468	0.04356289848688331	0.023779715577179342	0.030374109880414	22756052
2020-09-29	0.011199923546385769	0.03696850801302895	0.05687830336687913	0.03696850801302895	0.04858255530277492	26095345
2020-09-30	-0.006329118077906476	0.04025013257446488	0.0418909056542353	0.02712394793630127	0.03040549409584225	21717283
2020-10-09	0.01592357739633032	0.048527157844122426	0.06338817267970853	0.04192226236163976	0.053480829455984466	33851756
2020-10-12	0.010971712699890803	0.04021926521836734	0.051596663431693134	0.03534323741265621	0.048345978227885805	46386220
2020-10-13	-0.00930233231131631	0.0337532493694185	0.03536095271213932	0.02249932597037361	0.027322435998535642	31802865
2020-10-14	-0.01877919415688439	0.03534586393932545	0.036968663099104924	0.01587227402197135	0.017495073181750823	31736663
2020-10-15	-0.003189794509888541	0.03862236335872608	0.04358393515821034	0.03200693429274693	0.03366079155924168	20174214
2020-10-16	0.0	0.03530935840020814	0.041945956851491537	0.030331909561745564	0.03696850801302895	18030401
2020-10-19	-0.004800085744851997	0.03696850801302895	0.04526425607713316	0.03199105917456637	0.03199105917456637	19554443
2020-10-20	0.00643103917090523	0.04197005361394392	0.04697150987129089	0.03530144527081467	0.04363720569972619	16161911
2020-10-21	-0.012779724716357575	0.03531192208888512	0.03696842116422729	0.020403430410805192	0.023716428561489554	22732459
2020-10-22	-0.006472496253573481	0.03696860183241401	0.03696860183241401	0.028578888225355675	0.030256830946767312	16864055
2020-10-23	-0.0032573311907152934	0.038657480318285274	0.047101850076970486	0.03190198451133707	0.03359085846307408	18225064
2020-10-26	0.004902048826310815	0.040357394958638194	0.04713496756423193	0.03357982235304445	0.042051788110036736	13927080
2020-10-27	0.003252034439494957	0.0335962624619589	0.040340773146865655	0.0302240071195056	0.040340773146865655	11568286
2020-10-28	-0.0016208305294286899	0.033607191620353305	0.03864917792094028	0.02688454321957051	0.03528785372054896	13532616
2020-10-29	-0.00649351086594968	0.030235041727885967	0.03360182291000317	0.021818088772592812	0.030235041727885967	16403956
2020-10-30	-0.016339880355510726	0.036968608655841395	0.042051788110036736	0.02002467714185697	0.02002467714185697	30145331
2020-11-02	-0.01328904570120528	0.04041369880333478	0.04213623803976411	0.019743227966182414	0.02318830643904122	28219421
2020-11-03	0.02020203430899743	0.03522289151894082	0.05791749116438133	0.033477153084676206	0.05791749116438133	18330441
2020-11-04	0.0	0.03867978494708306	0.042102123612477	0.028412768950900936	0.036968615614385934	11850973
2020-11-05	0.008250916288398481	0.04039095427978003	0.050657970275962	0.03867978494708306	0.04552446227787109	17218636
2020-11-06	0.0	0.03696852181070664	0.0403628541243259	0.031877023340277595	0.03696852181070664	12730958
2020-11-09	0.011456550424928054	0.04206002028113553	0.05394018337880325	0.0403628541243259	0.048848684908374206	30880395
2020-11-10	-0.008090536419830695	0.04200242999664908	0.04200242999664908	0.02690094550394404	0.028578888225355675	19221884
2020-11-11	-0.006525289344666438	0.03866014870771384	0.04373503542778414	0.026818746360883324	0.030202004174263428	20297384
2020-11-12	0.0016419519663920907	0.036968523833589235	0.04207674316281878	0.03356304428076964	0.038671263609999035	13639206
2020-11-13	-0.001639260379588397	0.03526866241758857	0.03866855950270388	0.02506897116224293	0.03526866241758857	20212702
2020-11-16	0.011494174586677024	0.0659151000325564	0.06761783980896621	0.04548222271563838	0.04888770226845812	35365736
2020-11-17	0.0	0.042018775865296475	0.04370216645635508	0.03191843231894457	0.03696860409212052	26668077
2020-11-18	-0.0016232935469579302	0.03696860409212052	0.042018775865296475	0.03191843231894457	0.035285213501061924	21659710
2020-11-19	0.0	0.03528239013318556	0.038654645475639	0.0335962624619589	0.036968517804412356	16039815
2020-11-20	0.0016259329133639802	0.03528239013318556	0.040340773146865655	0.0335962624619589	0.038654645475639	18657900
2020-11-23	0.0	0.035285213501061924	0.042018775865296475	0.03191843231894457	0.03696860409212052	22822955
2020-11-24	-0.00324675543297484	0.03696860409212052	0.038651994683179126	0.03191843231894457	0.03360182291000317	19380780
2020-11-25	-0.0032573311907152934	0.04034635427002228	0.0420352282217593	0.03359085846307408	0.03359085846307408	20967051
2020-11-26	-0.006535952142204261	0.036968608655841395	0.03866300180723979	0.028496642898849258	0.030191036050247654	15173859
2020-11-27	0.0032894759283427872	0.03696861327961111	0.0403796942443466	0.03014645135013998	0.0403796942443466	13994726
2020-11-30	0.01147550263653514	0.04036850804526146	0.05566804492827998	0.03866855950270388	0.04886825075804951	33672274
2020-12-01	0.0016206624632187961	0.033607191620353305	0.04032984002113609	0.03192652952015749	0.03864917792094028	16530194
2020-12-02	0.00809070421410271	0.03696860183241401	0.04871420088229577	0.033612716389590735	0.045358315439472496	25932602
2020-12-03	-0.009630824230175708	0.0369685099461593	0.0369685099461593	0.025317178373730497	0.026981654312648855	14001294
2020-12-04	-0.003241492992647486	0.03528785372054896	0.036968515820744625	0.03192652952015749	0.033607191620353305	12016605
2020-12-07	-0.009756103318484722	0.036968517804412356	0.040340773146865655	0.0251656241058255	0.026851751777052152	16032706
2020-12-08	-0.0032840742067615438	0.036968523833589235	0.04377948293922858	0.031860304504359685	0.03356304428076964	17822770
2020-12-09	0.0	0.038676875994793594	0.04380192636976795	0.03184347549482784	0.0369685258698022	23071458
2020-12-10	-0.008237322632683765	0.03184347549482784	0.038676875994793594	0.02671842511985349	0.02842677524484489	27540551
2020-12-11	0.023255829977109205	0.04041369880333478	0.06108416964048714	0.03524608109404665	0.06108416964048714	56658445
2020-12-14	-0.00649351086594968	0.03191843231894457	0.040335385274237724	0.028551651136827366	0.030235041727885967	25045147
2020-12-15	-0.006535952142204261	0.03866300180723979	0.040357394958638194	0.025107856596052313	0.030191036050247654	15249097
2020-12-16	-0.004934128615489974	0.03526307279724337	0.04549631569144999	0.025029829903036593	0.031851991832507726	19234819
2020-12-17	0.00330578710710467	0.03525453035266872	0.04039652305309592	0.028398540085432494	0.04039652305309592	13691129
2020-12-18	-0.004942427746612733	0.03013512536983644	0.0369685258698022	0.03013512536983644	0.03184347549482784	10690793
2020-12-21	0.0	0.03696861796462285	0.042119124345241885	0.03353494704421012	0.03696861796462285	13629306
2020-12-22	-0.009933781656299831	0.03525178250441656	0.03696861796462285	0.021517098822765913	0.026667605203384945	21785876
2020-12-23	-0.0016723286656451864	0.03696862510965772	0.04043674760166319	0.030032380125646626	0.03523456386365483	14638122
2020-12-24	-0.006699999044668605	0.0369687163734234	0.0387056823974996	0.0248099542048909	0.030020852277119047	16108510
2020-12-25	0.0	0.031722493928575464	0.040465904894071834	0.031722493928575464	0.036968540507873196	11060519
2020-12-28	-0.010118050037491735	0.036968540507873196	0.038717222700972595	0.02297908296307894	0.026476447349277583	18610657
2020-12-29	0.006814314264359084	0.04050165959131418	0.045801328485667266	0.03696854699507889	0.04403477218754962	11423686
2020-12-30	-0.011844251185012833	0.03521394275266906	0.03696854265563965	0.022931743431874627	0.024686343334845217	19299353
2020-12-31	0.0034246593585248106	0.04051972006823395	0.044070981911470165	0.033417196381761355	0.04051972006823395	25464289
2021-01-04	0.0	0.04050759782894909	0.04050759782894909	0.028120602616699644	0.03696845633973505	24050166
2021-01-05	0.008532339259271875	0.03519888559512788	0.05997287601962676	0.028120602616699644	0.0458163100627703	32637625
2021-01-06	0.01861244485073182	0.03521394275266906	0.06679674100614026	0.026440943237815803	0.056269141588316425	49691827
2021-01-07	-0.01827235171219541	0.03352354185761733	0.03524608109404665	0.007685453311176831	0.01802068872975309	30287010
2021-01-08	0.0033840968328594937	0.04047774246158082	0.04749614207346333	0.03521394275266906	0.04047774246158082	16220315
2021-01-11	-0.015176987622127935	0.031722493928575464	0.04221458708717108	0.019481718576880455	0.021230400769979698	20692746
2021-01-12	0.005136900256241281	0.033417196381761355	0.044070981911470165	0.033417196381761355	0.04229535098985206	15285207
2021-01-13	0.01873927589917276	0.038735103293196536	0.07229967295743255	0.028135765504490515	0.05640066627437344	48278012
2021-01-14	0.04515061969279714	0.04043674760166319	0.10806513619577124	0.03523456386365483	0.08378827875173249	124127049
2021-01-15	-0.025600014865980604	0.030331909561745564	0.03696850801302895	0.010422114207895388	0.010422114207895388	58856384
2021-01-18	0.0	0.038671263609999035	0.04377948293922858	0.031860304504359685	0.036968523833589235	32692319
2021-01-19	-0.009852222620284934	0.04207674316281878	0.04377948293922858	0.025049345398720342	0.026752085175130294	28682212
2021-01-20	0.0	0.04040789492464955	0.05416535469224824	0.03352916504085021	0.03696852998274996	28557334
2021-01-21	-0.0033167515817208396	0.03868821245369976	0.04040789492464955	0.03180948256990041	0.03352916504085021	24645918
2021-01-22	-0.018302753401636392	0.03696853205975414	0.038693937271168	0.014538264311373448	0.01798907473420133	30278899
2021-01-25	-0.0033900080532025304	0.03521087895906636	0.04224117355301589	0.02818058436511684	0.03345330531057902	19627534
2021-01-26	-0.003401186588397897	0.03344153313344067	0.04402284575938027	0.03167798102911728	0.03344153313344067	14300080
2021-01-27	0.0	0.03696845633973505	0.0458163100627703	0.03519888559512788	0.03696845633973505	13574577
2021-01-28	-0.005119545121222682	0.03342931485052086	0.03696845633973505	0.02989017336130682	0.03165974410591384	16107702
2021-01-29	-0.012006779604340392	0.03696855139406467	0.040525904915142005	0.017403107028138867	0.02451781407029369	21163955
2021-02-01	0.003472224097526934	0.035168173421454035	0.04416963579903187	0.029767295994907277	0.0405690508480008	14171627
2021-02-02	-0.010380807830726573	0.040556590131935306	0.04235065321836964	0.026204085440460323	0.026204085440460323	13237548
2021-02-03	-0.026223704595910474	0.03878154007249356	0.03878154007249356	0.0007110124258575232	0.009775423770294767	27629345
2021-02-04	-0.017953333062765756	0.03138347247081137	0.03883028454641291	0.007181333225106434	0.018351551338508652	19298128
2021-02-05	-0.007312619111577568	0.03507285604847477	0.04644728303801837	0.02748990472211231	0.029385642553702886	12818792
2021-02-08	-0.0036832437141656738	0.04269770722996271	0.048426815511446064	0.031239490666996158	0.03314919342749056	10563862
2021-02-09	0.00924205453956489	0.03888536417532242	0.048469177497972964	0.03505183884626228	0.04655241483344289	12277297
2021-02-10	0.010989209258193255	0.04646474391906166	0.052162374103738994	0.036968693611266215	0.04836395398062072	11684861
2021-02-18	0.010869571343150333	0.048239886880263344	0.05575415130234409	0.0463613207747432	0.048239886880263344	16205681
2021-02-19	0.025089433885825685	0.03696848396322661	0.06670234730267399	0.03696848396322661	0.06298561438524299	20430972
2021-02-22	0.022727379852134005	0.055097480492480345	0.08591647906356653	0.055097480492480345	0.060536127299142505	50791807
2021-02-23	0.0017094913997196045	0.03874114499762834	0.04583152823993298	0.031650761755323706	0.03874114499762834	19991237
2021-02-24	-0.0017065740260990034	0.028120602616699644	0.0458163100627703	0.026351031872092624	0.03519888559512788	22380603
2021-02-25	0.010256416619574694	0.04583152823993298	0.06001229472454225	0.03519595337647594	0.047604124050509095	28499805
2021-02-26	0.0	0.026440943237815803	0.04223234236455156	0.022931743431874627	0.03696854265563965	20812126
2021-03-01	-0.011844251185012833	0.04047774246158082	0.04574154217049274	0.022931743431874627	0.024686343334845217	21650756
2021-03-02	-0.0034246593585249684	0.04229535098985206	0.04939787467632465	0.029865934538524982	0.033417196381761355	14215149
2021-03-03	0.005154552843877076	0.03696846012321756	0.044095391120628	0.035186727373864836	0.04231365837127527	14329337
2021-03-04	-0.005128119679996806	0.03342335756589983	0.036968549187052065	0.02810557013417131	0.031650761755323706	18562128
2021-03-05	0.0017181248902006523	0.03696846012321756	0.045877123869980566	0.03340499462451226	0.03875019287257013	12323336
2021-03-08	0.005145889735914533	0.03874722815460334	0.05119796547837432	0.03874722815460334	0.04230458167568083	24412269
2021-03-09	-0.010239090242445363	0.03519888559512788	0.04050759782894909	0.008655324426022125	0.026351031872092624	21483668
2021-03-10	-0.02758604783715148	0.03518077045340211	0.04054440138839387	0.008362615778443442	0.008362615778443442	20709439
2021-03-11	0.005319059940271332	0.044322864180479496	0.04616146077234666	0.036968477813011325	0.04248426758861249	13118233
2021-03-12	-0.0017635781158300316	0.038797438340147934	0.04062630706962015	0.03148196342225956	0.03513970088120383	16443512
2021-03-15	0.012367406358632151	0.038800575572467126	0.05345737381687585	0.03513637601136503	0.049793174255773745	18365068
2021-03-16	0.019197310324334135	0.04239771743855369	0.06773377307074085	0.040587999179111794	0.05687546351408917	18292853
2021-03-17	-0.006849496280142123	0.04051972006823395	0.04229535098985206	0.026314672695288765	0.029865934538524982	11420569
2021-03-18	-0.001724049770204105	0.03696864743173264	0.04054440138839387	0.03160501649674088	0.03518077045340211	10605257
2021-03-19	-0.034542335987483325	0.031595661782049235	0.03875952054442459	0.0011492620419540456	0.0011492620419540456	24045856
2021-03-22	0.02504473897979732	0.04809883219529597	0.06850429618493879	0.04624379001441921	0.06293916964230901	13692599
2021-03-23	-0.0017452922894057579	0.040587999179111794	0.04601715395743764	0.029729689622460264	0.03515884440078595	10033365
2021-03-24	-0.001748162371888235	0.03515577553471864	0.04059442234138095	0.031530010996943865	0.03515577553471864	9888421
2021-03-25	-0.008756482188566683	0.03696856496081407	0.04060067902372418	0.026072222772084045	0.027888279803539022	11004243
2021-03-26	0.003533387636770854	0.036968475791916075	0.04429687491412044	0.03513637601136503	0.04063267535301818	10903054
2021-03-29	0.0	0.036968663099105	0.042445610263360876	0.03514301404435309	0.036968663099105	9180906
2021-03-30	-0.0017604733834972325	0.042445610263360876	0.042445610263360876	0.03331736498960118	0.03514301404435309	7432041
2021-03-31	0.0	0.038797438340147934	0.04062630706962015	0.03148196342225956	0.036968569610675885	8438557
2021-04-01	0.0	0.038797438340147934	0.04062630706962015	0.02965309469278751	0.036968569610675885	11540796
2021-04-02	-0.0017635781158300316	0.038797438340147934	0.04062630706962015	0.02965309469278751	0.03513970088120383	12701588
2021-04-06	0.0017666938183855084	0.036968475791916075	0.04246477513356939	0.036968475791916075	0.038800575572467126	7943977
2021-04-07	0.010582017355598458	0.036968569610675885	0.04977065071698058	0.03513970088120383	0.04794178198750852	13300980
2021-04-08	0.0	0.036968562660228	0.04601715395743764	0.033349126141344054	0.036968562660228	16084531
2021-04-09	0.0017451113175797886	0.0387782809196699	0.040587999179111794	0.029729689622460264	0.0387782809196699	10454675
2021-04-12	-0.0034843230753526444	0.03516208958216862	0.04238835198762863	0.02974239277807345	0.03335552398080346	11931267
2021-04-13	-0.0034965060320032233	0.03878154007249356	0.04059442234138095	0.02971712872805632	0.03334289326583125	9113450
2021-04-14	0.0	0.033330173914198256	0.04060714696993205	0.03151093065026484	0.03696866044206523	9716749
2021-04-15	0.0052632526868858645	0.03696866044206523	0.04788412002566585	0.033330173914198256	0.04242639023386562	11863769
2021-04-16	0.015706906717348427	0.0387782809196699	0.05687546351408917	0.036968562660228	0.05325602699520538	22891332
2021-04-19	0.0068728559073526875	0.03875019287257013	0.04944058936868571	0.03340499462451226	0.044095391120628	18540501
2021-04-20	-0.01194548731146988	0.03696845633973505	0.03873802708434207	0.022811890382878588	0.024581461127485604	15403256
2021-04-21	-0.008635673545105412	0.03696855585383079	0.03696855585383079	0.028013732400861642	0.028013732400861642	9946398
2021-04-22	0.0017422518659565634	0.038775220784898624	0.04419491758899379	0.03516208958216862	0.038775220784898624	10444538
2021-04-23	-0.005217484768735278	0.036968560375645866	0.036968560375645866	0.02795144245933593	0.03155828962585984	9167981
2021-04-26	-0.012237680467897744	0.03878154007249356	0.042407304610268336	0.024278481921394167	0.024278481921394167	22248004
2021-04-27	-0.008849654973943537	0.0369685719602965	0.04063925717077535	0.027791858934099058	0.027791858934099058	11743039
2021-04-28	0.0	0.03696867391705274	0.04252386324160842	0.033265214367349055	0.03696867391705274	8026141
2021-04-29	0.0017858081948671093	0.03696867391705274	0.04252386324160842	0.035116944142200894	0.038820403691904745	9340972
2021-04-30	0.0	0.03512014787430675	0.04066543438077629	0.033271719038816955	0.036968576709796704	11124568
2021-05-06	0.001782439926062777	0.03512014787430675	0.04436229205175605	0.033271719038816955	0.0388170055452865	12645661
2021-05-07	0.014234885950975041	0.038813811168005	0.05911035099544388	0.03512353119937984	0.05172979105819339	18320818
2021-05-10	0.003508774483148491	0.04060714696993205	0.04424563349779903	0.035149417178131824	0.04060714696993205	10626342
2021-05-11	0.0017483436601149881	0.03334289326583125	0.04059442234138095	0.03334289326583125	0.03878154007249356	8016328
2021-05-12	0.0017451113175797886	0.0387782809196699	0.04239771743855369	0.029729689622460264	0.0387782809196699	13604123
2021-05-13	0.0034845037319129663	0.03516208958216862	0.047808048791723796	0.02974239277807345	0.04058178638626363	14928742
2021-05-14	0.003472224097526934	0.036968465896969574	0.042369343323516336	0.035168173421454035	0.0405690508480008	11143211
2021-05-17	-0.010380807830726573	0.03696846395906664	0.03696846395906664	0.02441002235402599	0.026204085440460323	12912178
2021-05-18	-0.005244668403891297	0.03515577553471864	0.03878154007249356	0.02971712872805632	0.031530010996943865	9427378
2021-05-19	-0.003514940730594523	0.0387910076418569	0.0387910076418569	0.031501246184721055	0.03332368654900498	7958712
2021-05-20	0.0017635781158298692	0.036968569610675885	0.044284044528564256	0.03331083215173178	0.038797438340147934	8957593
2021-05-21	-0.007042076098894593	0.036968663099105	0.03879431215385706	0.02966606688009721	0.02966606688009721	11107027
2021-05-24	0.007092018633808652	0.03880707440487849	0.04616146077234666	0.036968477813011325	0.044322864180479496	10050123
2021-05-25	0.012324043944103117	0.03879431215385706	0.04974820648236867	0.036968663099105	0.04974820648236867	16809659
2021-05-26	0.0	0.036968560375645866	0.03877198395890782	0.03336171320912196	0.036968560375645866	11523850
2021-05-27	0.006956526130074751	0.04057540754216977	0.044182254708693844	0.029754866042597885	0.044182254708693844	42974635
2021-05-28	-0.008635673545105412	0.031595661782049235	0.03875952054442459	0.026222767710267846	0.028013732400861642	17437035
2021-05-31	-0.005226394284749046	0.04058178638626363	0.04058178638626363	0.02974239277807345	0.031548958379438455	17914827
2021-06-01	0.0	0.03696856496081407	0.04241673605517916	0.033336450897904116	0.03696856496081407	19903257
2021-06-02	0.0	0.03878462199226905	0.04060067902372418	0.029704336834994002	0.03696856496081407	23249850
2021-06-03	-0.0070052583931345174	0.03696856496081407	0.03696856496081407	0.029704336834994002	0.029704336834994002	15867053
2021-06-04	0.0	0.036968569610675885	0.04062630706962015	0.03513970088120383	0.036968569610675885	13342195
2021-06-07	0.0	0.04062630706962015	0.04062630706962015	0.03148196342225956	0.036968569610675885	16692340
2021-06-08	-0.007054678237065584	0.036968569610675885	0.036968569610675885	0.025995357233843407	0.02965309469278751	17745955
2021-06-09	0.0	0.03881043680321177	0.040652299279813335	0.033284849373407574	0.036968574326610375	14132086
2021-06-10	0.0	0.03512671185000897	0.036968574326610375	0.033284849373407574	0.036968574326610375	23476543
2021-06-11	-0.003552400158621247	0.036968574326610375	0.036968574326610375	0.02591739946700181	0.033284849373407574	33114926
2021-06-15	-0.007130129390018586	0.033271719038816955	0.036968576709796704	0.027726432532347405	0.029574861367837362	14491029
2021-06-16	0.0	0.03696858152751257	0.0444153936031141	0.03324517548971172	0.03696858152751257	13958988
2021-06-17	0.010771999837659653	0.03883028454641291	0.051862205678715634	0.035106878508612056	0.04813879964091478	22971221
2021-06-18	-0.007104800317242494	0.03881043680321177	0.03881043680321177	0.02591739946700181	0.02960112442020461	16098028
2021-06-21	0.0017888171750194293	0.0351135369291595	0.04067866347178944	0.033258494748282914	0.038823621290912685	11549832
2021-06-22	0.016071533061894433	0.03696867391705274	0.07400326941409037	0.035116944142200894	0.053634241890719796	40798839
2021-06-23	-0.0017575614873155693	0.031501246184721055	0.0387910076418569	0.024211484727585213	0.035146126913288896	21122084
2021-06-24	-0.00528160271539736	0.03514301404435309	0.04061996120860897	0.026014768770593395	0.03149171593484928	14846573
2021-06-25	0.0017700044084928946	0.0369685719602965	0.042474599776014775	0.03146254414457807	0.038803914565535925	14686995
2021-06-28	0.003533387636770854	0.03513637601136503	0.047961074475222534	0.03513637601136503	0.04063267535301818	20143761
2021-06-29	-0.0017604733834972325	0.036968663099105	0.044271259318112786	0.02966606688009721	0.03514301404435309	12790610
2021-06-30	0.0035273391185328736	0.036968569610675885	0.046112913258036306	0.03331083215173178	0.04062630706962015	16406715
2021-07-01	0.0	0.0387910076418569	0.04061344800614082	0.03332368654900498	0.03696856727757298	21008809
2021-07-02	-0.015817324409693335	0.035146126913288896	0.035146126913288896	0.02056660399901721	0.02056660399901721	16896082
2021-07-05	0.0017858081948671093	0.038820403691904745	0.04252386324160842	0.033265214367349055	0.038820403691904745	18086686
2021-07-06	-0.003565064695009293	0.036968576709796704	0.0388170055452865	0.029574861367837362	0.033271719038816955	21142377
2021-07-07	-0.0035778198542568075	0.03696857911003609	0.038823621290912685	0.031403452567406155	0.033258494748282914	24526877
2021-07-08	0.007181333225106434	0.040691987565313247	0.05000050265981512	0.03696858152751257	0.0444153936031141	20747762
2021-07-09	-0.001782624768946352	0.0388170055452865	0.04066543438077629	0.03142329020332716	0.03512014787430675	14989488
2021-07-12	0.0017858081948671093	0.040672133466756584	0.04622732279131227	0.03696867391705274	0.038820403691904745	18312524
2021-07-13	0.003565064695009293	0.0388170055452865	0.04251386321626609	0.03512014787430675	0.04066543438077629	16675658
2021-07-14	-0.003552400158621247	0.03881043680321177	0.03881043680321177	0.03144298689680601	0.033284849373407574	17014838
2021-07-15	-0.0036968576709797527	0.005545286506469547	0.005545286506469547	-0.005545286506469547	-0.0036968576709797527	15994067
2021-07-16	0.0018552875695734092	-0.0018552875695732444	0.0037105751391466536	-0.0018552875695732444	0.0018552875695734092	11547912
2021-07-19	-0.012962962962963015	0.0	0.0	-0.014814814814814828	-0.012962962962963015	14994999
2021-07-20	0.0018761726078798848	0.0	0.0037523452157597697	-0.0037523452157599366	0.0018761726078798848	12639136
2021-07-21	-0.0037453183520598453	0.0018726591760299227	0.0018726591760299227	-0.005617977528089934	-0.0037453183520598453	15975748
2021-07-22	0.0	-0.0018796992481204275	0.00939849624060147	-0.003759398496240688	0.0	16694115
2021-07-23	-0.0018796992481204275	0.0018796992481202605	0.005639097744360781	-0.003759398496240688	-0.0018796992481204275	17769906
2021-07-26	-0.007532956685499066	0.0018832391713748918	0.0037664783427496166	-0.015065913370997963	-0.007532956685499066	24246119
2021-07-27	-0.005692599620493238	0.0	0.005692599620493406	-0.007590132827324317	-0.005692599620493238	24034295
2021-07-28	-0.030534351145038195	0.0	0.0038167938931296893	-0.03435114503816805	-0.030534351145038195	34808434
2021-07-29	0.0	0.007874015748031503	0.009842519685039335	-0.0059055118110236705	0.0	20280012
2021-07-30	-0.003937007874015839	0.0	0.0	-0.013779527559055173	-0.003937007874015839	18546974
2021-08-02	0.02371541501976287	0.003952569169960566	0.02371541501976287	-0.005928853754940585	0.02371541501976287	23570257
2021-08-03	-0.007722007722007729	-0.003861003861003779	0.007722007722007729	-0.011583011583011508	-0.007722007722007729	17270170
2021-08-04	-0.007782101167315182	-0.0019455252918287524	0.0019455252918289252	-0.011673151750972686	-0.007782101167315182	17469348
2021-08-05	-0.003921568627450897	0.0	0.001960784313725623	-0.007843137254901968	-0.003921568627450897	17390707
2021-08-06	-0.0059055118110236705	0.0	0.001968503937007832	-0.009842519685039335	-0.0059055118110236705	19995543
2021-08-09	0.007920792079207928	0.0	0.009900990099009866	-0.001980198019801938	0.007920792079207928	17282598
2021-08-10	0.0	-0.003929273084479288	0.001964636542239644	-0.005893909626719106	0.0	15090529
2021-08-11	0.007858546168958749	0.001964636542239644	0.017681728880157142	0.0	0.007858546168958749	20677519
2021-08-12	-0.005847953216374317	0.0019493177387913815	0.003898635477582936	-0.007797270955165699	-0.005847953216374317	14883071
2021-08-13	0.0	0.0	0.001960784313725623	-0.003921568627450897	0.0	13384630
2021-08-16	0.001960784313725623	0.001960784313725623	0.00588235294117652	-0.0019607843137254485	0.001960784313725623	11230320
2021-08-17	-0.005870841487279892	0.0019569471624265727	0.005870841487279718	-0.007827788649706464	-0.005870841487279892	16275730
2021-08-18	0.007874015748031503	-0.001968503937007832	0.007874015748031503	-0.003937007874015839	0.007874015748031503	12422945
2021-08-19	-0.007812500000000007	-0.00390625000000009	0.0	-0.009765624999999965	-0.007812500000000007	12103282
2021-08-20	0.001968503937007832	0.001968503937007832	0.009842519685039335	-0.0059055118110236705	0.001968503937007832	19999784
2021-08-23	0.003929273084479462	0.0	0.003929273084479462	-0.001964636542239644	0.003929273084479462	12366854
2021-08-24	0.0019569471624265727	0.0	0.0039138943248531455	-0.0019569471624267466	0.0019569471624265727	14884928
2021-08-25	0.0039062499999999167	0.0019531249999999584	0.005859375000000049	-0.005859375000000049	0.0039062499999999167	18367071
2021-08-26	-0.0038910505836575048	-0.0038910505836575048	0.0019455252918289252	-0.005836575875486257	-0.0038910505836575048	20582289
2021-08-27	0.02343750000000002	-0.0019531249999999584	0.04296874999999995	-0.005859375000000049	0.02343750000000002	49067737
2021-08-30	-0.019083969465648956	-0.007633587786259549	-0.003816793893129859	-0.0209923664122138	-0.019083969465648956	28214727
2021-08-31	0.01750972762645929	0.0	0.01750972762645929	-0.0038910505836575048	0.01750972762645929	27881678
2021-09-01	0.024856596558317377	0.0019120458891012976	0.03824091778202663	0.0019120458891012976	0.024856596558317377	54678050
2021-09-02	0.007462686567164185	-0.01119402985074636	0.00932835820895519	-0.01119402985074636	0.007462686567164185	32785046
2021-09-03	-0.003703703703703789	0.0037037037037036245	0.01666666666666664	-0.005555555555555601	-0.003703703703703789	34634163
2021-09-06	0.0	-0.0018587360594795144	0.007434944237918222	-0.005576208178438708	0.0	23684566
2021-09-07	0.005576208178438708	0.0	0.011152416356877417	-0.0037174721189590287	0.005576208178438708	22345928
2021-09-08	0.009242144177449136	-0.0018484288354897942	0.016635859519408477	-0.0018484288354897942	0.009242144177449136	27450618
2021-09-09	0.016483516483516456	-0.0018315018315017925	0.020146520146520207	-0.00549450549450554	0.016483516483516456	36995080
2021-09-10	-0.016216216216216193	-0.003603603603603527	0.0018018018018017634	-0.019819819819819718	-0.016216216216216193	29890456
2021-09-13	0.0	0.0	0.009157509157509125	-0.00549450549450554	0.0	25552388
2021-09-14	-0.031135531135531122	0.0	0.0018315018315017925	-0.031135531135531122	-0.031135531135531122	36604363
2021-09-15	0.0037807183364838514	0.0018903591682419257	0.009451795841209797	0.0	0.0037807183364838514	17864080
2021-09-16	0.005649717514124341	0.005649717514124341	0.016949152542373024	-0.0018832391713747246	0.005649717514124341	22069153
2021-09-17	-0.00936329588014978	0.0018726591760299227	0.0018726591760299227	-0.01872659176029956	-0.00936329588014978	22972520
2021-09-22	0.0037807183364838514	-0.00756143667296787	0.00756143667296787	-0.013232514177693815	0.0037807183364838514	20835495
2021-09-23	0.009416195856873958	0.0018832391713748918	0.02071563088512247	0.0	0.009416195856873958	18058435
2021-09-24	-0.01492537313432837	0.0037313432835820097	0.005597014925373014	-0.01679104477611954	-0.01492537313432837	16996300
2021-09-27	-0.01893939393939404	0.0	0.009469696969696935	-0.022727272727272745	-0.01893939393939404	19401300
2021-09-28	0.0038610038610039504	0.0	0.00579150579150584	-0.005791505791505668	0.0038610038610039504	12075087
2021-09-29	-0.007692307692307699	-0.005769230769230817	0.001923076923076882	-0.011538461538461635	-0.007692307692307699	14621157
2021-09-30	0.0	-0.0019379844961239896	0.00968992248062012	-0.0038759689922481513	0.0	11688773
2021-10-08	0.01162790697674411	0.003875968992247979	0.015503875968992262	0.003875968992247979	0.01162790697674411	11318497
2021-10-11	-0.0019157088122604958	0.0019157088122606658	0.0019157088122606658	-0.005747126436781487	-0.0019157088122604958	10135067
2021-10-12	-0.005758157389635365	0.0	0.0019193857965450647	-0.009596928982725494	-0.005758157389635365	15314235
2021-10-13	-0.003861003861003779	0.0	0.0038610038610039504	-0.00965250965250962	-0.003861003861003779	12115085
2021-10-14	-0.0019379844961239896	0.0019379844961239896	0.0019379844961239896	-0.005813953488372141	-0.0019379844961239896	7416531
2021-10-15	-0.00582524271844665	0.0019417475728154925	0.003883495145630985	-0.0077669902912621425	-0.00582524271844665	11322183
2021-10-18	0.005859375000000049	0.0	0.009765624999999965	-0.0019531249999999584	0.005859375000000049	8484700
2021-10-19	-0.0038834951456311576	0.0	0.0019417475728154925	-0.00582524271844665	-0.0038834951456311576	9544767
2021-10-20	-0.0019493177387913815	0.0019493177387913815	0.003898635477582936	-0.0019493177387913815	-0.0019493177387913815	6830914
2021-10-21	0.0	0.0	0.0039062499999999167	-0.0019531249999999584	0.0	7587111
2021-10-22	-0.007812500000000007	0.0019531249999999584	0.0019531249999999584	-0.009765624999999965	-0.007812500000000007	11207255
2021-10-25	0.003937007874015664	0.0	0.0059055118110236705	-0.001968503937007832	0.003937007874015664	7357370
2021-10-26	-0.003921568627450897	0.001960784313725623	0.003921568627451071	-0.003921568627450897	-0.003921568627450897	7970019
2021-10-27	-0.011811023622047341	0.001968503937007832	0.001968503937007832	-0.011811023622047341	-0.011811023622047341	11614855
2021-10-28	-0.017928286852589615	-0.001992031872509918	-0.001992031872509918	-0.02390438247011937	-0.017928286852589615	18833509
2021-10-29	0.0	-0.004056795131845756	0.002028397565923058	-0.006085192697768633	0.0	13245236
2021-11-01	0.002028397565923058	-0.002028397565922878	0.002028397565923058	-0.01014198782961457	0.002028397565923058	12870888
2021-11-02	-0.010121457489878685	-0.002024291497975845	0.0	-0.016194331983805682	-0.010121457489878685	13847550
2021-11-03	0.0	-0.002044989775051081	0.004089979550102344	-0.006134969325153244	0.0	7265256
2021-11-04	0.004089979550102344	0.002044989775051263	0.004089979550102344	-0.002044989775051081	0.004089979550102344	9036831
2021-11-05	-0.004073319755600909	-0.0020366598778003638	0.0	-0.006109979633401272	-0.004073319755600909	7481924
2021-11-08	0.004089979550102344	0.0	0.004089979550102344	-0.008179959100204507	0.004089979550102344	8486880
2021-11-09	0.0020366598778003638	-0.004073319755600909	0.0040733197556007275	-0.004073319755600909	0.0020366598778003638	11591877
2021-11-10	0.0	-0.002032520325203209	0.002032520325203209	-0.008130081300813016	0.0	9612516
2021-11-11	0.008130081300813016	0.0	0.010162601626016224	-0.002032520325203209	0.008130081300813016	10546403
2021-11-12	-0.0020161290322580215	0.0	0.0020161290322580215	-0.006048387096774244	-0.0020161290322580215	7809654
2021-11-15	0.010101010101010065	-0.0020202020202019773	0.010101010101010065	-0.0020202020202019773	0.010101010101010065	9828594
2021-11-16	-0.0060000000000000496	0.0	0.0019999999999999575	-0.009999999999999964	-0.0060000000000000496	8578759
2021-11-17	0.0	-0.002012072434607603	0.004024144869215385	-0.004024144869215206	0.0	7481970
2021-11-18	-0.008048289738430591	0.0	0.002012072434607782	-0.010060362173038195	-0.008048289738430591	8299612
2021-11-19	0.004056795131845935	0.0	0.004056795131845935	-0.004056795131845756	0.004056795131845935	8013155
2021-11-22	-0.004040404040404133	0.0020202020202019773	0.0020202020202019773	-0.006060606060606111	-0.004040404040404133	9713102
2021-11-23	0.006085192697768814	0.002028397565923058	0.00811359026369169	0.0	0.006085192697768814	14572878
2021-11-24	0.0020161290322580215	0.0020161290322580215	0.004032258064516223	0.0	0.0020161290322580215	7849788
2021-11-25	0.002012072434607782	0.0	0.004024144869215385	-0.004024144869215206	0.002012072434607782	9420441
2021-11-26	-0.008032128514056231	0.0	0.0	-0.010040160642570423	-0.008032128514056231	8111007
2021-11-29	-0.01214574898785435	-0.006072874493927175	-0.00404858299595151	-0.014170040485830015	-0.01214574898785435	15376795
2021-11-30	-0.0040983606557376175	-0.0020491803278688088	0.0040983606557378	-0.0040983606557376175	-0.0040983606557376175	16435171
2021-12-01	0.010288065843621363	0.0	0.012345679012345599	0.0	0.010288065843621363	11924118
2021-12-02	0.0	0.0	0.0020366598778003638	-0.004073319755600909	0.0	11809109
2021-12-03	0.020366598778004	-0.0020366598778003638	0.024439918533604908	-0.004073319755600909	0.020366598778004	27799567
2021-12-06	-0.01197604790419154	-0.0019960079840318935	0.003992015968063965	-0.013972055888223433	-0.01197604790419154	18873153
2021-12-07	0.010101010101010065	0.0020202020202019773	0.012121212121212041	0.0	0.010101010101010065	20420411
2021-12-08	-0.0019999999999999575	0.0019999999999999575	0.008000000000000007	-0.0060000000000000496	-0.0019999999999999575	15633958
2021-12-09	0.0020040080160320215	0.0	0.004008016032064043	-0.004008016032064221	0.0020040080160320215	18283738
2021-12-10	0.0	-0.003999999999999915	0.0019999999999999575	-0.008000000000000007	0.0	33944809
2021-12-13	-0.008000000000000007	0.0019999999999999575	0.0019999999999999575	-0.008000000000000007	-0.008000000000000007	23178065
2021-12-14	-0.004032258064516043	0.0	0.0020161290322580215	-0.006048387096774244	-0.004032258064516043	13976825
2021-12-15	-0.002024291497975845	0.0	0.00404858299595133	-0.00404858299595151	-0.002024291497975845	9813037
2021-12-16	0.004056795131845935	0.004056795131845935	0.006085192697768814	0.0	0.004056795131845935	9367688
2021-12-17	0.0020202020202019773	-0.0020202020202019773	0.0040404040404039545	-0.0020202020202019773	0.0020202020202019773	12636230
2021-12-20	0.0020161290322580215	0.0	0.010080645161290288	0.0	0.0020161290322580215	19995874
2021-12-21	0.008048289738430591	0.002012072434607782	0.010060362173038195	0.0	0.008048289738430591	18251967
2021-12-22	-0.003992015968063787	0.0019960079840318935	0.003992015968063965	-0.005988023952095681	-0.003992015968063787	13542995
2021-12-23	-0.0020040080160320215	0.0020040080160320215	0.0020040080160320215	-0.004008016032064221	-0.0020040080160320215	10952795
2021-12-24	-0.0020080321285141918	0.002008032128514013	0.00602409638554204	-0.004016064257028205	-0.0020080321285141918	14578452
2021-12-27	0.002012072434607782	0.0	0.006036217303822988	-0.002012072434607603	0.002012072434607782	12621505
2021-12-28	0.0	-0.0020080321285141918	0.002008032128514013	-0.004016064257028205	0.0	8673691
2021-12-29	0.0	-0.0020080321285141918	0.0	-0.004016064257028205	0.0	9844320
2021-12-30	-0.0020080321285141918	0.0	0.0	-0.004016064257028205	-0.0020080321285141918	10333143
2021-12-31	0.002012072434607782	0.0	0.004024144869215385	-0.002012072434607603	0.002012072434607782	13061807
