2020-07-20	0.027381262065436517	0.0016870490964717361	0.04477036191981224	-0.09135739920470787	0.027381262065436517	228583338
2020-07-21	-0.0068207782448094	-0.010988948111379298	0.04698750908140728	-0.017683479037096893	-0.0068207782448094	161873271
2020-07-22	0.011954763269290092	-0.010555691614740863	0.04006107236656769	-0.018186443527398413	0.011954763269290092	133942790
2020-07-23	-0.009928377529219424	-0.019605353776548866	0.0018851451552092896	-0.046751313309035994	-0.009928377529219424	122936978
2020-07-24	-0.08669715773923795	-0.016247766136681514	-0.008377710185043371	-0.09215539594002788	-0.08669715773923795	130167775
2020-07-27	-0.015705309897372243	0.010006963586113986	0.02585130059143709	-0.02682418457918758	-0.015705309897372243	79110560
2020-07-28	0.024569302456933072	0.028240609997175942	0.06128218017509189	0.017085554927986593	0.024569302456933072	81040594
2020-07-29	0.034592090258877904	-0.00909586574134129	0.03638366969083989	-0.013230430353650145	0.034592090258877904	86885769
2020-07-30	0.008258984947382626	0.002664140135873324	0.01758357532969242	-0.024910123884374545	0.008258984947382626	99426582
2020-07-31	0.08614079571566122	-0.010437309804800985	0.12286954358912544	-0.011626423262612857	0.08614079571566122	157250773
2020-08-03	0.02177351930146604	0.038803102284431415	0.06896968822490811	0.018975769601943523	0.02177351930146604	143326060
2020-08-04	-0.03476188095238103	0.003571464285714331	0.005833309523809523	-0.045238130952380995	-0.03476188095238103	85506277
2020-08-05	0.023680290486426073	0.07301428038938637	0.07301428038938637	0.01850024621361011	0.023680290486426073	117241744
2020-08-06	0.021927710843373412	-0.012048192771084338	0.03469875903614462	-0.022771072289156664	0.021927710843373412	101203606
2020-08-07	-0.05128506248526288	-0.01792026644659266	-0.01792026644659266	-0.06955908983730237	-0.05128506248526288	111827466
2020-08-10	-0.03206166233302263	-0.026718043659524786	-0.010190120415184235	-0.044861438488114344	-0.03206166233302263	72305415
2020-08-11	-0.019129503391057977	-0.0011554243311776046	0.011683194398294967	-0.020028206702121153	-0.019129503391057977	54464774
2020-08-12	-0.015314122635756006	-0.0009162303425071559	0.006806230188318662	-0.03429323208656457	-0.015314122635756006	55411063
2020-08-13	-0.0006646683238865428	0.0077096235128422995	0.01900838685331442	-0.004918277086869178	-0.0006646683238865428	37866175
2020-08-14	0.004921561585528025	-0.0023942537909019262	0.007847791965948347	-0.009710069167331878	0.004921561585528025	29991872
2020-08-17	0.0062209660004910895	-0.007279986474653135	0.01191256074470298	-0.02051625332165776	0.0062209660004910895	57134597
2020-08-18	-0.02288868809084536	0.002104748833389236	0.002104748833389236	-0.025388069931126203	-0.02288868809084536	60551664
2020-08-19	-0.03284872149769421	-0.0037695073205373042	-0.0037695073205373042	-0.0337910882308978	-0.03284872149769421	60965290
2020-08-20	0.003619181715990074	-0.008908672545026353	0.017399778251658032	-0.013641356550186924	0.003619181715990074	34310825
2020-08-21	-0.003189944609984627	0.008460485671580698	0.011511817240272426	-0.008321747803654576	-0.003189944609984627	25500160
2020-08-24	0.0018087796656972872	0.0018087796656972872	0.013635661042062324	-0.016001140281015444	0.0018087796656972872	35638295
2020-08-25	-0.016388888888888984	0.0040277916666667185	0.01111115277777783	-0.01666662499999995	-0.016388888888888984	35148130
2020-08-26	-0.06438856255295106	-0.0031064953402992635	0.008895749788195469	-0.07497879130189203	-0.06438856255295106	83703605
2020-08-27	0.014639314378529543	-0.005584107890609436	0.03531536265272071	-0.03576823013075063	0.014639314378529543	62941100
2020-08-28	-0.006693499626944726	0.008478357497619143	0.014279324069047127	-0.015171857124563868	-0.006693499626944726	41341674
2020-08-31	-0.0014974393755231537	0.0017969901437104988	0.015274094268854363	-0.0016472147596168264	-0.0014974393755231537	32562958
2020-09-01	-0.019946040791841743	-0.005698815236952654	-0.003149355128974362	-0.02504496100779854	-0.019946040791841743	32409415
2020-09-02	-0.018056618762252948	0.002295363497945335	0.0029074675717664805	-0.020351966957979032	-0.018056618762252948	36939259
2020-09-03	0.014181144278670328	0.0006233598448918374	0.020414602475131594	-0.01776529586302948	0.014181144278670328	55435101
2020-09-04	0.018438797835316764	-0.01813152986688588	0.037799614695771075	-0.024124215607737542	0.018438797835316764	53480701
2020-09-07	-0.11285455812997226	-0.07362699266184362	-0.06155700153224208	-0.11496679413045867	-0.11285455812997226	127586361
2020-09-08	-0.021258503762899724	-0.010204047792585836	0.0	-0.025850340575686116	-0.021258503762899724	51181985
2020-09-09	-0.05977407575628286	-0.016507402545741144	-0.016507402545741144	-0.05977407575628286	-0.05977407575628286	66199104
2020-09-10	-0.024579596662731542	0.012751764687640697	0.021992200665455593	-0.024949232582715974	-0.024579596662731542	39040435
2020-09-11	0.04641911796928985	0.0	0.051345264330149014	-0.002273569576990708	0.04641911796928985	43402279
2020-09-14	-0.006337117508600341	0.006880336773492668	0.018468223791417767	-0.00778564186130721	-0.006337117508600341	34682972
2020-09-15	0.027514540314968344	0.0020043913628936872	0.0382652872036208	-0.021319278037185106	0.027514540314968344	48988229
2020-09-16	0.005497464186867554	-0.012590867398313011	0.03351658154844077	-0.015605621840851602	0.005497464186867554	49714810
2020-09-17	0.01763668399229834	-0.01093472643854098	0.03315698354220488	-0.015873050866436502	0.01763668399229834	49818044
2020-09-18	-0.0001733448843441106	-0.005199289337967251	0.008665511114982476	-0.015077972009047279	-0.0001733448843441106	33808410
2020-09-21	-0.02132085320368955	0.006413624656155732	0.012307211168438404	-0.02218753721940615	-0.02132085320368955	28390760
2020-09-22	-0.010626957326017778	-0.008147343396162712	0.015586273744000597	-0.01487778984905762	-0.010626957326017778	21731349
2020-09-23	0.006444683021040521	0.006981722037563213	0.018259935226281204	-0.0007160937931239319	0.006444683021040521	21777556
2020-09-24	-0.030594111871325	-0.00924937728122778	0.0012451084801651494	-0.030594111871325	-0.030594111871325	23323538
2020-09-25	-0.014678880733944948	0.005504568807339444	0.00678897247706422	-0.01541284403669731	-0.014678880733944948	19848386
2020-09-28	-0.07001865791399148	-0.04096836050338249	-0.040782178011505014	-0.07076348099136906	-0.07001865791399148	55601045
2020-09-29	0.003003624409363788	0.0048057870405644075	0.01421712082933763	-0.009811734277367526	0.003003624409363788	28884698
2020-09-30	-0.008784148532641301	0.003194250349371064	0.008185266520263457	-0.011778798163306117	-0.008784148532641301	23154695
2020-10-09	0.025981811642223088	0.02719029094903157	0.03484388580689281	0.017119797900511654	0.025981811642223088	30276467
2020-10-12	0.12701219330608932	0.009030290715160798	0.14193166748982464	0.004711444929553286	0.12701219330608932	83625045
2020-10-13	-0.0020902107646751434	-0.014109075074028867	0.005748162341055572	-0.0249085525169831	-0.0020902107646751434	44569009
2020-10-14	-0.0232152553113063	0.00017451561922652192	0.0027928084693174243	-0.02653169791356774	-0.0232152553113063	28884319
2020-10-15	0.023945675910394426	0.004288813514810766	0.06969267458350015	0.004288813514810766	0.023945675910394426	56542140
2020-10-16	0.01588132662969163	0.038394433479833054	0.04467717355457541	0.00698083781816472	0.01588132662969163	38030820
2020-10-19	0.03556090079987792	0.004810221694042522	0.04964781050760705	-0.0053254939928791736	0.03556090079987792	59006912
2020-10-20	-0.01293959875480417	-0.009621732077334577	-0.004976758543078272	-0.031187741061508577	-0.01293959875480417	35066961
2020-10-21	-0.03109240336134453	0.003193260504201685	0.005041999999999994	-0.04336137815126051	-0.03109240336134453	35138418
2020-10-22	0.00034685167920720997	-0.007805741273001175	0.019947909108485356	-0.022029504873217535	0.00034685167920720997	28826455
2020-10-23	-0.007802965417130692	-0.0012138027124606505	0.008843454442290774	-0.008496584307147018	-0.007802965417130692	24757287
2020-10-26	0.02149598005075178	-0.005767249112770906	0.027612687388803018	-0.01677740271273327	0.02149598005075178	32235587
2020-10-27	0.004277159892606332	-0.007698904915330974	0.009751907446502915	-0.016253224700543637	0.004277159892606332	29064923
2020-10-28	0.01073255518343177	-0.0025554002971822885	0.015161822569645324	-0.015161839605420118	0.01073255518343177	33059553
2020-10-29	0.0261250454702496	-0.013146856121798221	0.0335411753399233	-0.014832310303984146	0.0261250454702496	48129787
2020-10-30	0.022339043654089244	0.002792345552031112	0.07654401976767385	0.002792345552031112	0.022339043654089244	91571492
2020-11-02	0.006587403387294295	0.01928015683547059	0.01976219409504528	-0.03036638719902351	0.006587403387294295	51162309
2020-11-03	0.030486766784141403	-0.002394285637852025	0.045011953870328615	-0.004948156266619069	0.030486766784141403	55019705
2020-11-04	-0.024163538542860446	-0.005576223840651249	0.010687763652037396	-0.03175340866646233	-0.024163538542860446	46019242
2020-11-05	0.029206285714285702	0.031746031746031744	0.03968253968253968	0.008888904761904758	0.029206285714285702	41459641
2020-11-06	0.001696499179302801	-0.0038556449016437324	0.012492382016803354	-0.01264649985481177	0.001696499179302801	35866355
2020-11-09	0.04464974802077363	0.02386455845409822	0.06620482214956845	0.01616632869128545	0.04464974802077363	73567416
2020-11-10	-0.02711858591359132	-0.015770066787621655	0.0022107885692200114	-0.03021363390460226	-0.02711858591359132	41421590
2020-11-11	-0.07044388515546482	-0.007726132170091437	-0.005302196476224911	-0.0727162983573307	-0.07044388515546482	61465794
2020-11-12	0.00814863089718659	0.02509779946059655	0.033083408848054066	0.00358541389202395	0.00814863089718659	28713037
2020-11-13	0.00969928855966243	0.0006466375582503423	0.019560280964108025	-0.021985143517860548	0.00969928855966243	27394221
2020-11-16	-0.010726833344970222	0.0012808517656235192	0.011527393716416747	-0.018571886304385044	-0.010726833344970222	22392396
2020-11-17	-0.013918125685092592	-0.0029130926863069596	-0.0021039164572921763	-0.03867938115100526	-0.013918125685092592	36093178
2020-11-18	0.007057295256852079	-0.004595404562612819	0.015755768915148585	-0.007877876251436064	0.007057295256852079	23699192
2020-11-19	-0.002118660330530308	-0.0066818773356929475	0.01124507804359395	-0.014830508232879538	-0.002118660330530308	18434711
2020-11-20	-0.0032663890249877564	0.003593026294300236	0.008819206271435674	-0.010289106647068391	-0.0032663890249877564	17424785
2020-11-23	-0.001966229755304436	-0.003604751820493997	0.006881894263180371	-0.016385384505741184	-0.001966229755304436	22200829
2020-11-24	0.006567082580857054	-0.004268560170743654	0.017074388441963614	-0.0070595961254309595	0.006567082580857054	21893051
2020-11-25	-0.018104713454498222	-0.0001631381477224257	0.005056238704024817	-0.018430940818285096	-0.018104713454498222	21115625
2020-11-26	-0.025913654054590417	0.0014950165864614571	0.011295680875487024	-0.02641195969415355	-0.025913654054590417	23865384
2020-11-27	0.004945446878332938	-0.003922220394308098	0.017394287472617342	-0.005115944834855807	0.004945446878332938	16784034
2020-11-30	0.005430171389784495	-0.0008484473103682281	0.027320566774138758	-0.024266078398099435	0.005430171389784495	32206524
2020-12-01	-0.006075966244725686	-0.009957805907173054	-0.003206734177215194	-0.01603377215189874	-0.006075966244725686	25399034
2020-12-02	0.03413148300444015	0.004754610371108964	0.04075398269237521	0.004754610371108964	0.03413148300444015	47975621
2020-12-03	-0.011658505364252704	0.002627241293029828	0.0032840064602953334	-0.014285763077643315	-0.011658505364252704	22043929
2020-12-04	-0.033061937748163114	-0.015949476922237586	-0.006977886808072503	-0.044691793399099414	-0.033061937748163114	47553067
2020-12-07	0.036597954697629644	0.035395136848880855	0.05635737016568087	0.03367695818424464	0.036597954697629644	46548501
2020-12-08	0.010442515814934052	0.0028178019951002097	0.012763069359752367	-0.0034809049069814448	0.010442515814934052	33427394
2020-12-09	-0.010006578248139473	-0.001968487565099861	0.0022965715599830632	-0.010826771831147892	-0.010006578248139473	28036715
2020-12-10	0.01077053888220511	-0.0057994699519294	0.016238674937487173	-0.006130870128612142	0.01077053888220511	35819225
2020-12-11	-0.00016390163934431245	-0.0008196557377049129	0.008524590163934477	-0.012622950819672182	-0.00016390163934431245	40109479
2020-12-14	-0.0060666172793369805	0.0034431708987319493	0.004918822596529833	-0.01656012406754799	-0.0060666172793369805	22303967
2020-12-15	-0.03612667496084915	-0.00016492906903550197	0.0026393929831638003	-0.03942591618980401	-0.03612667496084915	35208174
2020-12-16	-0.05527980489474584	-0.04158822522676707	-0.03713849050145467	-0.0984083518740373	-0.05527980489474584	76413291
2020-12-17	0.014673858429821454	-0.017934818515673523	0.024818822014151774	-0.021739148156899497	0.014673858429821454	38985707
2020-12-18	-0.017675380027687197	0.017675451443508298	0.017675451443508298	-0.022495947955577557	-0.017675380027687197	30263654
2020-12-21	-0.011995619774627521	-0.02235548891312262	0.010359869138495098	-0.040348982188295225	-0.011995619774627521	35737491
2020-12-22	0.0023914826638800108	-0.009197939492311636	0.027961736056627433	-0.009197939492311636	0.0023914826638800108	31372759
2020-12-23	0.014865057263165503	-0.009175995258726546	0.021288309000245656	-0.017250926142377408	0.014865057263165503	34041180
2020-12-24	-0.02332732411080146	-0.003616654676612206	0.012477450496879707	-0.023508119774107043	-0.02332732411080146	22347677
2020-12-25	-0.01073871545042463	-0.00018511387465711552	0.005184280880736073	-0.020366562502002063	-0.01073871545042463	20128243
2020-12-28	-0.02620252667040994	-0.006176342878532666	0.0033689125959198425	-0.026763990267639898	-0.02620252667040994	23818181
2020-12-29	0.00960984066134616	0.0021141649454962806	0.024408995279819306	-0.002882913759041136	0.00960984066134616	18488465
2020-12-30	0.07500479868655636	-0.00247471925518209	0.08604607055103891	-0.004949533694070572	0.07500479868655636	57528552
2020-12-31	0.022666884670322504	0.009385496557720913	0.03718786900676691	-0.000885478999725957	0.022666884670322504	47142907
2021-01-04	0.008831134199134252	0.01073591341991342	0.022683999999999996	-0.017316017316017316	0.008831134199134252	39652638
2021-01-05	0.008753896627322233	-0.021627154879064758	0.009097202509344295	-0.02506005921936357	0.008753896627322233	38817232
2021-01-06	0.030287544665645677	-0.0018717032499575724	0.052918172537008625	-0.005615126765356523	0.030287544665645677	51886520
2021-01-07	-0.021800148997525217	0.006771263530491614	0.01866227941638777	-0.04525182568541413	-0.021800148997525217	43590914
2021-01-08	0.03984467330744566	-0.008779351679891837	0.0442343069390512	-0.020260020260003384	0.03984467330744566	59999606
2021-01-11	0.018022422471180334	0.010716025328787085	0.0634843318720571	0.010716025328787085	0.018022422471180334	72785365
2021-01-12	0.018181801942874023	0.006379537378316773	0.022328500441331715	-0.012759154501448886	0.018181801942874023	42961004
2021-01-13	-0.018483709273183064	0.0021929824561402484	0.01174805764411021	-0.026472399749373477	-0.018483709273183064	45294996
2021-01-14	0.02361951803383349	0.005426109160549049	0.049792515161187476	-0.012926939036067623	0.02361951803383349	69355275
2021-01-15	-0.03960088929842365	0.01340818542887718	0.022606751209958642	-0.04084812972946881	-0.03960088929842365	62858382
2021-01-18	0.001298733808400454	-0.012175325070627437	0.02077927015517112	-0.025973994349805	0.001298733808400454	66114206
2021-01-19	-0.019455252918287983	0.005188067444876788	0.016536981193255522	-0.020752237354085587	-0.019455252918287983	45912881
2021-01-20	-0.017691798941798946	0.008432572751322753	0.010085978835978945	-0.025958994708994716	-0.017691798941798946	45240435
2021-01-21	-0.0016832014812320627	0.0	0.01582221848173713	-0.016158878976603203	-0.0016832014812320627	48062494
2021-01-22	-0.03641879891386276	0.0	0.0099477489470958	-0.03827347768886403	-0.03641879891386276	46168561
2021-01-25	0.015223061584494825	-0.008923936695575226	0.02502187139031071	-0.023272125169829395	0.015223061584494825	36133968
2021-01-26	0.030334350224060554	0.000344725956566589	0.030334350224060554	-0.0037918131678732064	0.030334350224060554	54245815
2021-01-27	-0.03445965263398538	0.00033456005912618243	0.0028437939585780818	-0.03813983001237582	-0.03445965263398538	33752220
2021-01-28	-0.029106028601766774	-0.018018035030872636	-0.0005197851607799381	-0.029279313422049435	-0.029106028601766774	25634191
2021-01-29	0.002498197671338427	0.011063508011000927	0.021770110246786156	-0.013204889129106136	0.002498197671338427	25820988
2021-02-01	0.014951940192239293	-0.0019579921680313176	0.0177999288002848	-0.0019579921680313176	0.014951940192239293	20142475
2021-02-02	-0.01823921431076826	-0.0003507541213609808	0.002981392493861752	-0.022272886706418853	-0.01823921431076826	20215108
2021-02-03	-0.03679889246159338	-0.005894926759556917	0.0003572704537335321	-0.04055021436227212	-0.03679889246159338	31666335
2021-02-04	0.013909496064892288	-0.0038946403521750183	0.019844288569891958	-0.007418360809286316	0.013909496064892288	27490995
2021-02-05	-0.047740938274773666	0.005853375008354624	0.005853375008354624	-0.04847261929660207	-0.047740938274773666	41922999
2021-02-08	-0.0009604878801288669	0.0030733768138038204	0.01575105617074422	-0.004417959961237792	-0.0009604878801288669	23827526
2021-02-09	0.03268604240284724	0.0011536628015251457	0.03518558104924365	-0.003076331593014168	0.03268604240284724	25883832
2021-02-10	0.005957922285569083	0.0	0.010612549071170029	-0.012660584856834698	0.005957922285569083	21662662
2021-02-18	0.07236720474490484	0.01943370385774029	0.09494727179247218	0.012770720206750456	0.07236720474490484	58402001
2021-02-19	0.007939299412138416	-0.011045909752259412	0.008629616993952658	-0.013979945011735334	0.007939299412138416	28656706
2021-02-22	-0.015753458364607655	0.0025684416928615696	0.023972550548885238	-0.021061711607475646	-0.015753458364607655	35456889
2021-02-23	-0.0015657794015308591	-0.008350730688935227	0.013569902574808737	-0.01704940848990948	-0.0015657794015308591	26307962
2021-02-24	0.0	-0.00017421153814627284	0.02212930862744907	-0.01010625562129742	0.0	28567827
2021-02-25	-0.01968985920351732	0.004530458346932495	0.009757832545004874	-0.019864070741663596	-0.01968985920351732	21578645
2021-02-26	-0.01955204477611262	-0.019729755411651496	-0.00675430169762898	-0.025239922688941433	-0.01955204477611262	22304101
2021-03-01	0.04695431472081225	0.009427121102248063	0.04749816896301668	0.009427121102248063	0.04695431472081225	29661434
2021-03-02	0.012813887445887392	0.04069260606060605	0.047619047619047616	0.004329004329004329	0.012813887445887392	46003616
2021-03-03	0.003077380643618421	-0.004787194228510944	0.005299999818772493	-0.011796939244419881	0.003077380643618421	23567752
2021-03-04	0.010908522614914698	0.027953009304687554	0.04994034600103446	0.004942918184520881	0.010908522614914698	62141596
2021-03-05	-0.013319861518801806	-0.02208735420523766	-0.006744242003975066	-0.026976934294774272	-0.013319861518801806	28158457
2021-03-08	-0.0317840054682161	0.008031476418318417	0.010936431989063456	-0.03315102529049902	-0.0317840054682161	29990237
2021-03-09	-0.03671016590187074	-0.002823861630780032	-0.0017648958701023093	-0.05453582774444046	-0.03671016590187074	29562011
2021-03-10	0.0034810918475232516	0.015023817697918008	0.026932886517666295	-0.005130139057158713	0.0034810918475232516	16180695
2021-03-11	0.055139693262734955	0.00529488771225117	0.07449329925141493	-0.0012780536790214132	0.055139693262734955	37453511
2021-03-12	-0.001211282207799117	-0.01367020222062285	0.007959837204363492	-0.017823204398283252	-0.001211282207799117	20807111
2021-03-15	-0.034303516384208074	-0.009009008852927828	-0.009009008852927828	-0.040194022172660784	-0.034303516384208074	22635138
2021-03-16	-0.015428793848984738	0.002152834511918388	0.007355579212214663	-0.022246177888547564	-0.015428793848984738	22864164
2021-03-17	0.015488319688623855	-0.004373214206027382	0.02131920515088911	-0.008017529008426946	0.015488319688623855	17546551
2021-03-18	-0.004485914229319936	0.010227866499192587	0.018302530055625394	-0.004485914229319936	-0.004485914229319936	16870452
2021-03-19	-0.009192483777937879	-0.010814689978370528	0.005767826243691472	-0.015861607786589717	-0.009192483777937879	17740228
2021-03-22	0.008004347680473811	0.000545734026819402	0.012916117647514618	-0.0014553756329747992	0.008004347680473811	14030653
2021-03-23	-0.0023461649521746984	0.003970420501714554	0.018949630030680505	-0.009204078686157661	-0.0023461649521746984	17453269
2021-03-24	-0.01899419354186312	-0.007235853965916254	-0.004160636833585993	-0.023516624882717524	-0.01899419354186312	16385475
2021-03-25	-0.023049972340033194	-0.002212778904665314	0.007929190484971413	-0.02470958878849334	-0.023049972340033194	21779770
2021-03-26	0.015288807097017739	0.005096262740656911	0.018497527368818545	0.0005662136655342807	0.015288807097017739	15869625
2021-03-29	0.010410801070630261	0.0016731734212089607	0.02677075614852657	0.0016731734212089607	0.010410801070630261	17664752
2021-03-30	0.0001840478448591211	0.006255768399476314	0.006255768399476314	-0.0062557500002115235	0.0001840478448591211	12000941
2021-03-31	-0.0007358535552638534	0.00018392199808831976	0.00018392199808831976	-0.013980923215950595	-0.0007358535552638534	10578850
2021-04-01	0.028902779823269567	0.011597956553755524	0.036266586892488885	0.005338751840942501	0.028902779823269567	28694139
2021-04-02	0.05152980947450008	0.023617821141846865	0.06423333448261456	0.023617821141846865	0.05152980947450008	54913463
2021-04-06	-0.00782710566615626	0.007316675174408664	0.007316675174408664	-0.012931801939765187	-0.00782710566615626	25237628
2021-04-07	0.0006859372202720356	0.0	0.005316377888588961	-0.013548293370806092	0.0006859372202720356	22049271
2021-04-08	-0.026563822675709427	-0.005826906797837359	0.007712099664510705	-0.026563822675709427	-0.026563822675709427	24728203
2021-04-09	0.003873257110444728	0.00176061622817988	0.008802817056387625	-0.004401408528193812	0.003873257110444728	17641847
2021-04-12	-0.017011592423711037	-0.0017538056822168269	0.010522606103121656	-0.017186934408979417	-0.017011592423711037	17658530
2021-04-13	-0.003389794886526274	0.00017844781763510945	0.014094576522650852	-0.008920606760403332	-0.003389794886526274	15740699
2021-04-14	0.01092015734120747	0.0025062477173962653	0.014679537868250358	-0.008055871678197792	0.01092015734120747	18855907
2021-04-15	0.01044802531524652	-0.006375066294048879	0.015760580560287105	-0.012573100538815296	0.01044802531524652	18724710
2021-04-16	-0.013144058655028766	-0.008937994936242642	-0.004556642051233053	-0.021556238668835624	-0.013144058655028766	17898304
2021-04-19	0.013141502164064957	-0.001243100670518596	0.013674320481720478	-0.009057041217243099	0.013141502164064957	21792435
2021-04-20	-0.020333041548344227	-0.005959684591756019	0.002629307670978235	-0.020508291332310098	-0.020333041548344227	21170106
2021-04-21	-0.020755037050546488	-0.00500980506369317	-0.00500980506369317	-0.02487026346162581	-0.020755037050546488	23115656
2021-04-22	0.010414745112369868	0.004750630367257447	0.01553082404531342	0.0012789877580851967	0.010414745112369868	16336442
2021-04-23	-0.002350831868911969	0.004520795741786541	0.004520795741786541	-0.005424936806960877	-0.002350831868911969	12912163
2021-04-26	-0.011963023815951499	0.002537665489855557	0.020119649088984868	-0.011963023815951499	-0.011963023815951499	22932876
2021-04-27	0.008989213318261302	-0.0020179050456028713	0.013392112030530506	-0.010640213195384877	0.008989213318261302	14759720
2021-04-28	0.006545472727272671	-0.0021817999999999994	0.009999981818181812	-0.006909109090909091	0.006545472727272671	15254604
2021-04-29	0.0023482839171191498	0.0034320447356928838	0.01607657124139147	-0.002890173358197674	0.0023482839171191498	16057921
2021-04-30	-0.014597260241583651	0.0012614704897650358	0.005045918001588938	-0.016579599330344173	-0.014597260241583651	15915403
2021-05-06	0.0010973299195317708	-0.00036576444769574113	0.007498171177761589	-0.0031090343818580223	0.0010973299195317708	11496889
2021-05-07	-0.017720167419796474	0.00018264522533271117	0.004384325744087476	-0.019181639781452636	-0.017720167419796474	16929232
2021-05-10	0.005021405988469285	0.0	0.0055793193230425355	-0.014320252929142702	0.005021405988469285	12571223
2021-05-11	-0.003885991785973436	-0.00444119162766109	-0.0027757586458962784	-0.015914155886118452	-0.003885991785973436	10692083
2021-05-12	0.030466263033020195	-0.0018577372521740474	0.031023554485470752	-0.0042727845337995896	0.030466263033020195	24854923
2021-05-13	0.006309698822612187	-0.017486947584515158	0.008653325966228066	-0.017486947584515158	0.006309698822612187	20978585
2021-05-14	0.0007166069509135905	0.015764976710856325	0.020781082049444583	-0.003941275528484431	0.0007166069509135905	26044882
2021-05-17	-0.013963461977023535	-0.004296491151154777	0.009667042433457954	-0.014500572601135422	-0.013963461977023535	20377043
2021-05-18	-0.001633986868773233	0.0019970405956049146	0.0019970405956049146	-0.01071169169529085	-0.001633986868773233	12114700
2021-05-19	-0.0036370429664650734	-0.0034552280976457733	0.003818857835284374	-0.0074559008017493185	-0.0036370429664650734	10291028
2021-05-20	-0.00839567423990367	-0.0027377623154267424	0.0038327978858770854	-0.0116809452148029	-0.00839567423990367	14405784
2021-05-21	-0.0047856063027569935	0.004049272812469238	0.008282661208074246	-0.006074028857941149	-0.0047856063027569935	10913665
2021-05-24	0.01960423525060107	-0.0012946180876641444	0.020528943961531338	-0.004438653597188828	0.01960423525060107	16273082
2021-05-25	0.00779974591330045	0.002902231037507084	0.009613622172798375	-0.003446435634927701	0.00779974591330045	20873384
2021-05-26	-0.007739380710234323	0.00035998919438465454	0.007739398708794069	-0.007919402305266334	-0.007739380710234323	18036612
2021-05-27	0.03156172625500225	-0.0021767276949622577	0.049519317077465624	-0.003990585815516373	0.03156172625500225	48140969
2021-05-28	-0.01916652047066158	-0.01002285932869456	-0.005450993589783609	-0.022155759137607915	-0.01916652047066158	24771973
2021-05-31	0.008784528662325838	0.009680907308729133	0.01595552197840669	0.004123323845882581	0.008784528662325838	18623946
2021-06-01	0.01332859427759019	0.001777128132219599	0.026301759374444584	-0.005153723120668318	0.01332859427759019	32039426
2021-06-02	-0.021396018940722614	-0.0019291476674852075	-0.0007015082427219616	-0.021571360925990993	-0.021396018940722614	22312361
2021-06-03	-0.007885268958517414	0.001612903254711589	0.00788535856425369	-0.008422885455607255	-0.007885268958517414	14215246
2021-06-04	-0.003974024494688752	-0.006683507827248775	0.010838113966074649	-0.0148121384607634	-0.003974024494688752	18182224
2021-06-07	0.018861099362732968	0.015596681458046397	0.03155607601661358	0.015596681458046397	0.018861099362732968	22752847
2021-06-08	-0.00800996796012821	0.00035601637593450695	0.008366002135991472	-0.009967977928088283	-0.00800996796012821	17310409
2021-06-09	0.009151300915126505	0.0007177462766913019	0.016508200251211264	0.0005382738202046688	0.009151300915126505	17701028
2021-06-10	0.011024163903834854	0.001422439494223406	0.011201937723970974	-0.0060455189884238685	0.011024163903834854	27354233
2021-06-11	-0.021807984139852497	-0.0014069996235139067	-0.0005275940814703214	-0.024621913038657767	-0.021807984139852497	22767250
2021-06-15	-0.011147051620766839	-0.00035960086946424795	0.004674613532445408	-0.011326807107637723	-0.011147051620766839	18317911
2021-06-16	0.0009090727272727215	-0.00018178181818187381	0.014545436363636357	-0.003636381818181824	0.0009090727272727215	15652003
2021-06-17	0.07484103678185353	0.0019982016711752692	0.10081742235817297	-0.0001816167153791058	0.07484103678185353	91128350
2021-06-18	-0.010140240329229002	0.0028731114711209515	0.010309295599435324	-0.01960452998494265	-0.010140240329229002	54583054
2021-06-21	-0.015366262591770543	-0.004609885606966034	0.004951357350179215	-0.020317551647601167	-0.015366262591770543	39806958
2021-06-22	-0.010230553502013288	0.0041616439799425165	0.008323287959885156	-0.01387201365951148	-0.010230553502013288	29481165
2021-06-23	0.025578117534053278	0.0038541869707712927	0.04187103917760905	0.0005255605982634085	0.025578117534053278	51108821
2021-06-24	-0.014349162720376386	-0.00017085753039191215	0.009736931845969738	-0.01691154737083105	-0.014349162720376386	27352023
2021-06-25	0.027902945790243563	0.0010398093407312549	0.03968805823764191	0.0010398093407312549	0.027902945790243563	47498889
2021-06-28	-0.004215140714632596	0.009104653361917826	0.01483726159438103	-0.007587253286338721	-0.004215140714632596	34151510
2021-06-29	0.003217050402691328	0.0006772265378051656	0.01727058893886576	-0.006095496002446722	0.003217050402691328	29140881
2021-06-30	0.04337552742616034	0.007426143459915616	0.05485232067510549	0.0025316793248945256	0.04337552742616034	77795053
2021-07-01	-0.02410219993529602	-0.008411533484309295	0.00048524749272078747	-0.02944031057910062	-0.02410219993529602	49282719
2021-07-02	-0.03646611846623178	-0.0033151167473854937	-0.002983590154696161	-0.03779219168598736	-0.03646611846623178	38236120
2021-07-05	0.004128642626378072	-0.010665800607847865	0.00894548410553099	-0.015654567079742464	0.004128642626378072	31723695
2021-07-06	-0.021072469094954017	-0.0020558335113214574	0.001370601359784165	-0.0335788767102772	-0.021072469094954017	32527066
2021-07-07	0.006475306378636792	-0.009275428933766802	0.009625481442518001	-0.011200542723145709	0.006475306378636792	21120429
2021-07-08	0.013736759302269435	0.003999374160993605	0.025560807705122746	-0.0006954790713086029	0.013736759302269435	33592374
2021-07-09	-0.023842178796606894	-0.009433945273309518	-0.0051457805342329365	-0.02761578091965318	-0.023842178796606894	30164635
2021-07-12	-0.005271463714637141	-0.0005271305570197954	0.007907239500966444	-0.021613073273589824	-0.005271463714637141	32769081
2021-07-13	0.007595830991064631	0.0	0.019961154920311697	-0.003532962311730048	0.007595830991064631	25058408
2021-07-14	-0.01823283628624054	0.0001752805018359495	0.0036816093323701624	-0.019109396579428468	-0.01823283628624054	24198366
2021-07-15	-0.014821464285714292	0.000357142857142913	0.002678607142857154	-0.016964303571428578	-0.014821464285714292	26114656
2021-07-16	-0.02066338664721364	0.011056752258718532	0.018488327659536993	-0.021207142331235895	-0.02066338664721364	59000355
2021-07-19	-0.0412733674120556	-0.007958560206525215	-0.007958560206525215	-0.05219322695156802	-0.0412733674120556	64630346
2021-07-20	0.0015444401842556088	-0.015443996437142782	0.005791486598291241	-0.023166042918263383	0.0015444401842556088	36123826
2021-07-21	0.01387812232308938	0.0003855242793846631	0.02235929023979773	-0.008481148641458195	0.01387812232308938	37091528
2021-07-22	0.007604601049604615	0.0007604753140865847	0.015589354204918417	-0.0022813308852217542	0.007604601049604615	33485545
2021-07-23	-0.021132056603773583	0.0	0.0009433773584905601	-0.023396264150943338	-0.021132056603773583	28975325
2021-07-26	0.10254433109976233	-0.0005783153319523002	0.10485734184931879	-0.014649228707609317	0.10254433109976233	97665443
2021-07-27	0.12587414115604648	0.0034965209178929963	0.19999996153846225	0.0034965209178929963	0.12587414115604648	308012889
2021-07-28	-0.07981372422938741	-0.022515542779020414	-0.014130434343775387	-0.09503109953319573	-0.07981372422938741	172850495
2021-07-29	0.05079315054988696	0.019237327682663733	0.08977394835551614	0.0018562437346014912	0.05079315054988696	144274403
2021-07-30	0.03886304801670152	-0.01638027942829618	0.07049950216797812	-0.022000931427653806	0.03886304801670152	127093434
2021-08-02	0.04127375046301575	0.012984958633947741	0.09290454187959352	0.004792054265201492	0.04127375046301575	146900287
2021-08-03	-0.06843825610988333	-0.010391879299407911	-0.0029690765592476197	-0.07645489791486187	-0.06843825610988333	114322875
2021-08-04	0.019123521912350602	0.000796796812748999	0.03872509960159373	0.000796796812748999	0.019123521912350602	74374472
2021-08-05	0.05082089052664746	0.02673968683753422	0.058014119499388284	0.0106332445561651	0.05082089052664746	107244634
2021-08-06	0.0038690775536790586	0.10119052535076756	0.11458341285342624	0.0035715031356327396	0.0038690775536790586	150148947
2021-08-09	-0.050844945906388064	-0.024755381333462407	-0.019270605088505793	-0.058701438759286025	-0.050844945906388064	94201217
2021-08-10	-0.026393862664280225	-0.00343585824513294	0.006559394136488937	-0.048883289846685815	-0.026393862664280225	88438320
2021-08-11	-0.013314116137311522	-0.007378873917228157	0.00336860763554694	-0.018126419634263716	-0.013314116137311522	48680591
2021-08-12	0.009429393901134581	0.006015331036102406	0.02861326706594918	0.0035766868339029015	0.009429393901134581	49243607
2021-08-13	-0.059751956836849786	-0.016588806571106517	-0.016588806571106517	-0.06265097439201164	-0.059751956836849786	95121559
2021-08-16	0.00633776967561203	0.0001712572769569336	0.022610482654839288	-0.01027752637414315	0.00633776967561203	39643504
2021-08-17	-0.02825531914893611	0.0001701787234043074	0.009361685106382973	-0.029106365957446867	-0.02825531914893611	44080207
2021-08-18	0.014538413032054583	0.0	0.01541427570502715	-0.0021019267822736023	0.014538413032054583	26653401
2021-08-19	0.021581492457924463	-0.00034523481855090906	0.030386775911145577	-0.008114589368597687	0.021581492457924463	44564993
2021-08-20	0.0023661146650706343	-0.00726712885810817	0.015548454133799426	-0.015041389725921625	0.0023661146650706343	37785743
2021-08-23	0.0016860394252901268	-0.0005058506068816825	0.00826164207955417	-0.014837312176069598	0.0016860394252901268	33218907
2021-08-24	0.006396246423161085	0.0020198451439151655	0.024743326039387368	-0.0020198451439151655	0.006396246423161085	42277770
2021-08-25	-0.012878424270305557	0.004515805243087438	0.010536828724923472	-0.018899497927755513	-0.012878424270305557	28157401
2021-08-26	-0.0018637749915284062	0.008132836326668872	0.027787190782785385	-0.0025415282954931065	-0.0018637749915284062	39590714
2021-08-27	-0.016805330164657902	-0.0023765065353928616	-0.0010185367509760181	-0.02376509930402298	-0.016805330164657902	32051402
2021-08-30	0.0029351175046657247	0.01950968644715768	0.030559410585615017	-0.0012085635776437748	0.0029351175046657247	38596024
2021-08-31	-0.04131521776553629	-0.0015493200206576588	-0.0015493200206576588	-0.05474264072990199	-0.04131521776553629	57508298
2021-09-01	0.005027868648372631	0.0005387322775854816	0.014903950707558872	-0.019213503666969008	0.005027868648372631	39018984
2021-09-02	-0.013936072647202617	-0.006610737777188964	0.004466678498004672	-0.01750936184546444	-0.013936072647202617	29679083
2021-09-03	0.028628393343511437	-0.0016307483535196456	0.048378366522528776	-0.005979307953964691	0.028628393343511437	50609795
2021-09-06	0.0008807468733485495	-0.008807468733485996	0.007750554870530214	-0.022370970583054484	0.0008807468733485495	31811579
2021-09-07	0.0021119148187258	-0.0021119148187258	0.013199577613516367	-0.005455860612460352	0.0021119148187258	24261995
2021-09-08	0.0010537583606209714	0.0007025114278628038	0.00807873214047651	-0.005795539265815641	0.0010537583606209714	27424967
2021-09-09	-0.007192982456140291	-0.0005262982456139747	0.0042105614035087184	-0.017543859649122806	-0.007192982456140291	27927916
2021-09-10	0.02968722389114684	-0.006714984979678389	0.038699399187135414	-0.00689165930376397	0.02968722389114684	55177165
2021-09-13	-0.010125278874206339	-0.004976831989016754	0.0027458383387677465	-0.016646662090269493	-0.010125278874206339	27710418
2021-09-14	-0.007975017337031836	-0.002600572122052759	0.015256605409153953	-0.010402184466019407	-0.007975017337031836	29829808
2021-09-15	-0.01502970962898107	-0.0036700978037382485	-0.0006990737382196782	-0.0164278571054203	-0.01502970962898107	22530821
2021-09-16	-0.022178849854882013	-0.004968044624413625	0.005322906222091793	-0.022356333882960676	-0.022178849854882013	24399382
2021-09-17	0.009798602616610436	-0.001814607116410574	0.013972055634693295	-0.001814607116410574	0.009798602616610436	17411708
2021-09-22	-0.007187816453268063	-0.009883270085057702	0.009883180237801244	-0.010781724679902094	-0.007187816453268063	22873427
2021-09-23	0.0014480000000000064	0.0018099185520361876	0.011402733031674208	-0.0009049592760180938	0.0014480000000000064	23203082
2021-09-24	-0.02331467474011665	0.0010843484155305604	0.0037953911514407006	-0.02403762790393538	-0.02331467474011665	31236117
2021-09-27	0.01147296425845736	0.010547742217843414	0.028497427303896677	0.00555142476773838	0.01147296425845736	25756435
2021-09-28	-0.01152581412367362	0.00018291255031106953	0.0049396267837541735	-0.018294914013904137	-0.01152581412367362	18061946
2021-09-29	0.02794747414302192	-0.007033074348196748	0.04849163517474809	-0.011104923396352401	0.02794747414302192	45432281
2021-09-30	-0.006121713969720604	-0.0016204536978671699	0.007922200073420961	-0.011163179489319724	-0.006121713969720604	17240431
2021-10-08	0.0103260686535133	0.010688405603470846	0.01811594170079816	0.00018112318512463542	0.0103260686535133	17440173
2021-10-11	-0.006455083378160418	0.004124081047157914	0.009503299264837664	-0.008248144163528839	-0.006455083378160418	20386040
2021-10-12	-0.016783974011911205	-0.006497040245443005	-0.0005414004692293189	-0.024363815195812974	-0.016783974011911205	17892611
2021-10-13	-0.0016520007342142764	-0.002019107929515362	0.015051376651982432	-0.004772375183553478	-0.0016520007342142764	19559872
2021-10-14	-0.004044879647819141	0.0011031807520348956	0.0016547343565862867	-0.00808968575270617	-0.004044879647819141	14540322
2021-10-15	0.014952963446666497	0.0018460772326409072	0.02326014484992228	0.0009230755371267283	0.014952963446666497	22230510
2021-10-18	-0.015096362313568503	-0.005092742815569235	-0.0032739359767187557	-0.019097853765005404	-0.015096362313568503	20687133
2021-10-19	0.005909491933167478	0.0024006831984973134	0.009787589666201657	0.0	0.005909491933167478	12487513
2021-10-20	-0.004406113376058255	0.003488140196656011	0.007159904403159336	-0.0053240498380017235	-0.004406113376058255	13404574
2021-10-21	-0.00940437027475555	-0.0023972340033191503	0.0005531624562051667	-0.012723566291720455	-0.00940437027475555	17617345
2021-10-22	0.0385331340556005	0.013961280454927765	0.050819060855937	0.013216660215624274	0.0385331340556005	55315778
2021-10-25	-0.005377289740503853	-0.010575371740896658	-0.004660369158265476	-0.017924358882875805	-0.005377289740503853	22893140
2021-10-26	-0.00883045561973483	0.0005406018907695514	0.01225438773637101	-0.011353414620529299	-0.00883045561973483	22440474
2021-10-27	-0.016000018181818183	-0.0009090727272727215	-0.0009090727272727215	-0.01781818181818176	-0.016000018181818183	17318302
2021-10-28	0.0022173503735651765	-0.0001847376235170119	0.01626018137953033	-0.0020325388402168466	0.0022173503735651765	15408100
2021-10-29	0.014749243556443817	0.0029498523986043307	0.02101767990347794	-0.0025811945950886504	0.014749243556443817	20930979
2021-11-01	0.005632212833717114	-0.004360501374264091	0.007994167732664108	-0.007994240407081339	0.005632212833717114	19183115
2021-11-02	0.01156285497968758	0.005420126663780571	0.03107501467299061	0.004516711996990497	0.01156285497968758	56816278
2021-11-03	0.01786033156419605	0.0	0.021075119804425134	-0.009108804818403116	0.01786033156419605	40400838
2021-11-04	-0.0028075099909629165	-0.00017550446831007422	0.012107351742152998	-0.006667853775474513	-0.0028075099909629165	33081912
2021-11-05	0.007742354117812679	0.009853897242516422	0.027450236584542136	0.001407671954683307	0.007742354117812679	39494569
2021-11-08	-0.022001082591234504	-0.012746621267679526	-0.006460590186834337	-0.030033193644141844	-0.022001082591234504	27843939
2021-11-09	0.0442778805312579	0.004999161042640879	0.06320301957518364	0.0005356722205202285	0.0442778805312579	62342174
2021-11-10	0.015216258669302202	-0.007009745015908815	0.017780765334902873	-0.00974532365377586	0.015216258669302202	47394911
2021-11-11	-0.015661838739275194	-0.004715442830659445	0.01330409206291525	-0.028629184428609226	-0.015661838739275194	77742420
2021-11-12	-0.039178801724913635	-0.0331908120925438	-0.029084704378362632	-0.057142856165220655	-0.039178801724913635	84356482
2021-11-15	0.00213673433048433	0.0	0.006410256410256527	-0.00516383547008541	0.00213673433048433	25449710
2021-11-16	-0.021499627247683433	0.0010661158682679945	0.0015991471499493704	-0.022210377082629303	-0.021499627247683433	31614985
2021-11-17	0.0034501180315962008	-0.0005447430542946007	0.011621554385327821	-0.00835298710731802	0.0034501180315962008	23126247
2021-11-18	-0.012486392055244062	-0.004704994741404136	0.0012668114826930917	-0.013391205696388188	-0.012486392055244062	23746219
2021-11-19	0.0025654938610958967	-0.00018323254535460023	0.005864009529045314	-0.0049477918270111896	0.0025654938610958967	22346641
2021-11-22	0.011515280780758193	0.00018281850087403705	0.015353683336751592	-0.0007311460561350719	0.011515280780758193	34861965
2021-11-23	-0.007770148174918807	-0.003252620166245154	-0.002168395374051318	-0.008312233465847549	-0.007770148174918807	25689069
2021-11-24	-0.002549626661810116	0.004552904753232562	0.008741558914587626	-0.00327809142232744	-0.002549626661810116	25023198
2021-11-25	0.004199379222201878	0.0	0.01278073763008947	-0.003103925506664301	0.004199379222201878	23802788
2021-11-26	-0.013636363636363636	-0.003454527272727277	0.0003636363636364205	-0.015454509090909079	-0.013636363636363636	27285303
2021-11-29	0.0	-0.006451576036866347	0.007741898617511515	-0.009953935483870906	0.0	16023451
2021-11-30	0.00018429493087563243	0.0036866543778801904	0.007741898617511515	-0.0033179723502304095	0.00018429493087563243	14872544
2021-12-01	0.004423184829457549	0.0	0.00718768917020597	-0.0012900663947684407	0.004423184829457549	15176990
2021-12-02	0.005504568807339444	-0.0009174128440366914	0.00660552293577976	-0.003486220183486243	0.005504568807339444	19134926
2021-12-03	0.004197080368559804	0.00036498175848507955	0.008941642498935027	0.0	0.004197080368559804	22185715
2021-12-06	-0.017990151153737075	0.0	0.0009086498438788596	-0.018535362866352108	-0.017990151153737075	28412706
2021-12-07	0.0001850110994632117	0.003330865963529624	0.003885991785973568	-0.006476720827595773	0.0001850110994632117	20307823
2021-12-08	0.0035153192139744027	0.0005550971425550012	0.006660518162081685	-0.003515226707034773	0.0035153192139744027	22586548
2021-12-09	0.013089951582228986	-0.0025811945950886504	0.015117975106269407	-0.0035030050330749855	0.013089951582228986	31281529
2021-12-10	0.026387642831890035	-0.004549590454056588	0.02929936252412442	-0.005823475781192439	0.026387642831890035	70222229
2021-12-13	-0.0069149642937955495	-0.0067376238745523	0.0017730141215243106	-0.010283723039584296	-0.0069149642937955495	31983903
2021-12-14	-0.0178539552884826	0.0007141760654945323	0.0007141760654945323	-0.018925139043925742	-0.0178539552884826	25502296
2021-12-15	-0.01599703748398615	-0.0023631522400710324	0.004544628414638372	-0.018178513658553486	-0.01599703748398615	28907438
2021-12-16	-0.012747127050671951	-0.0068354515640965344	-0.0068354515640965344	-0.03011270958594662	-0.012747127050671951	39265689
2021-12-17	0.0009356848977485327	0.0001871631771550008	0.008233570513352738	-0.003929622079521434	0.0009356848977485327	16652393
2021-12-20	-0.011591007231594364	-0.008599794032537154	-0.005234679183597592	-0.015330042425498458	-0.011591007231594364	20799164
2021-12-21	0.003972063627237829	0.0017022886646924924	0.004917760637748453	-0.0007565159969078043	0.003972063627237829	14736937
2021-12-22	-0.0011304068903387988	0.001507121269513069	0.0032026750865608417	-0.0022607949411907894	-0.0011304068903387988	15522821
2021-12-23	-0.004337966804979375	0.0005658053564691919	0.002074707657487682	-0.00622408525084879	-0.004337966804979375	12738656
2021-12-24	-0.004356885691288335	0.002083746882293183	0.00473574531661782	-0.005304091583555636	-0.004356885691288335	13584757
2021-12-27	0.0026636224759584875	-0.0005708142965979622	0.008371365898566102	-0.0005708142965979622	0.0026636224759584875	10306999
2021-12-28	0.00891834897688141	0.0024668120974039457	0.014231498781185981	0.0	0.00891834897688141	12549961
2021-12-29	-0.008275305934749195	-0.000752247536289161	-0.0003760767491471227	-0.010344160629834887	-0.008275305934749195	11656150
2021-12-30	0.0030343068461977287	0.00037929072634180025	0.008154750616347425	-0.0009482268158542985	0.0030343068461977287	15721509
2021-12-31	0.0018907733388309166	0.0001891283832317248	0.010588050871394366	-0.002836018204500366	0.0018907733388309166	14307271
