2019-10-09	-0.0439889678667257	-0.017251817653855448	0.02669142498226128	-0.05208233368454815	-0.027376979436221697	15214007
2019-10-10	0.03581097066412266	0.02690832367023461	0.09045463082804615	0.0201300509067347	0.0538095937003749	13581980
2019-10-11	-0.043819064389616906	0.026169762466239654	0.02657877843712622	-0.029249110194456703	-0.02720415303868033	13688025
2019-10-14	-0.0016816971881702836	0.01694856567047626	0.021439799873072936	-0.02069239078218129	0.015665413948548056	13324889
2019-10-15	-0.01726690439580675	0.006450581284123767	0.025302806017640376	-0.005760504951124229	-0.00019057863710309877	6983536
2019-10-16	-0.03385461139643823	0.02021030109850923	0.021736256709681268	-0.017066592746470252	-0.017066592746470252	8806389
2019-10-17	-0.05078733845992608	0.015345594872369382	0.015345594872369382	-0.03858051526983886	-0.034293545662404126	11143678
2019-10-18	0.011915901201920875	0.02165499742375593	0.06943369886935259	0.005491050939271315	0.029499277805441357	11275688
2019-10-21	-0.054029094378177385	0.00210743240014863	0.002577243667096734	-0.04745767975343185	-0.03759159616639642	9108841
2019-10-22	0.023675888593893118	0.02408105119381914	0.044195079782465736	0.0151414249903378	0.04146353491902661	6184878
2019-10-23	0.0803528097899833	0.016163353272194106	0.13405676532661343	0.00039579187557357734	0.09912541542258009	16301308
2019-10-24	-0.021628666616145854	-0.0008111392717709143	0.03242031047829146	-0.009792657084557739	-0.00462822034921085	9776896
2019-10-25	0.015113854796062594	0.017376271857982833	0.043998343189160675	0.009802705665369567	0.03275276715776433	7427091
2019-10-28	0.020666665430742876	0.018054517894541	0.05400181346193206	0.001550413640330118	0.03840206629576588	9065875
2019-10-29	-0.04006096903751596	0.013610647413261552	0.0322171373835438	-0.024045277741512397	-0.02338078239315696	8326240
2019-10-30	0.007938257973031992	0.03883603844514815	0.06721827583492	0.01529954890241038	0.02545252131644474	9046524
2019-10-31	-0.0625562143929725	0.011653011296631917	0.016460663981379135	-0.05199022073312281	-0.04626690644148505	8340900
2019-11-01	0.012001890082966938	0.019818348755278242	0.043018264884006584	0.013224793006292423	0.029586773053066815	4449242
2019-11-04	0.014705938422766573	0.03716401424075895	0.04874702237643966	0.03016590811479732	0.03233772666485931	4815490
2019-11-05	-0.030855538537716522	0.0057233242120641485	0.006674611460598631	-0.02852223194281375	-0.014015440290274241	6591242
2019-11-06	-0.013265816127666499	0.008542279910298196	0.03038185915527243	-0.0015185800980390659	0.003879967856210027	4809262
2019-11-07	0.026155026113694413	0.021106616434986562	0.05741481425720452	0.019117099912046916	0.04398574559072059	5888498
2019-11-08	0.018341951061052193	0.017376243377723897	0.04694270441386182	0.017376243377723897	0.036037027260545494	5882095
2019-11-11	-0.04093560738249227	0.007619066113708935	0.007619066113708935	-0.02665040577966875	-0.024270625633867192	4165271
2019-11-12	0.04292677818765077	0.025564978831128946	0.0637785504323353	0.00819511490644853	0.06104897947232422	6158767
2019-11-13	0.012628719163634911	0.014045337201964835	0.03902766040701056	0.006669644245192713	0.030224380971940894	6728100
2019-11-14	0.003926061981615288	0.017141309495745688	0.04463156753079194	0.00233881406213206	0.02137058719221054	6657127
2019-11-15	-0.020473931177993433	0.012227379081891797	0.0403123239865311	-0.0034533219477060977	-0.0034533219477060977	5220370
2019-11-18	-0.02090180304268153	0.016420616345118245	0.02526111006365571	-0.012490241681353662	-0.003888728657825678	4896585
2019-11-19	0.011033835143798586	0.020060639922123938	0.03299449667510247	0.013227722076418934	0.028601890943557313	3833002
2019-11-20	-0.021352302344244924	0.013755723827741796	0.01737632825835155	-0.007967661385506202	-0.00434705695489645	4116788
2019-11-21	-0.004121175457549777	0.011456939296623387	0.02230902682077614	0.009237209255751413	0.013183494649747716	2178470
2019-11-22	-0.026046788013465414	0.01589028741522443	0.03347395645629715	-0.00937075824941555	-0.009123150470439916	4564146
2019-11-25	-0.03249191152798206	0.014579248793864874	0.014579248793864874	-0.021020072165314752	-0.01568020707790282	4992783
2019-11-26	-0.005941572322381036	0.01579945213063074	0.02578653426354445	0.008440412563312382	0.011331459128686903	2052769
2019-11-27	0.005197449653424464	0.017376273838774516	0.033239782130245824	0.01420360919520957	0.02266409230987009	2040652
2019-11-28	0.005687733379436242	0.024478000854459395	0.04630892947890784	0.018165375364127087	0.02316290780568844	2716061
2019-11-29	0.0056554614132318885	0.011360902417476934	0.024699307114439115	0.0110994184033745	0.023130063032607232	1815809
2019-12-02	-0.015593087114905108	0.018936749644301844	0.026218558499933764	-0.0010882962267067219	0.0015123070681104676	2403303
2019-12-03	-0.018696318930883516	0.013942019425839414	0.013942019425839414	-0.0143257745428384	-0.0016448950054876905	2836432
2019-12-04	-0.002117052599295426	0.009838101217820274	0.02626044950962686	0.0036461053280309975	0.0152224958019433	2151654
2019-12-05	0.0031823025398878316	0.020883626038349302	0.027358628998614964	0.013869151910370393	0.02061389045449268	1863946
2019-12-06	0.030927726646307344	0.01872093297192948	0.05422018313094999	0.016569409478579503	0.04884148197106039	3911603
2019-12-09	0.019743648812955216	0.020245893601686167	0.0429411859691697	0.011637272359760246	0.03746300565267348	4053475
2019-12-10	0.048277587320662264	0.014562320475422951	0.10256263195577639	0.0027948557034519392	0.06649274145380904	9001678
2019-12-11	-0.019908924200829414	0.007370890030993374	0.023965178350164176	-0.005318884263502129	-0.00287847453588166	4385059
2019-12-12	-0.00391572876815703	0.020613300171743742	0.03978549144607079	0.013392542347357629	0.013392542347357629	3484720
2019-12-13	0.012039236028898902	0.0256252589685094	0.03412422549417996	0.009877248926530606	0.02962477262764854	3192498
2019-12-16	0.013595596279371396	0.022069311413792078	0.034172064104738976	0.017376338755158188	0.031208137272056114	3320845
2019-12-17	0.00359281262024233	0.01761993404477394	0.02834205677666439	0.006897933154356385	0.021031592762908984	4523290
2019-12-18	0.02673023900718832	0.02368937651295262	0.06229625764804746	0.019804407342125557	0.04457108580614868	7100265
2019-12-19	-0.002789389658366822	0.01926823820966736	0.028491410098787185	0.0027140915093864684	0.014538549577918947	3452337
2019-12-20	-0.0186479869726497	0.022119327290829254	0.025202333391814682	-0.0015957394080329903	-0.0015957394080329903	3348984
2019-12-23	-0.03349169041571818	0.022209446080637355	0.029459134469867455	-0.01838894422701893	-0.016697344630866577	3433210
2019-12-24	0.01990662190477501	0.024877314140483334	0.042129406419042094	0.017376307703009044	0.037628847562146045	2122594
2019-12-25	0.0493975183225185	0.018602051878886933	0.06763223606150927	0.013453907054803772	0.06763223606150927	7056164
2019-12-26	0.0011481518919825768	0.026019956042331607	0.026019956042331607	0.008966368246381674	0.018544400466633575	4851014
2019-12-27	0.0006880824231645913	0.0145762262342577	0.057511374722552036	0.011076124928308236	0.01807639754316681	5093621
2019-12-30	0.0034379998199363057	0.021340418855446245	0.024838206732317094	-0.011305096099391246	0.020874053356736713	2776348
2019-12-31	0.04225678890140479	0.019002977231707786	0.07384558053740946	0.017608744063784414	0.06036736581118668	6635392
2020-01-02	0.05851414188713645	0.013139984422080558	0.09697379717605953	0.012248202713262088	0.07690715914070566	7630653
2020-01-03	-0.014285732340306658	0.013163501004527435	0.02706553714729384	-0.00642573174209784	0.0028423555441530303	5590504
2020-01-06	0.050199517728161315	0.010324521029665941	0.08297901456773452	-0.0031378611771340705	0.0684481201339133	7312398
2020-01-07	0.00039997132626585585	0.014934636725335852	0.04749065860324033	-0.0019538508741592355	0.017783270072534732	5283760
2020-01-08	0.032387043156933894	0.050326142138174455	0.050326142138174455	0.050326142138174455	0.050326142138174455	8341642
2020-01-09	0.014910966467933455	0.04614024375383811	0.09440850627499955	0.027424065139195413	0.03254636987253092	5511836
2020-01-10	0.08070977653012056	0.02494691726049851	0.09968268962848041	0.010970426359678485	0.09948851265485292	7114808
2020-01-13	0.01924436278051609	0.036955063095203924	0.036955063095203924	0.036955063095203924	0.036955063095203924	4584798
2020-01-14	-0.029793881816471898	-0.012935306163388295	-0.012935306163388295	-0.012935306163388295	-0.012935306163388295	5379767
2020-01-15	-0.01660417730974713	0.013925122665050011	0.03317918292929357	-0.040930751293631	0.0004836579047151557	5252500
2020-01-16	0.02596221348356465	0.014051596088524188	0.0439743920396103	0.0007525223054862466	0.04378964625282367	5311129
2020-01-17	0.09538138146204553	0.03123899875189104	0.1696857533141605	0.03123899875189104	0.11441510474223397	9218811
2020-01-20	0.08562194654593111	0.01869117512502756	0.1307834124665284	-0.03275292644844266	0.10448602633637183	8831276
2020-01-21	-0.027529794819719525	-0.01577920414343475	0.04281069651309701	-0.029707661452401085	-0.010631824918495673	4894781
2020-01-22	0.0697782254960309	-0.011736008533444874	0.10533622233971987	-0.011736008533444874	0.08836703838189727	5887072
2020-01-23	0.044199679745493735	0.0031146615649319483	0.1450030693736957	-0.02482641117517182	0.06234397641433374	8547924
2020-02-03	-0.1617808890104228	-0.1665876713479401	-0.010497051441484901	-0.1665876713479401	-0.14721571221418886	8980208
2020-02-04	0.17764342150966378	0.06393062314625807	0.20010173430994607	0.06393062314625807	0.19810651945374383	8761182
2020-02-05	-0.012489600517706898	0.04476615429781436	0.083874250420875	-0.028649803378539257	0.004669779985095783	8356728
2020-02-06	-0.0008431670897109449	-0.012075553833177073	0.04211018780601529	-0.013505227807520594	0.016518497534720882	5519118
2020-02-07	0.00014071559733660745	0.027392750754257237	0.027392750754257237	-0.035567262363172376	0.017519449595677257	5579019
2020-02-10	0.040078745009494626	0.014944100030964911	0.09177304849067693	-0.008376493374528463	0.058151430885864	6531019
2020-02-11	-0.0662520771203133	-0.0027071342892671492	0.011048629375708476	-0.050439647962496184	-0.050026988808310725	4683157
2020-02-12	0.00014487226859274252	0.012809484009881649	0.04595597621384141	-0.017832636024438568	0.01752365179000027	5834201
2020-02-13	-0.008252501976717758	0.017818121935498265	0.0642165186436004	-0.010168209547399488	0.008980367156908338	4900048
2020-02-14	0.012554675619973954	0.007870868366288954	0.057477184594606295	0.0054944556335204935	0.03014918077818287	4376475
2020-02-17	0.03013267461638116	0.018109797495464618	0.05610000281333296	-0.0041857203486503495	0.04803252823211982	5506390
2020-02-18	0.043526861041120114	0.02235999463930258	0.09469401165330867	0.009687301953356762	0.06165955390818577	5424232
2020-02-19	-0.041040766760119585	0.018058649101277635	0.03279533780723328	-0.06285662668365655	-0.02437753069134319	7100619
2020-02-20	-0.02097891271891076	0.014530610500243514	0.03430896217948161	-0.025310744807869403	-0.003967184475195011	3609473
2020-02-21	-0.0171428627072823	0.004586433932835399	0.02580598146317191	-0.0026805393768506223	-6.442898536355553e-05	3374983
2020-02-24	-0.06860465410308521	0.006433529669701096	0.006433529669701096	-0.059074810738069417	-0.05242044535320872	6462035
2020-02-25	0.0035891885417648115	-0.0158059120421057	0.047541970978547954	-0.031047551766876846	0.021027872013683804	4603240
2020-02-26	0.014150342912464427	0.03319619450305743	0.08176320385939215	0.01247218608390835	0.0317724529510107	5303504
2020-02-27	-0.052744639084851795	0.02954354765637758	0.044674733577138644	-0.05469186471379719	-0.036284858414129456	4469947
2020-02-28	-0.07316287619888975	-0.03153283582018271	-0.0053491301012680865	-0.0570578653110036	-0.0570578653110036	4280301
2020-03-02	0.04418444510808636	0.04118497941722919	0.0724561184935353	0.01275675515862756	0.06232855094194901	2885556
2020-03-03	0.018564982441197496	0.03796547604312724	0.08050504473341935	0.030308336663047185	0.03626392732717052	4108208
2020-03-04	-0.02709360009152047	0.023891554299763033	0.023891554299763033	-0.02772901759068716	-0.010188063265638337	2871038
2020-03-05	0.007594933187737822	0.038839959526795205	0.05068786916701883	0.004498142682934205	0.02510324996015923	2762540
2020-03-06	-0.021943086195922806	0.004936064543990232	0.011411775638492647	-0.011594187635312572	-0.004948027662615696	1910324
2020-03-09	-0.09898944854036626	-0.0016156055184905049	0.011975019899299843	-0.08403021755911454	-0.08333324766625902	3873717
2020-03-10	0.03041241408648199	-0.019559459646934306	0.05373187280054742	-0.03580344461049631	0.04831715313179489	3962502
2020-03-11	0.004427229058624494	0.014373513429020058	0.06748506060501823	0.014373513429020058	0.021880478121445595	3642111
2020-03-12	-0.03801654035256344	0.006912908477986382	0.006912908477986382	-0.03269841827413367	-0.02130079547802864	1847243
2020-03-13	-0.03436424488243979	-0.0405041633765737	0.009024446437934007	-0.05779070382202132	-0.017585032984319	3465311
2020-03-16	-0.06860423012110478	0.03286419104564837	0.0358813614530402	-0.06448854272974407	-0.05241996167118287	3383140
2020-03-17	0.014434348041875569	0.021479511820029863	0.042427422367447516	-0.01458536720418377	0.03206147829641045	2527058
2020-03-18	0.029504082810470535	0.026956150208935648	0.10763941237844002	0.026956150208935648	0.04739306638577228	4612102
2020-03-19	0.019308912828387193	0.0442581846268322	0.04984134719810444	-0.006197041635173467	0.03702079302083178	3212883
2020-03-20	0.00199403730243243	0.026708207808739504	0.040503140974418414	0.00033554146258870136	0.01940498761083137	2103358
2020-03-23	-0.0847760944063658	-0.01805471415329771	-0.0008454042753776159	-0.08102071046110239	-0.0688728729900947	3452918
2020-03-24	0.019351983299720772	0.03772822333627994	0.04724054770282455	-0.020009395521872073	0.03706459492076381	2363570
2020-03-25	0.0238908086103979	0.05470322679086939	0.06989444785752119	0.03690784352222627	0.041682242167206084	2603098
2020-03-26	-0.01124999875477381	0.0067786299175651875	0.03581622394300591	-0.007634200994938898	0.005930795139137206	1929825
2020-03-27	-0.013485059166669746	0.03323932999275492	0.03902718504068421	-0.0027740117419715036	0.0036569383112831327	1323124
2020-03-30	-0.07090991252215105	-0.02217141569761682	-0.02217141569761682	-0.09800749825033866	-0.05476570184102959	4638263
2020-03-31	-0.015861973413593442	0.02673159913462666	0.04053049699092803	-0.006011595096928871	0.0012386966562089338	2493054
2020-04-01	0.008642778944384552	0.007157376321350478	0.05136015317157012	0.007157376321350478	0.026169289367310618	2487698
2020-04-02	0.05187592014184849	-0.007834221849063813	0.07203851422059096	-0.007834221849063813	0.07015356421587281	2859748
2020-04-03	-0.03588728752050465	0.007968573958988489	0.013792347587703872	-0.023838389576225187	-0.019134558630384966	2309295
2020-04-07	0.024206376791014454	0.05106429781008759	0.058266480938378266	0.036659722455843695	0.04200330615931085	2716028
2020-04-08	0.007357842750181708	0.013293196002420885	0.03756514185957923	0.0028585893819344935	0.02486206951227926	2273014
2020-04-09	0.021691081297694863	0.025708119176882618	0.05475673670695768	0.01940302029726674	0.039444299026327054	2866269
2020-04-10	-0.04007797034484713	0.024869979814910258	0.029278044779059983	-0.033756991073426466	-0.02339806816196445	2941892
2020-04-13	-0.04716773210294259	-0.0012216551584823695	0.005896098535292689	-0.038187957088900416	-0.030610972000293734	2288549
2020-04-14	0.016106089170891555	0.03785880980318018	0.04050948240773902	0.014966613212239127	0.03376236397200023	2023060
2020-04-15	0.0016318100244820518	0.019036439765177354	0.03871989769509953	0.015953457379258563	0.019036439765177354	2032649
2020-04-16	-0.0020944644622093926	0.006721857217150504	0.019270342109042063	-0.007957482811798729	0.01524539614753687	2261439
2020-04-17	0.025419790477913717	0.023544999549559617	0.05937151915506149	0.023544999549559617	0.043237730574336275	3111816
2020-04-20	0.0020467610357727544	0.02478038776309965	0.02478038776309965	0.008121031535724178	0.019458656359537255	1811496
2020-04-21	-0.023831127909647757	0.015067213799298812	0.015067213799298812	-0.01910700129464955	-0.006868975693711592	1795644
2020-04-22	0.01488028146858892	0.012645436200382183	0.03322475169371507	0.006495241560046345	0.032515166618135694	1770403
2020-04-23	0.1562428445700776	0.01854167676662206	0.19754396277498296	0.01854167676662206	0.1763340564901382	8862619
2020-04-24	0.009114356922849304	0.0050798865134608915	0.06817457136649607	-0.011852887109050417	0.026648968982783735	7569765
2020-04-27	-0.037895257310791124	0.02476732837139525	0.033756535613571934	-0.04355045489981914	-0.021177386568791794	4752213
2020-04-28	-0.03775506481611295	0.017376352075004525	0.05018159025931497	-0.10512410735346958	-0.021034754385935342	5558378
2020-04-29	0.08419937986436418	0.007450668576989324	0.12159534963005464	-0.005711505306971515	0.10303872934769233	5650603
2020-04-30	0.06611897113244501	0.0141920013166983	0.09021659945355816	0.009017592032303652	0.08464413572221721	6304294
2020-05-06	0.026422008271623703	-0.0012911904847952404	0.06255146617173524	-0.0027846241703809557	0.044257379543397105	6566721
2020-05-07	-0.05076871288970445	0.012102103620955703	0.012102103620955703	-0.038457587003540024	-0.03427461371756035	5520738
2020-05-08	0.05141243157593479	0.034619974599313194	0.10359460125334241	0.034619974599313194	0.06968213427999269	6105805
2020-05-11	-0.0016120394085258301	0.020474174258721212	0.0350523585253784	6.47089962998998e-05	0.01573629489516903	3520428
2020-05-12	-0.02619307769055284	0.019931632092998763	0.030882919644410294	-0.03263465401639964	-0.009271886554255124	3755787
2020-05-13	-0.01105373405890944	0.0051933426475374795	0.017376330716737973	-0.010363481317171038	0.006130479716377622	3141627
2020-05-14	-0.006892724341895085	0.006383732956767688	0.04239373629773439	0.0024037030980625235	0.01036383862592648	2854213
2020-05-15	0.022697453734759628	0.017185453522543817	0.055162960555532055	0.004971613273335227	0.04046814196092372	4043928
2020-05-18	-0.052091009646134286	0.017003078533630846	0.024467358633073234	-0.0387921735548409	-0.03561983305287997	4281738
2020-05-19	0.024187354417788413	0.03529065475076466	0.049858389207826315	0.02131356158509835	0.04198392006004887	3156360
2020-05-20	0.03268464975826888	0.01737627941362069	0.06715909754476146	0.01257098808822101	0.05062889538538643	4736356
2020-05-21	-0.0349433397151082	0.02128497903443543	0.028171775334498696	-0.02841119193600662	-0.01817416391667022	3007990
2020-05-22	-0.05459714094676214	0.008697304629600543	0.031841430774857744	-0.03951958465894421	-0.03816951175886495	3088366
2020-05-25	-0.044114719577254595	0.017784338328575764	0.026760649637332965	-0.0411732840194473	-0.02750494397575501	3079272
2020-05-26	0.04006717117038368	0.024419252457368427	0.06411551983215914	0.020577680260653302	0.058139762201558996	3173046
2020-05-27	-0.03348126398276861	0.019838735797258214	0.021069867857630424	-0.01812312904739513	-0.016686736490666442	2710781
2020-05-28	0.017111879573721865	0.015890157493128686	0.03733325361903719	0.0037886653701628965	0.034785587827932715	2408386
2020-05-29	0.025851461428527085	0.005060977558377472	0.0749872937545556	0.0044347087472217704	0.043676984227723877	3858314
2020-06-01	0.04040001364912074	0.030805686962706972	0.07373896764749416	0.01798672498891715	0.0584783228543234	3345662
2020-06-02	0.00019219063746646784	0.014442675607374311	0.030479749253704	0.004663972164490359	0.01757186070909711	2783446
2020-06-03	0.018643113644829366	0.014834414813062186	0.05589703830657574	0.014834414813062186	0.03634338944904656	4238645
2020-06-04	0.06886796958405667	0.032732931573341444	0.12429682019604887	0.019871797529672126	0.08744096145978844	7893824
2020-06-05	0.0672550555699367	0.004445817628054647	0.10717122591920625	0.0021111321151373436	0.08579998443315519	8148248
2020-06-08	0.030433366631120836	0.030669840153793135	0.10790690862116536	0.013001231149847952	0.048338449157738314	9437957
2020-06-09	-0.013804212091306466	-0.012018218645332666	0.03533961841073508	-0.019203524361271054	0.0033322257594872702	4802428
2020-06-10	0.027018246356185667	0.01853540763515431	0.06705293186776178	0.010255977942804506	0.04486399405682663	4625449
2020-06-11	-0.06744637354684883	0.011733170346747368	0.012378115980963094	-0.06388479869218609	-0.06146634527249407	5881642
2020-06-12	-0.029376405969221028	-0.023325084703940124	0.007104121115015908	-0.03179689643878299	-0.023152225871272122	3682375
2020-06-15	-0.03699114779107856	-0.01300318868904872	0.012290755473650742	-0.031350160871930245	-0.03081580033515865	3692059
2020-06-16	0.1523617049313068	0.02102506993836634	0.17417880915776598	0.02102506993836634	0.15975129975379238	7416104
2020-06-17	0.007974495226723402	0.006412565421831759	0.04589865618242685	-0.004341795358126792	0.014438183837865212	5394915
2020-06-18	-0.010284819524912794	0.004979369339227967	0.004979369339227967	-0.02782461541744389	-0.003938241940618211	2986772
2020-06-19	-0.0076738353220425866	0.013652923404797073	0.05226830504729486	-0.009355388983597524	-0.0013105245121308796	3781148
2020-06-22	0.049782575495410056	0.02489663841842217	0.08618612314575136	0.021815965431813484	0.05651431918122542	6210939
2020-06-23	0.10988326526843605	0.011972693972910033	0.14279397178712053	-0.015674256106978306	0.11700043618928803	7466202
2020-06-24	-0.036366060295689354	-0.01891476665479161	0.020467831537228247	-0.044381262246170214	-0.03018678192910573	6877478
2020-06-29	0.010044397677819821	0.002224505098954213	0.02792994549111925	-0.015827088492839814	0.0165213238998305	3507762
2020-06-30	0.008665942499544456	0.022282937091224503	0.05645433845297405	0.0026950952637589676	0.015134105363313841	4374801
2020-07-01	-0.048591428480345235	-0.007762233522676386	-0.006911772358203535	-0.044616750785040786	-0.042490512824906956	5675176
2020-07-02	0.004885145468243105	0.006114473450809514	0.0247379461360899	-0.008337356251746371	0.011329016005131717	4453356
2020-07-03	0.02975845489988397	0.006857438587741681	0.06883145994749966	0.006709145442290613	0.03636184399279406	4795121
2020-07-06	0.03404856293217064	0.006556568879075216	0.05392552720035025	-0.02036752918668336	0.04067949691467605	5369812
2020-07-07	0.05644722982423276	0.020336399123078778	0.13924570572456332	-0.007511210403309962	0.06322174564132688	6865454
2020-07-08	0.08761136091080289	0.012211701064004567	0.11066502187543614	0.006412545393508421	0.09458569695629676	5623688
2020-07-09	-0.012040958964594057	0.0202272066172476	0.024226136051263475	-0.017460244828348678	-0.005705625667679844	4095820
2020-07-10	0.001096873110063301	-0.011372988791005635	0.022603460739228448	-0.018732470728851012	0.007516423413308146	3103068
2020-07-13	0.14438761874402778	-0.007555212613468426	0.1519710608981153	-0.012211089673623029	0.1517260495596786	5107281
2020-07-14	0.07127659854659907	-0.014572221887584023	0.15148586854397875	-0.021424381662812308	0.07814616711745741	6590288
2020-07-15	-0.0441906650250117	0.029399119146171937	0.038893547058710794	-0.0555512935989005	-0.03806150273962088	4588404
2020-07-16	-0.12238959330330897	-0.006762339396687377	0.01655509411729549	-0.1308777864269423	-0.11676189124249192	5017493
2020-07-17	0.04747249153020517	0.04727906064098288	0.0842137923765854	0.012727168703403947	0.05418944617716098	3013336
2020-07-20	-0.021247804316283442	0.034848693535416	0.034848693535416	-0.10846961068181288	-0.01497151203138956	4174804
2020-07-21	0.11893768621102055	-0.0028845109038293025	0.1286696492582472	-0.005557465983313357	0.12611293134395246	4396598
2020-07-22	0.01620228621821908	-0.012282460010810866	0.07080629378615044	-0.038247695572361275	0.02271870868444173	5310257
2020-07-23	0.06540067528675104	0.0016088802561559034	0.0802045363009274	-0.018832117300092176	0.07223256769498813	5580541
2020-07-24	-0.07730435407745355	-0.031192512728657074	0.04449706304263278	-0.07138756776400312	-0.07138756776400312	5451585
2020-07-27	0.053615595018291516	-0.005751844801881641	0.10081559125880038	-0.006583528263368286	0.06037196006771576	4070991
2020-07-28	0.0059810154808436055	0.006313924010512356	0.052889679489221984	-0.013224265142929648	0.012431884227839479	2683445
2020-07-29	0.005945386955123997	-0.009282007444980813	0.024559320299185866	-0.019091096480179023	0.01239606951371816	2495851
2020-07-30	-0.02625708057705063	0.014115947932790994	0.02055172276067017	-0.03346946344763381	-0.02001295416110101	2644019
2020-07-31	-0.003980126106991124	0.005411114499199613	0.050274029600544376	-0.003601554782136749	0.0024068580252383956	2404653
2020-08-03	0.040959039351996594	0.026017995822251883	0.05366669161416864	-0.00444590022926904	0.047634188571505	3951645
2020-08-04	0.016794591164323823	0.001776472648102702	0.10927520989979217	0.001776472648102702	0.023314821137892808	3404317
2020-08-05	0.11373288364850588	-0.021609306786636487	0.12087477474929025	-0.03034831145629585	0.12087477474929025	4003763
2020-08-06	0.004237329551450976	-0.0005811435572647685	0.055709720524517045	-0.010133551118739337	0.010677030964875558	2680756
2020-08-07	-0.11417723818099484	0.0011468856368940167	0.01898209534358229	-0.11775417269038534	-0.10849684203460198	5420315
2020-08-10	-0.02191104043585786	-0.010365771280997185	0.034216684621244296	-0.018227610750610728	-0.01563899148468743	2289488
2020-08-11	-0.007012726340394061	0.006412554696420855	0.038858553069849436	-0.0540682436927231	-0.0006451842722113278	3918738
2020-08-12	-0.046101009248659786	-0.013725542089875377	0.005425358261393682	-0.10138565386020613	-0.03998411378544616	4521193
2020-08-13	-0.02817481082238799	-0.009524512152268277	0.008792754525296277	-0.03198120267713804	-0.021942938924906848	1616119
2020-08-14	0.024759270831285575	0.0014076251418226157	0.05742002470635726	0.0014076251418226157	0.03133055572989908	2017076
2020-08-17	0.00392366839437451	0.022727101976753355	0.026052367972314073	-0.022060043226587445	0.010361321013042735	1504084
2020-08-18	0.003085379269739529	0.006619477932670425	0.03228959952785246	-0.006319075768263642	0.009517703610836733	1375925
2020-08-19	-0.015687446586895686	0.007134859250681943	0.028288860606330908	-0.019694532895228285	-0.00937552797833595	1280705
2020-08-20	-0.04583339924811133	-0.005328996198601732	0.015847652879853034	-0.05596406293806137	-0.03971474663025052	1893220
2020-08-21	0.047489137940600785	0.012565368749680667	0.08409091333590069	0.012455476406162166	0.05420616185992949	1829857
2020-08-24	0.04856698288473551	0.018055219123226725	0.06441632824668624	0.017845472052999127	0.05529094090897327	2241882
2020-08-25	0.0060629826773809905	0.003911744674956462	0.030219883878341926	-0.014494010680196354	0.012514415976448996	1690500
2020-08-26	0.05413950643707318	-0.0035302689062332152	0.07034491593333213	-0.01983648868489845	0.060899184368355	2414218
2020-08-27	0.04067478989039638	0.024333640300161004	0.07932321011228224	0.009336527770355119	0.04734816333296362	3141054
2020-08-28	0.0027917615454139556	0.013300832903352778	0.014932265327577274	-0.02041544626080177	0.00922220652522399	2223691
2020-08-31	0.003412728272739031	0.0033395633901220543	0.021144985492700705	-0.02196764980595586	0.009847134563577647	2368423
2020-09-01	-0.063188094459951	0.006412522095384134	0.06829427998572163	-0.06321579264685105	-0.057180758556868355	3547431
2020-09-02	-0.08579338639746949	0.02862346137361805	0.02862346137361805	-0.09377679458035251	-0.07993103088538478	3926130
2020-09-03	-0.006061287207352965	-0.0008445387829501521	0.027342162649278273	-0.02997777699458013	0.0003123885843059911	1665726
2020-09-04	0.019240923055206412	-0.0026876113907994964	0.03593511766011148	-0.026601966752938175	0.025776816407434282	1530544
2020-09-07	-0.026511265808820534	0.013368311860051055	0.020012658746412875	-0.02857420377708045	-0.020268726046443194	1179538
2020-09-08	0.03984312165038165	0.01739700857771233	0.06112159571529544	0.007798902463270542	0.0465111457706247	1721702
2020-09-09	-0.006420036276183303	-0.023944957755645563	0.035847024675568356	-0.023944957755645563	-4.866429833747862e-05	1883430
2020-09-10	0.0963076932827414	0.02189581057916299	0.12800780967873862	0.007031850871833465	0.10333779970617095	3370067
2020-09-11	0.0027130957565140077	0.020723991657537667	0.02533752081545754	-0.030025102126298615	0.00914300700380837	1451569
2020-09-14	-0.03153569854484088	0.0286666716871484	0.041155219965361374	-0.046922279169215916	-0.02532541594612262	2494686
2020-09-15	-0.027264014550669007	0.006412505437099788	0.006412505437099788	-0.03518200833895152	-0.021026312683281295	2165426
2020-09-16	-0.043973489278068434	0.0065122276131348985	0.016678987586678556	-0.043624060697011365	-0.03784292495036179	2026509
2020-09-17	-0.012742123385574785	5.2734224720417235e-05	0.012668068186249208	-0.03768898776353295	-0.006411274406260355	2085377
2020-09-18	0.025813245740593935	0.007257332607618067	0.040734077085919376	-0.002035846872380334	0.032391297414649786	1767617
2020-09-21	0.005421398792313198	0.00013274020881909361	0.03719373650695883	-0.010676764228970029	0.011868718595163507	1158455
2020-09-22	-0.010072204186923957	-0.000550112120951492	0.01982589708049955	-0.02645531846229871	-0.003724248614841318	1679376
2020-09-23	-0.033915750012427595	0.021720729981508775	0.021720729981508775	-0.027720696593023644	-0.027720696593023644	2365035
2020-09-24	-0.028191520991485045	-0.01500049324920948	0.004164181773436449	-0.032559169402163746	-0.02195975030776413	1786928
2020-09-25	-0.043021355645116326	-0.002731658216253046	0.01313299549893954	-0.044706807504640664	-0.03688467373459504	1614361
2020-09-28	0.006405973803524918	0.01608300723355305	0.039568281467281925	-0.017533222206596057	0.012859551313595204	1217532
2020-09-29	0.011593487241611532	0.010759336260112202	0.058231633778972634	0.0066412469924018785	0.01808035207186099	2264552
2020-09-30	0.08786515049225659	0.004263977616842607	0.09913813545593338	-0.001955380372934017	0.09484112715397991	3233109
2020-10-09	0.06031818477688463	0.03946760797526956	0.0768884210730271	0.0343742374855429	0.06711748792611606	3616426
2020-10-12	-0.030294201638748512	0.030430703560353264	0.04356716068062347	-0.02593859040884793	-0.024075933262285052	3044495
2020-10-13	0.011351028865457396	0.025924094175421297	0.04027974203448777	0.00803002936753129	0.017836369216321632	2608690
2020-10-14	-0.02244733822373064	0.00961131983409023	0.025205296464966807	-0.02037713521048671	-0.01617877149654923	1907087
2020-10-15	-0.0056899325002122605	0.020524015547140954	0.020524015547140954	-0.004938006746911176	0.0006861541073022055	1513769
2020-10-16	-0.01573669918995923	0.018136560188608302	0.018136560188608302	-0.020326355961212652	-0.009425116390234902	1651956
2020-10-19	0.02232140786074202	0.021458549158590294	0.042042369966009754	0.004218291455135802	0.028877069346877993	2800605
2020-10-20	-0.013912909474190866	0.014895559329213529	0.017041853852120762	-0.017605626785220988	-0.007589589085153295	2846540
2020-10-21	-0.016580817913455316	0.011802234273192052	0.014600662337620926	-0.02260857616067969	-0.010274632678072717	1804439
2020-10-22	0.001780345769787965	0.01052288669467517	0.01052288669467517	-0.008237332163004173	0.008204280433010143	1296259
2020-10-23	-0.035124405617220765	0.0047291602102298045	0.011778024376539128	-0.03819541552920529	-0.028937125637783292	2042682
2020-10-26	-0.008992453640066896	-0.00808944104406786	0.027129500393400355	-0.029351720216806314	-0.0026375857728123822	1661194
2020-10-27	0.025472843343897527	0.008503069035563868	0.03369906366556578	-0.011631804985838394	0.03204873197523645	5476300
2020-10-28	0.12899787847598987	0.12711766815208372	0.15340452990133654	0.08645344190342696	0.1362376002173079	11012434
2020-10-29	0.12181299500539049	0.0016608087091801208	0.17414794661011138	-0.006797237807281718	0.12900668711214092	8829982
2020-10-30	0.027356918825670717	0.012681441757114933	0.08858594760919623	-0.03425059900818389	0.03394488849385406	6309367
2020-11-02	0.03514945811344501	0.04162252531469679	0.06322680887683703	-0.00801778878858763	0.041787410400322175	5735345
2020-11-03	0.00015837814660061417	0.006492229465638352	0.02744254677795181	-0.016210587205499307	0.006571912425121599	4084790
2020-11-04	0.0018992890104993834	0.018678079556574443	0.018678079556574443	-0.028154071401351673	0.008324009521955786	4362968
2020-11-05	0.03088460730390155	0.009751342724074123	0.04139056070717516	-0.027373030383650698	0.03749524328962313	4412061
2020-11-06	-0.01915555403007244	0.01944483886027584	0.01944483886027584	-0.020577201506794922	-0.0128658722641293	2444167
2020-11-09	0.05069915089552031	0.021507510407753148	0.09045714047743257	0.01812691237352746	0.057436831770188754	5108941
2020-11-10	0.011078133120398074	0.011051756880204848	0.036343054393307095	-0.05711487107013187	0.017561712264701088	3726950
2020-11-11	-0.05066549480060915	-0.0009880959288213992	0.01292502593182871	-0.05493879229907581	-0.044577835154087204	3959663
2020-11-12	0.005654479174900645	0.02145801653946577	0.03291756257648457	-0.009178715942369336	0.012103314831246223	2491369
2020-11-13	0.09373793872723443	0.007730361618148999	0.1085033977799639	-0.010873906715268552	0.1007516257675166	4575441
2020-11-16	0.014577560266661106	0.04411766905064788	0.06495457695004049	-0.015700107193571268	0.021083578206390684	6145464
2020-11-17	-0.029638404242359365	0.035821774078956724	0.03805720853197212	-0.02621020997123212	-0.023415915158567866	4223304
2020-11-18	-0.04506436688398586	0.013179569529143044	0.01577119696449856	-0.04973924664954442	-0.038940828997834694	4627035
2020-11-19	0.086142329918396	-0.004895492013743522	0.09310722468187264	-0.017635860261514598	0.09310722468187264	5320180
2020-11-20	-0.02531038611945882	-0.006219754224210017	0.013283909363711235	-0.04161764888281854	-0.019060127185137513	4924885
2020-11-23	0.025967637039539523	0.004062615367061618	0.05262796334749901	-0.010108233036438565	0.03254666119307755	4930280
2020-11-24	-0.043103433018121876	-0.0019164037541240517	0.02084933427999046	-0.04841958150855411	-0.03696734290669462	4051473
2020-11-25	0.0005044755943193425	0.005832202089426844	0.04275210520458076	-0.019844865812248164	0.006920280873442146	4087992
2020-11-26	0.004682326634931359	0.00554252587329122	0.05114361216663273	-0.015699237830647854	0.011124874711355997	3294767
2020-11-27	0.0002867124720142704	0.0058352298428045275	0.03686395885391352	-0.021441154291004953	0.0067011183936770465	3770660
2020-11-30	-0.012185470091352252	0.021489718901190454	0.024303136641312117	-0.012487848348719539	-0.005851058235169719	3192477
2020-12-01	0.06153397474942193	0.007873109785983785	0.08141335787204906	0.007873109785983785	0.06834110221857341	4517999
2020-12-02	-0.004921597645755469	0.011159463800655358	0.07032382420547144	-0.008791253697425878	0.0014593429678529263	5468421
2020-12-03	0.008792955834615939	0.010906297538979733	0.027844591748481237	-0.00250609628967445	0.015261898808474023	2365425
2020-12-04	-0.018590471194458877	-0.0027709891288121465	0.0038767544696537834	-0.031280795040804776	-0.012297127351213747	3023796
2020-12-07	-0.051346064271049985	0.004946156158223317	0.0157700705046069	-0.05322355587020726	-0.045262763838861006	4373312
2020-12-08	0.04505564426443259	-0.0025680156231268018	0.05771958546108392	-0.03142359779208154	0.05175709900315554	4210339
2020-12-09	-0.05655096491770556	-0.013873531534422591	0.009089092441044864	-0.05437515434640166	-0.050501064946148255	3415412
2020-12-10	-0.008605409328388228	0.007607119789167531	0.03918812792198856	-0.01531346229564004	-0.002248017955295249	3185205
2020-12-11	0.03606717910920017	0.009801399719281376	0.05423303164025138	0.004228702575056859	0.042710963118691374	4100675
2020-12-14	-0.014155809699776355	0.011573154442829409	0.04144716993525756	-0.009796588604865542	-0.007834033442709241	3658242
2020-12-15	-0.017142840627369288	0.016071147660672518	0.016071147660672518	-0.04040595246500455	-0.01084020598824481	3689362
2020-12-16	-0.033616564146016256	0.01661471869629437	0.0350685557776092	-0.03349592366916027	-0.02741965548284484	2903762
2020-12-17	-0.009795557057830166	0.016891941351820733	0.019376006538661773	-0.01377004427920113	-0.0034458586625460766	2952286
2020-12-18	-0.020252447883935876	0.007353192265421498	0.011116036645768837	-0.016164781094860716	-0.013969778087225467	2912465
2020-12-21	0.05072348043927436	0.016574313632923825	0.06074191808037113	-0.0042293011052158625	0.05746133163038532	3920018
2020-12-22	0.027088382768057615	0.0007012523660422687	0.08477198126741534	-0.005619301743873891	0.03367467365477631	4535516
2020-12-23	-0.003241480282940592	0.012047389886407918	0.030064005806497575	-0.027099930308118438	0.0031502922181184233	3411568
2020-12-24	-0.02439026277051967	0.00745392415794126	0.018983432292521658	-0.028547795357012115	-0.018134110860037838	2329662
2020-12-25	0.045378860041987504	0.013198208622247267	0.0778525604995757	0.013198208622247267	0.05208237584360996	3117613
2020-12-28	0.015290971397660792	0.019467616036227143	0.034783742276017576	-0.0003703647544734658	0.021801546324815204	3623719
2020-12-29	0.012847843018847744	-0.0022795996900623764	0.0198456854314057	-0.0022795996900623764	0.019342788084099206	2378003
2020-12-30	0.021846465693848488	0.0015188886765106929	0.05102385637591463	0.0015188886765106929	0.028399062809295522	4718465
2020-12-31	0.04924132079050923	0.02029405832588029	0.06596437767535251	0.008286543769910632	0.055969639546975224	5579352
2021-01-04	0.049099550826047056	0.011969171864618119	0.09531874678099625	-0.010323488211918244	0.05582693657071923	6741405
2021-01-05	0.021427223233749237	-0.0016584336644630425	0.04153382717012167	-0.0226555875240359	0.02797715218459367	5821051
2021-01-06	-0.020364331337303445	0.006227337275662006	0.007461953525803826	-0.030811705814239664	-0.014082361473083865	5037602
2021-01-07	-0.054536398259266254	0.005719386040097469	0.006034385405882939	-0.06176971959643468	-0.048473548979348344	6103885
2021-01-08	-0.02582772568248632	0.017942963094011402	0.024541330471549234	-0.04924008786261645	-0.019580829565484542	4609918
2021-01-11	0.025492852196560153	0.008396558808235156	0.050130903749166976	0.0016232523289879228	0.032068851202052356	4124242
2021-01-12	-0.025654691836963922	0.0074132270287768755	0.011082632969872983	-0.019806958276546775	-0.019406674973266775	2484179
2021-01-13	0.004558402494468011	0.017505183113676465	0.05550748007333265	-0.007213488354920693	0.011000189203917097	2891413
2021-01-14	0.07422971453060694	0.005049335245224107	0.1020438982247147	-0.004016230391747904	0.08111820489419437	4330197
2021-01-15	0.02515599108006723	0.008125722766094854	0.05057513672197062	-0.013257671368232967	0.031729880487613	3493948
2021-01-18	0.013161183559712719	-0.009061172768321132	0.024052591182693494	-0.02744399099143169	0.01965809640782213	3261119
2021-01-19	-0.05839511431639908	-0.004217341160356068	0.0014640754178172634	-0.055716978237286025	-0.05235704870986343	3054733
2021-01-20	0.14105208079883833	0.022697373547395865	0.14836915165922285	0.020361700988263183	0.14836915165922285	4745030
2021-01-21	0.08508479065663396	0.010392710825578511	0.10870277468740255	-0.030546088327952307	0.09204291106642618	4777762
2021-01-22	-0.005519145109206574	0.0009103982745250482	0.027949300913246822	-0.04630282574499017	0.0008580235313564647	3631341
2021-01-25	0.08643977367731107	0.006412560492442393	0.1170125849783019	-0.014664142345095667	0.09340662510850221	3955187
2021-01-26	-0.05064811665267986	-0.007749289537273962	-0.007749289537273962	-0.06851912022633924	-0.044560370580597614	3249423
2021-01-27	-0.03553299334197831	0.006463589953900301	0.01918426116300905	-0.060613498553506666	-0.029348322701896145	3247726
2021-01-28	-0.025263205611514628	-0.010484620313632675	0.035969284353241524	-0.03066582933850675	-0.019012647549147353	2601265
2021-01-29	0.11231108421402862	0.016031103539323674	0.13465955143843691	-0.010976841979281414	0.11944379424323093	4680247
2021-02-01	-0.09155343430722204	-0.02290047216820184	-0.02290047216820184	-0.12056159440247824	-0.08572797669328415	5061662
2021-02-02	0.035481431137151416	0.016200295049786626	0.05137145598345207	-0.004988485976756385	0.04212153293658256	3318030
2021-02-03	-0.0011353017374280713	-0.008025582012684721	0.06634656777474608	-0.013842369385845413	0.005269980951182809	3030883
2021-02-04	0.06297792020973314	-0.008197983294996797	0.09818354333356663	-0.008197983294996797	0.06979431159661552	2851229
2021-02-05	0.07897938723304226	-0.007038900684255913	0.1984013267603808	-0.010365041555226391	0.08589834506450832	5116485
2021-02-08	0.009909871907035354	0.019876674121296994	0.032932858980596155	-0.029809303644376096	0.016385945957144585	2648965
2021-02-09	0.09366637520354998	0.010003664338183288	0.1758238304744491	-0.02936405200075238	0.10067953540316242	4032748
2021-02-10	0.015497550430061822	-0.006188123663063292	0.03838626511216974	-0.03463203441881616	0.022009466393465894	5571843
2021-02-18	-0.08032125108540984	0.018618842115343	0.029410486540562015	-0.09459250016850337	-0.07442381103837477	3422915
2021-02-19	-0.02183411918914231	-0.0066401031192221864	0.02333256192620918	-0.046852628609255605	-0.015561571978353958	3092003
2021-02-22	-0.13482140326268804	0.004705230320232416	0.004705230320232416	-0.14693059063266514	-0.12927340576062196	6330526
2021-02-23	0.03627455058461512	-0.013217166946649775	0.06317251453105463	-0.02298012148302835	0.04291966195132803	3615747
2021-02-24	-0.07732914672151597	0.003856780331443601	0.009770038779930162	-0.07572214405900551	-0.07141245054475842	4177294
2021-02-25	0.052347568905912266	0.03595864277668101	0.07750775252683408	0.021511473722334553	0.05909578507902839	2678775
2021-02-26	0.00825643296441197	-0.04457905874447003	0.027056895230849996	-0.06176549851950772	0.014721895469318211	4241295
2021-03-01	-0.022175929373787533	0.02668310233186154	0.028679444735685716	-0.03023830149877866	-0.015905571448175816	3388257
2021-03-02	-0.03209357788905576	0.014474296144631195	0.01489309987842431	-0.031069455606448124	-0.025886857555428244	2591488
2021-03-03	-0.005535252580956193	0.016796818191801777	0.016796818191801777	-0.04334560486303191	0.0008417779616137098	3564333
2021-03-04	-0.05409353298193533	0.0007019815628709174	0.005433534391402323	-0.06456119114775109	-0.04802789213124422	3525502
2021-03-05	0.04547534703783117	-0.016815886608582794	0.09127688696633526	-0.044356500765636034	0.05217948976976228	5038710
2021-03-08	-0.04371581057147156	0.004762657567905511	0.02835565105365568	-0.03758364553019961	-0.03758364553019961	3842827
2021-03-09	0.00634281984266339	0.005664842878536595	0.06484194918658977	-0.018546514464585967	0.012796028758415331	4115708
2021-03-10	0.09022771490723488	0.03955770423763897	0.10161914351956419	0.0365860413708068	0.09721881603403569	4858600
2021-03-11	-0.010416678788171683	-0.014554412798606704	0.02166597522981863	-0.03887604332610068	-0.004070949104974861	4202562
2021-03-12	-0.011473669576005673	0.01107383247287812	0.01107383247287812	-0.03055986999014657	-0.0051346955246947485	3070350
2021-03-15	-0.04163559962370397	-0.01909342755294895	-0.003339754897454507	-0.053708573843704234	-0.03549008538463339	3486733
2021-03-16	-0.0193889506105524	0.018824929088175034	0.04879366253548502	-0.033955826676622836	-0.013100745514598383	3039572
2021-03-17	0.06787153178660953	0.020039669224330117	0.0776271880892204	0.00036871384852989593	0.07471933370938143	3084620
2021-03-18	0.05050662852326271	0.011431488173723468	0.07080502287478158	-0.0015430751323192392	0.057243051875747845	2427832
2021-03-19	-0.04550275309315567	-0.01706920653667331	0.03624766597137753	-0.046446827146498226	-0.039381969464880366	3100094
2021-03-22	0.07407407939900833	-0.004237295130210288	0.09587148475663551	-0.004237295130210288	0.08096165288003909	2689171
2021-03-23	-0.00443345558701093	0.021285660525152073	0.021285660525152073	-0.02293699019966845	0.0019506704846951693	1582413
2021-03-24	-0.0002969489625749093	-0.0040450015095191945	0.043262860918778644	-0.0040450015095191945	0.00611370461665881	2634946
2021-03-25	-0.022470751383088843	-0.02865543671140989	0.0062133424835651395	-0.04205502039313003	-0.016202301284633094	1982940
2021-03-26	0.0510886142831536	0.023687165155080844	0.06705205489772013	0.014463855348258744	0.05782873999513832	2517238
2021-03-29	-0.027409807166577486	-0.003332088944799898	0.008400250426506045	-0.03402043318518592	-0.021173055236970863	2162696
2021-03-30	-0.0307577719224517	-0.00854160623123592	0.011696373100529667	-0.027882223472475553	-0.024542479073547733	2937655
2021-03-31	0.06995756548457123	0.016492554918242655	0.07681873358035336	-0.01313047676202295	0.07681873358035336	4077097
2021-04-01	-0.04374822136603712	-0.014063737993046155	-0.013727240130444684	-0.052853217033868125	-0.03761620428584465	2774906
2021-04-02	0.006392996711742134	0.02038631323165587	0.021391604864598665	-0.027214964633812556	0.012846512887579596	2535141
2021-04-06	0.017270463400772366	0.018899028654587355	0.04636934560360809	-0.013915548554009916	0.02379371969618236	1847163
2021-04-07	-0.04380919433799906	-0.0072367531957390815	0.0013063379955809884	-0.06536886519131664	-0.03767755063994811	2710468
2021-04-08	-0.08163258850998076	-0.0036515883059459768	-0.0036515883059459768	-0.101417345204401	-0.0757435550673839	6420075
2021-04-09	-0.07149998917547438	-0.004154823055237502	0.011668223549533648	-0.07616925675497363	-0.065545963351019	5928994
2021-04-12	0.005205524539173306	0.004425336570850635	0.014602079958891243	-0.03266857218032487	0.011651399933745223	4422064
2021-04-13	0.0008927897224197695	-0.005568606136366536	0.015278485869174841	-0.011559156701810111	0.007311041636033712	1608710
2021-04-14	0.018792724128556513	0.001265242840977216	0.058483899894826795	0.001265242840977216	0.025325805044162555	2116769
2021-04-15	0.002626789127336839	0.004591393906395387	0.016047243054601736	-0.004220811303309836	0.00905621517196202	1313639
2021-04-16	0.012459301402928388	0.01883459364989266	0.023639264641914702	-0.026107084926810336	0.018951717437026488	2040348
2021-04-19	-0.01661872442885982	0.004097632735948607	0.01254714035829964	-0.019051592226263465	-0.01031278873955959	2010030
2021-04-20	-0.002865330221130568	-0.00011997383715833271	0.026068832943994202	-0.011242824433419882	0.0035288527485638024	1932470
2021-04-21	-0.06286647489585624	-0.008519548867023994	0.006235502350650771	-0.08011108098326382	-0.05685710846016746	5298013
2021-04-22	0.10025028999699999	0.021590583279325757	0.10762051057295191	0.021590583279325757	0.10730568862687462	5379478
2021-04-23	0.001535571850714603	0.0022911768762928033	0.026618631792109562	-0.01705633353611555	0.007957985603847998	3263392
2021-04-26	0.019308427606094476	0.004755160889360736	0.03498922048615495	-0.01576285359879701	0.025844742743304477	3418538
2021-04-27	0.025126652571584016	-0.015959725872508598	0.0482973022174228	-0.018763259417031365	0.03170034438437845	4061174
2021-04-28	-0.027173899547752147	0.04661440461020971	0.055639267080924294	-0.03734450255832811	-0.020935602033754153	6082593
2021-04-29	-0.03357535643576388	0.020524788821052794	0.037335842235488116	-0.02889621838347238	-0.027378143441754488	3995471
2021-04-30	0.007977298117518142	0.008506911125708203	0.036141221261510065	-0.005804793374132649	0.014440951622783128	2601544
2021-05-06	-0.061593173945416246	-0.018809831100694743	-0.017770964264984812	-0.07058204754902965	-0.05557557504150486	3968400
2021-05-07	-0.08329767148871714	0.01483877576197449	0.018160023247065678	-0.07741929476184137	-0.07741929476184137	4691502
2021-05-10	0.026666697977278487	-0.0027122884646674818	0.050426286153273284	-0.0035845394907888205	0.03325019247639539	3468665
2021-05-11	0.004740215919134912	-0.01972808982490301	0.01876391397949299	-0.04299319675609989	0.011183124935367442	2505094
2021-05-12	-0.0011632835885551408	0.00816870317828757	0.030933802927474708	-0.017848553677926305	0.005241781294906176	1422984
2021-05-13	-0.0009705840895188484	0.0028960521032420313	0.019110689239080714	-0.018332674742546854	0.005435682452715136	1308408
2021-05-14	0.03950773416947963	-0.0105348121809341	0.053278475507158696	-0.0105348121809341	0.046173646287477825	1752413
2021-05-17	0.0037384056961421537	0.02823382288522107	0.040900224189215725	-0.007946796654955549	0.010174893748698833	1970561
2021-05-18	-0.008255787096644984	0.024466711960850568	0.024466711960850568	-0.037317387361703196	-0.001896178563736571	1550256
2021-05-19	-0.036302194846692934	0.0014992315151885701	0.012333753353241102	-0.032579098421305575	-0.030122442741650234	1710600
2021-05-20	0.04163147648967833	0.0045823504655266405	0.08171212205106068	0.0045823504655266405	0.048311017593538286	3483472
2021-05-21	0.022633752512713243	0.010428681730905748	0.040424011306509605	-0.0011177090461083285	0.029191398098229127	2108080
2021-05-24	0.02725440136123487	0.012487461953559247	0.059614108137747715	-0.024330263935661088	0.033841718424156446	3383797
2021-05-25	0.050629141065459383	0.010773255904875356	0.07212087005418075	-0.009118457495442189	0.05736635879848242	3199808
2021-05-26	-0.005705837979308981	0.001864123316533884	0.02909823004713145	-0.0029118703984846385	0.0006701021452769894	1710750
2021-05-27	0.0001704039395652164	0.0018379094167652033	0.012130781981505655	-0.03155666526260683	0.006584070847873797	2710564
2021-05-28	-0.07402146515719382	-0.01062489365146851	0.005097622935014656	-0.07099934590900639	-0.06808356232845238	4516018
2021-05-31	0.09202459961280536	0.0063508584770232595	0.09902722445410161	0.00289317064544466	0.09902722445410161	4112367
2021-06-01	-0.022471936285946095	-0.020670118642748786	-0.007157057373061484	-0.048940133127456105	-0.01620349593218525	3456585
2021-06-02	-0.036781526929919386	0.011849495492622385	0.015088512797406028	-0.03523209698078138	-0.03060489552492117	2220271
2021-06-03	-0.021718368804768694	0.002989687514937129	0.01439886191324535	-0.018867957724912187	-0.015445146557913283	1867603
2021-06-04	-0.02421330385184044	0.006412491093378706	0.015558285699280555	-0.026119766739669474	-0.017956009954963464	2625484
2021-06-07	-0.00212520433653018	0.008362596816332018	0.031259906706269075	0.0015060080670515309	0.004273733741301391	3018073
2021-06-08	0.006576952069626493	0.008618957884680364	0.026269808559267752	-0.016596516062436645	0.013031646913820355	2949952
2021-06-09	0.04362173340299674	0.006850951386447833	0.06459285937715732	-0.006676454357397084	0.05031396344916317	3223316
2021-06-10	0.010673096888793908	0.017154090707509537	0.04745869961332192	0.010012996888924817	0.017154090707509537	3346631
2021-06-11	-0.018643860808025832	0.006412552029599285	0.006412552029599285	-0.03212209395703703	-0.018643860808025832	3240239
2021-06-15	0.0709704505746034	0.0	0.10721201057122463	-0.0015730578507566638	0.0709704505746034	5672149
2021-06-16	-0.0253092826763822	0.010677357513060147	0.02248466251863344	-0.036156116495003526	-0.0253092826763822	3164053
2021-06-17	0.011012542810018752	-0.006897368613559142	0.02474934228684485	-0.015359612909984381	0.011012542810018752	3861971
2021-06-18	-0.013931050263815558	0.007739529061381133	0.034340453135258665	-0.029008761125158145	-0.013931050263815558	5386414
2021-06-21	0.05813953488372093	-0.020000011627906933	0.06947672674418602	-0.02203484302325587	0.05813953488372093	4739322
2021-06-22	0.01098901098901099	-0.008076928571428551	0.018406626373626417	-0.0196154230769231	0.01098901098901099	3204050
2021-06-23	-0.010869565217391304	0.010869565217391304	0.010869565217391304	-0.016304347826086956	-0.010869565217391304	4065395
2021-06-24	0.07648350549450546	-0.005000021978021903	0.07681316483516483	-0.005000021978021903	0.07648350549450546	4800676
2021-06-25	0.04175177666141062	-0.0046957840414024125	0.04573298842112084	-0.02511228077901467	0.04175177666141062	4018999
2021-06-28	0.024350812610951105	-0.0053895441825710065	0.0818226188587177	-0.006369441263024773	0.024350812610951105	5488071
2021-06-29	0.006026665508266824	0.01229249492491759	0.02755055630719907	-0.017840966542847968	0.006026665508266824	3552607
2021-06-30	-0.003946189284018585	-0.002614952668521364	0.007749750318549338	-0.022060571273136844	-0.003946189284018585	2941685
2021-07-01	-0.01861572315035796	0.0	0.002386634844868735	-0.06443914081145585	-0.01861572315035796	4350868
2021-07-02	-0.06809338322684678	-0.007782130123089624	-0.007782130123089624	-0.09533076570046407	-0.06809338322684678	5776173
2021-07-05	0.013569889971715286	-0.008350761742669296	0.025260938666150066	-0.018684769769788043	0.013569889971715286	4103010
2021-07-06	-0.002317183351964708	0.0042224871919025	0.0366632858392887	-0.013903177351748343	-0.002317183351964708	3170612
2021-07-07	0.023793553548387154	-0.004438714838709735	0.03741935483870968	-0.00903225806451613	0.023793553548387154	3169763
2021-07-08	0.011292624464142831	0.007259538176751635	0.027626512262419287	-0.0017644988820100255	0.011292624464142831	4258845
2021-07-09	-0.0400797993994078	-0.001794621082912685	0.009521380572640641	-0.04860418598392265	-0.0400797993994078	3852582
2021-07-12	-0.07041959981740344	0.005868321623061013	0.010801833307040133	-0.08080597300380117	-0.07041959981740344	8050288
2021-07-13	0.00558659217877095	0.002625703910614505	0.03910614525139665	-0.010055882681564267	0.00558659217877095	3930293
2021-07-14	-0.03327780555555553	0.011166638888888908	0.011888883333333272	-0.037444472222222205	-0.03327780555555553	2925826
2021-07-15	-0.004137704848505936	-0.005804235555549574	0.027239843320494297	-0.017987415033257098	-0.004137704848505936	2981711
2021-07-16	-0.005309008235692069	0.012753229206951322	0.016792683464416702	-0.02325580335155306	-0.005309008235692069	2501465
2021-07-19	-0.007077803767413212	-0.002146516277383362	0.0259906661829399	-0.01839066016101	-0.007077803767413212	2171732
2021-07-20	-0.0017527783261271095	-0.006719217296612891	0.02249492337113379	-0.009231592494242147	-0.0017527783261271095	1881388
2021-07-21	0.037635310355212954	0.0035703891049320927	0.08803039199190886	0.000877927976192125	0.037635310355212954	4351859
2021-07-22	-0.0593975578711505	0.012522568888326743	0.012522568888326743	-0.0664485506907071	-0.0593975578711505	5211293
2021-07-23	0.025487256371814093	0.0014992503748125937	0.032683640179910024	-0.04119937031484251	0.025487256371814093	4321887
2021-07-26	-0.09064327485380116	-0.023333362573099394	-0.011637456140350857	-0.09754381871345028	-0.09064327485380116	6144054
2021-07-27	0.030868186495176874	0.014598096463022509	0.07395498392282958	0.0032797106109324985	0.030868186495176874	5168409
2021-07-28	0.014971889925666391	-0.0018715096343448214	0.0293200056895819	-0.011228964231522838	0.014971889925666391	2992539
2021-07-29	0.01917646009544799	0.009588187023752725	0.028703122840254218	-0.010448660303294267	0.01917646009544799	3248747
2021-07-30	-0.017609533691552742	-0.009287226721682626	-0.0071161979868931925	-0.03654572273658148	-0.017609533691552742	2954428
2021-08-02	0.00018415593066261048	-0.003314874278018582	0.011540853709301004	-0.03793734332488678	0.00018415593066261048	3831706
2021-08-03	0.02019277076873133	0.0	0.021849948769101096	-0.028539828145699317	0.02019277076873133	3269001
2021-08-04	0.02123690878813076	-0.007279545137290625	0.03778124751665718	-0.024184839224011316	0.02123690878813076	4132607
2021-08-05	-0.01885123416789394	-0.004418262150220913	0.008365231222385817	-0.021030969072164972	-0.01885123416789394	2244990
2021-08-06	0.0009005943998691636	-0.003302329571257971	0.01398980461141155	-0.04533174940861456	0.0009005943998691636	3148228
2021-08-09	0.04379126053613549	-0.012237510718131625	0.06376727769227261	-0.019856017153977557	0.04379126053613549	4080472
2021-08-10	-0.004195379310344827	0.005402310344827544	0.011839068965517284	-0.031551752873563196	-0.004195379310344827	2711655
2021-08-11	0.005944473805171746	-0.011023275557839711	0.01575573346209422	-0.017833502214266723	0.005944473805171746	2242647
2021-08-12	0.004188158275591079	0.0	0.028686172770748603	-0.00734365449207711	0.004188158275591079	2067100
2021-08-13	0.016854236512907687	-0.004342084238942397	0.024624333112177016	-0.025024310261237054	0.016854236512907687	2126521
2021-08-16	-0.004663456672962323	0.00011239465361039863	0.04360045608721104	-0.022362041181302195	-0.004663456672962323	2603925
2021-08-17	-0.0572960448420901	-0.00016934237096278797	0.00818522184087692	-0.06294097870531112	-0.0572960448420901	2927214
2021-08-18	-0.0014371556886227333	0.0028742275449101786	0.011676628742514947	-0.017964071856287425	-0.0014371556886227333	2065394
2021-08-19	0.019848957179448228	0.0009594807195813901	0.03412090531664979	-0.015471348508975474	0.019848957179448228	1715554
2021-08-20	-0.045099151433562364	-0.006291567918851229	-0.002881195859537987	-0.06350327838817578	-0.045099151433562364	3063515
2021-08-23	0.04495075904990491	0.0	0.05289415835815859	-0.01416248820797361	0.04495075904990491	2897193
2021-08-24	0.021803164793220333	0.01043019464520085	0.05450795617869104	0.0	0.021803164793220333	2322848
2021-08-25	-0.08535172152312753	0.009227255221243015	0.01660902594956267	-0.08875432256358665	-0.08535172152312753	4939913
2021-08-26	-0.04161415983805201	0.008827200170471571	0.008827200170471571	-0.07597731742834866	-0.04161415983805201	6564929
2021-08-27	-0.00013160526315789562	-0.0007894407894736102	0.024934164473684274	-0.014144697368421003	-0.00013160526315789562	2361674
2021-08-30	-0.03559671761012545	0.00013162258538288243	0.022502948348544452	-0.041979143097227035	-0.03559671761012545	2742713
2021-08-31	0.006345043020977655	-0.007300313494561025	0.015146250214752365	-0.04564373118983335	0.006345043020977655	3347108
2021-09-01	0.01694915254237288	-0.006644040677966101	0.023118671186440586	-0.0280677898305084	0.01694915254237288	2580344
2021-09-02	-0.006933286666666732	-0.002866619999999974	0.004466653333333284	-0.02993336666666664	-0.006933286666666732	1825256
2021-09-03	0.022220709213581134	0.0070487912906718195	0.033968828962259716	-0.009801335468519348	0.022220709213581134	2062988
2021-09-06	-0.002626971757352889	0.0001970118816047556	0.017928652579532342	-0.025940742734859298	-0.002626971757352889	2125398
2021-09-07	-0.030223191881977644	0.00013171792097576703	0.0028314217038067006	-0.03200105458619384	-0.030223191881977644	2377063
2021-09-08	-0.029060286726373508	0.002919663246331137	0.010863701866266359	-0.033473608320706165	-0.029060286726373508	2534217
2021-09-09	-0.021188804195804222	0.0044755174825174045	0.006993006993006993	-0.026153881118881093	-0.021188804195804222	3349907
2021-09-10	0.05736942875352272	0.007358712528693943	0.06308496061238156	0.00042864899315109186	0.05736942875352272	2854188
2021-09-13	-0.04831077027027022	-0.009662114864864839	0.010608155405405433	-0.05540538513513511	-0.04831077027027022	2741419
2021-09-14	-0.00035500885956656465	0.015335384508254802	0.021654155982073472	-0.012779573470518729	-0.00035500885956656465	2903372
2021-09-15	-0.02194599385058261	0.003977258437984603	0.0059658805547041435	-0.03053979338338511	-0.02194599385058261	2431956
2021-09-16	0.022365738460822383	-0.009440149109861013	0.029990478469731133	-0.022438543627406844	0.022365738460822383	4293892
2021-09-17	-0.012713922075413482	-0.018751325600250703	0.014844890289894407	-0.030257789699584727	-0.012713922075413482	2504742
2021-09-22	0.006474776978417212	0.006402870503597042	0.008561165467625847	-0.010071899280575485	0.006474776978417212	1199353
2021-09-23	0.0050036599715652256	-0.005217984498269527	0.030521831187498124	-0.00993566161268019	0.0050036599715652256	2284977
2021-09-24	0.061095274775450466	-0.0010669202958640796	0.06330009687197305	-0.0105263935763987	0.061095274775450466	3192149
2021-09-27	-0.033916461774697086	0.0	0.010389456258603736	-0.044171833981207304	-0.033916461774697086	2143064
2021-09-28	-0.001665204965475595	0.003538430460749499	0.019635064884650347	-0.020953333068988653	-0.001665204965475595	1513762
2021-09-29	0.015150517861912106	-0.0031969282312663914	0.024115657961746337	-0.025436118044590363	0.015150517861912106	1979590
2021-09-30	-0.03470943216974039	0.0049290474806371835	0.006777510457708155	-0.05059227525059273	-0.03470943216974039	3520811
2021-10-08	-0.01872339716312049	0.0070921985815602835	0.03801419148936178	-0.020709205673758814	-0.01872339716312049	1652456
2021-10-11	0.10328124383289054	0.026235935051778334	0.12749348708085068	0.009829430400191925	0.10328124383289054	3965443
2021-10-12	-0.06583680573220321	0.011595178968693574	0.015394733654558857	-0.06845723819681249	-0.06583680573220321	2506524
2021-10-13	0.018232755193572633	0.004488071339912769	0.028471233023650636	-0.013885069542002816	0.018232755193572633	1421504
2021-10-14	-0.0034435262419461347	0.01225894653427578	0.016873257924378583	-0.015151494803405514	-0.0034435262419461347	1124398
2021-10-15	-0.033863124406284494	0.002073275785900699	0.006081582710744709	-0.03939182528110209	-0.033863124406284494	1799228
2021-10-18	-0.013948476095526236	0.002503512106505381	0.002503512106505381	-0.0336194341855629	-0.013948476095526236	2216096
2021-10-19	0.02937967227944832	0.003989756808570504	0.03590857297459962	-0.011751976274850561	0.02937967227944832	1645796
2021-10-20	-0.018111290406396953	0.0	0.0	-0.029598288777940303	-0.018111290406396953	1680212
2021-10-21	-0.00789496866582983	-0.0062441325451213095	-0.0007177635725578156	-0.022034069876780766	-0.00789496866582983	1365887
2021-10-22	0.038269609730727336	-0.0054980468928032345	0.038558939117671734	-0.011791868965980381	0.038269609730727336	2283522
2021-10-25	0.0993589367514232	-0.002508361134103742	0.10785950089577756	-0.010521244132629738	0.0993589367514232	5702287
2021-10-26	0.028520725240973033	0.0	0.0774496202145368	-0.017619463922039977	0.028520725240973033	4875513
2021-10-27	-0.018548157619843242	0.0	0.011523262333764179	-0.030810944237188467	-0.018548157619843242	2937658
2021-10-28	-0.0010673572909560079	-0.0016952595794497507	0.010610930856760637	-0.011615533079285962	-0.0010673572909560079	1582790
2021-10-29	-0.0069767502082935876	0.01502199189106246	0.01734754805728922	-0.014959176054336611	-0.0069767502082935876	2454828
2021-11-01	-0.041141843118493476	0.006202898721346327	0.012342533947005041	-0.05975062789573298	-0.041141843118493476	2614533
2021-11-02	0.0023103240375496525	0.0033665257321762155	0.00554490047049646	-0.02297187857377121	0.0023103240375496525	2082965
2021-11-03	-0.018703872990091578	0.0010537671510475178	0.014225527245140248	-0.028055809485137275	-0.018703872990091578	1981767
2021-11-04	0.02348993288590604	0.006711409395973154	0.030201342281879196	-0.0036912953020134484	0.02348993288590604	2150088
2021-11-05	-0.025114767213114803	0.00314751475409836	0.009836065573770493	-0.033901626229508146	-0.025114767213114803	1489990
2021-11-08	0.012309154668852606	0.004035824363164434	0.0127800432202872	-0.021255149273628086	0.012309154668852606	1710879
2021-11-09	0.016611295681063124	-0.0036545049833887296	0.021461767441860465	-0.023255813953488372	0.016611295681063124	1773143
2021-11-10	-0.03071893464052285	-0.00013074509803921657	0.021568647058823553	-0.032679738562091505	-0.03071893464052285	1948311
2021-11-11	-0.020566439233315484	-0.0006068509654717505	0.004720141509370004	-0.02784898797338535	-0.020566439233315484	1932851
2021-11-12	0.08977619965576598	0.00612735972461266	0.10189330808950088	-0.0011015765920825231	0.08977619965576598	4205241
2021-11-15	0.0063807571208875724	0.0	0.029755557573370985	-0.007201965066736829	0.0063807571208875724	1478318
2021-11-16	0.05461391610896577	-0.0018832579683002503	0.05963590597044747	-0.026993113113751816	0.05461391610896577	2931607
2021-11-17	0.04017857142857143	-0.0076785297619048195	0.09523809523809523	-0.026785714285714284	0.04017857142857143	4968686
2021-11-18	-0.029814060085836855	-0.010128778254649501	0.00715307582260372	-0.04618029756795424	-0.029814060085836855	3269981
2021-11-19	-0.003185047907840893	-0.003185047907840893	0.026719441943117185	-0.01586638616883747	-0.003185047907840893	2985897
2021-11-22	0.022781100591716022	0.005917159763313609	0.06491124852071004	-0.010295887573964477	0.022781100591716022	4257231
2021-11-23	0.006363847045512909	0.0	0.018223858204552173	-0.013132796767157763	0.006363847045512909	2845431
2021-11-24	0.00028745617052240474	0.011785013137999675	0.023282570105476942	-0.027594153968280917	0.00028745617052240474	2596518
2021-11-25	-0.006896534482758599	-0.008620689655172414	0.005747126436781609	-0.016091971264367837	-0.006896534482758599	1774785
2021-11-26	0.0005786516103242695	-0.009201365580994889	0.006886585528589329	-0.018518500835905633	0.0005786516103242695	1521882
2021-11-29	-0.06477731283206405	-0.028340047252980196	-0.02255635705805746	-0.06882587861743936	-0.06477731283206405	3591686
2021-11-30	0.034508361802876274	-0.004328985856443746	0.034508361802876274	-0.040321608663975425	0.034508361802876274	6079068
2021-12-01	-0.04740550602227105	-0.013629836284252989	-0.012852666265259795	-0.05069342450199321	-0.04740550602227105	2334361
2021-12-02	-0.02384689587021417	-0.0021964605385707205	0.010354527379183107	-0.02566683932224015	-0.02384689587021417	1607364
2021-12-03	0.03503694564377473	0.0	0.036065579503717415	-0.009964660688563302	0.03503694564377473	2517940
2021-12-06	-0.01677016770186333	0.0	0.0024844347826086487	-0.030869571428571406	-0.01677016770186333	1953730
2021-12-07	-0.010739083814167686	-0.00189515473350941	0.014971541093400919	-0.012002583474366777	-0.010739083814167686	1353135
2021-12-08	0.023435490800683575	0.002873543951205188	0.04086841478154217	0.002873543951205188	0.023435490800683575	2573607
2021-12-09	-0.007424982656143146	-0.0010606975463730102	0.0076745240488045405	-0.016035483470756038	-0.007424982656143146	2964081
2021-12-10	0.0	0.00012574804971400574	0.01382950070619182	-0.01225796439202959	0.0	4322104
2021-12-13	-0.03413381903276576	0.0008172303140905342	0.019927067891286503	-0.037402545418625255	-0.03413381903276576	3502605
2021-12-14	-0.002863566659169555	0.0005206768833326961	0.01841849730238198	-0.004881223750649805	-0.002863566659169555	1885521
2021-12-15	-0.010508458497753236	-6.533515790514963e-05	0.010116754318795987	-0.010508458497753236	-0.010508458497753236	1912210
2021-12-16	0.01536930677957881	-0.001978911531177669	0.022955117824995333	-0.003957823062355338	0.01536930677957881	1591632
2021-12-17	-0.018579783863174684	0.0004547976559708148	0.00909510208319188	-0.03365161590048273	-0.018579783863174684	2691503
2021-12-20	0.0027801547662600727	0.0184682191747036	0.022572243608885222	-0.006751863061739317	0.0027801547662600727	2122085
2021-12-21	0.0251501608967536	0.006931071129082168	0.038088255393482935	-0.008317439820534673	0.0251501608967536	2450080
2021-12-22	0.0375402568408193	0.0	0.06426269032332214	-0.005730836978799139	0.0375402568408193	3409944
2021-12-23	-0.011295270548772116	0.0006826785613268318	0.020914757620717435	-0.01886680882309907	-0.011295270548772116	1594660
2021-12-24	0.006841981129144105	0.0	0.022409183634538768	-0.0084739879288682	0.006841981129144105	1468795
2021-12-27	-0.003740592409249022	0.0	0.016209514322051706	-0.006421440389829464	-0.003740592409249022	1257675
2021-12-28	-0.0056320962647291774	0.0	0.01927410476957255	-0.008072640649449802	-0.0056320962647291774	1413241
2021-12-29	-0.044052865099541795	0.003901888127195321	0.007866583053489607	-0.05475139917248831	-0.044052865099541795	2684441
2021-12-30	0.01974983619815021	0.0036867216729448843	0.03647141684548059	-0.011125655475667776	0.01974983619815021	1746533
2021-12-31	0.012911556342603861	-0.012072272901443682	0.016785061980054097	-0.019690045953132736	0.012911556342603861	1479245
