2020-03-02	0.02991629766039744	0.11036688445827758	0.1527025036845087	-0.004484201363378852	0.03177353193433381	73204716
2020-03-03	0.03575056005748629	0.0024137293324909383	0.1045679747237073	-0.02200554628253861	0.037618354419973084	60975546
2020-03-04	-0.0768778418481308	-0.017647298286446778	0.005929186201732541	-0.09839671001435482	-0.07521316660686099	56156974
2020-03-05	-0.016571044147005044	0.010955113997320621	0.02798170516032572	-0.04906369487578347	-0.014797616044398271	50447790
2020-03-06	-0.009721365804369992	-0.02005504572542732	0.023878043077584676	-0.03001029548197757	-0.007935563250643657	40576364
2020-03-09	-0.08616920458301426	-0.03840866774930191	-0.0056271450589372015	-0.08495845182396826	-0.08452136485476332	39358015
2020-03-10	0.07686796367144329	0.01878291404355969	0.08215795832833317	0.0044339060727070344	0.07880986922318374	42934246
2020-03-11	-0.06051873333247324	-0.011743617157383368	-0.007524117730783041	-0.06704160299538063	-0.05882457318816908	38561419
2020-03-12	-0.003775413104971843	-0.030345207270803375	0.022841610955444607	-0.03530928666666739	-0.0019788805782185656	25509868
2020-03-13	0.019185174184102587	-0.049686834432260074	0.04593775991985188	-0.049686834432260074	0.021023110738821252	35107312
2020-03-16	-0.04020444331803313	0.005761242390758764	0.02904275209236175	-0.04988156579607239	-0.03847367260530633	30665062
2020-03-17	0.033898306729270265	0.028000596133601972	0.052742493521874115	-0.011295392786696085	0.03576275241016159	30442552
2020-03-18	-0.03395777664234856	0.013534034026307568	0.03464925552876943	-0.034561885143228936	-0.03221578852312557	30362235
2020-03-19	0.018424169118372587	0.0005889388635559338	0.02730364286494742	-0.021025724582412558	0.02026063835484154	24434303
2020-03-20	-0.025232064954817442	0.01849601687207504	0.020165291581752235	-0.04135935716707859	-0.02347427099196404	24964898
2020-03-23	-0.129181956806304	-0.0339142087971832	-0.026819704694817165	-0.13568469975344385	-0.1276116087739766	35324067
2020-03-24	0.011497532996158825	0.02821084841165292	0.03382951532778716	-0.04820255530075029	0.01332151171724987	23952462
2020-03-25	0.007762544801324395	0.03790924023652887	0.03790924023652887	0.0015255349843191347	0.009579871992486362	18932458
2020-03-26	-0.024759177903882792	-0.02162255493486006	0.016685717466917476	-0.03457574866889004	-0.02300052377643222	14878720
2020-03-27	-0.01241187628314533	0.016780868942965155	0.021302378733126685	-0.010631012003016166	-0.010631012003016166	12892245
2020-03-30	-0.06455298855580657	-0.027097620452468378	-0.027097620452468378	-0.07488423892422186	-0.06286609028877468	18231029
2020-03-31	-0.011297649436016856	0.021074668514756634	0.03636937549386602	-0.012573748018112039	-0.009514745443462138	13805968
2020-04-01	0.013588542142997642	-0.003765734467811108	0.04418960923980638	-0.01088175516423697	0.01541638445186506	15693285
2020-04-02	0.08592319489430694	-0.010711573096495262	0.0952073355935261	-0.011016753771971265	0.08788147317348007	22857506
2020-04-03	-0.043490380720131144	-0.011969976032051296	-0.007753716257581881	-0.04766838419912108	-0.04176553056618961	16954914
2020-04-07	0.01818706403080425	0.03030870733964444	0.035892210434405485	0.014733531642774677	0.020023193993929288	13598250
2020-04-08	0.008354941903775115	-0.007143830620132657	0.027490569454354605	-0.014070791448899788	0.010173369417110974	13441404
2020-04-09	0.004285857891159267	0.011821336900287556	0.031571260448379594	-0.0010588775291384518	0.006096860760438591	12396157
2020-04-10	-0.05035564584229865	-0.002471903124859376	-0.002471903124859376	-0.05491338021772401	-0.04864317510799169	12600849
2020-04-13	-0.01018567993988933	-0.009901405513747462	0.01470847045352697	-0.016804304068473528	-0.008400831502696543	8378208
2020-04-14	0.015133170995129506	0.017570093627967714	0.027272787914566513	0.008170578216905498	0.016963675235055195	7340425
2020-04-15	0.006857393585293448	0.006582241201590343	0.03495773400124196	-0.0008849858854473573	0.008673034917052635	11296711
2020-04-16	-0.01214098353467925	-0.004129820533039381	0.0047697939432760315	-0.02103914440245159	-0.010359541766816135	9241815
2020-04-17	0.020683454479661377	0.018319847327097908	0.060962614057978995	0.018319847327097908	0.02252402781385549	15961778
2020-04-20	0.017914832184853877	0.0003322279858356903	0.024163701662328473	-0.011436445304128748	0.019750441823207694	10097564
2020-04-21	-0.0207732268211591	-0.005711608403008255	-0.005711608403008255	-0.031146949167876043	-0.019007411205571794	7838952
2020-04-22	0.02975854651268844	-0.011479237257543195	0.03869939011607989	-0.014431014980235711	0.03161539513702124	13726435
2020-04-23	0.057224572996093334	0.1221915795621034	0.15286191944969457	0.04709208646303653	0.05913098004468301	37015799
2020-04-24	-0.029770039127531577	-0.00795727259230209	0.0023454666385711695	-0.03208728175737798	-0.028020503047813304	19083239
2020-04-27	-0.007252468872211723	-0.007977232322985597	0.014378182384587459	-0.02139049791411134	-0.005462245024649409	12277244
2020-04-28	-0.036246138595757184	-0.002418993267341394	0.02122570394767347	-0.10572377318925535	-0.03450822520200458	18630881
2020-04-29	0.013411079500598284	-0.007835007260007165	0.033346994464496356	-0.013092284075901444	0.015238508921803241	10549141
2020-04-30	0.08831997067217966	0.01448438688398545	0.12025585180228054	0.013619683071628147	0.09028253677577859	30616134
2020-05-06	0.08961144599004084	-0.01011349903789293	0.10905421458334218	-0.015409868347217526	0.09157628325222779	39524033
2020-05-07	-0.04148476375659683	-0.0035436176300355	0.0005879821770408138	-0.0455892162032071	-0.03975634940184059	26467814
2020-05-08	0.007086788288947578	0.012452660611744984	0.04110461450465589	0.0030710810481665964	0.008902889511494875	20349437
2020-05-11	-0.02010558034900519	0.007090521525854954	0.02698058450325354	-0.032941326704797866	-0.018338463788146884	17896769
2020-05-12	0.00923313741342299	-0.0007660879169131902	0.013365531156815633	-0.028772387535757817	0.011053058705443475	14704827
2020-05-13	0.008894613269166322	-0.01194439790436496	0.02395249369723147	-0.019836647757830533	0.010713923744869621	15051437
2020-05-14	0.002770780856423223	-0.0022342231129384117	0.03965477910616942	-0.004505313594697172	0.004579048332338228	22072882
2020-05-15	0.021351394076783433	0.00759113201048986	0.05162920486214532	-0.0012165328890672562	0.023193166941891878	25510725
2020-05-18	-0.0351696761787961	0.030137622785884867	0.044674389421726274	-0.038850379252511225	-0.03342984990863166	27681558
2020-05-19	0.06296199332645308	0.01942349147149554	0.06615563379875268	0.0035907866379723593	0.06487882624104481	29100631
2020-05-20	0.013429208869231051	-0.007806377806343404	0.0669084704244251	-0.017415929426346958	0.015256695030832487	36655643
2020-05-21	-0.012777946786322292	0.005359173632214237	0.041391853281376435	-0.025221216354692783	-0.01099774276597127	26414907
2020-05-22	-0.04002881024701592	0.002763675412394425	0.002763675412394425	-0.06447141613121696	-0.038297746146857624	22239507
2020-05-25	-0.023221049405060132	-0.004450207738478697	0.012809399311004489	-0.029213834070211053	-0.021459601601474376	12741186
2020-05-26	0.037832340322226224	0.013071100892762507	0.04405732404804365	0.008205440365811901	0.03970383292214668	15818545
2020-05-27	-0.049999979026285155	-0.002144698053394912	-0.0018978991172705563	-0.049520593930201855	-0.04828684599916636	21365537
2020-05-28	-0.01737088477542611	-0.005209610911754728	0.011932991541008927	-0.038975317042042865	-0.01559898902281238	17108676
2020-05-29	0.01398414132371177	-0.0008401401541133234	0.030350591723366443	-0.011148906198790706	0.015812551049999367	13716459
2020-06-01	0.053343556609362075	0.021615044388510134	0.06593108469921466	0.01353393623307615	0.05524312457489184	20203593
2020-06-02	0.06299407894116503	0.006010597485874484	0.09584615151221691	-0.011065670561960866	0.06491101781019783	37291456
2020-06-03	-0.034162123260647055	-0.00587951246004273	0.021127038793816656	-0.0352142612470819	-0.03242043351987015	28664572
2020-06-04	0.005774663059885559	0.009999013864971725	0.022533510813533417	-0.008079726570380252	0.007588442825296364	17805356
2020-06-05	0.017703495627559677	-0.0020312881892603643	0.036554942900322504	-0.0020312881892603643	0.0195386891915528	18583374
2020-06-08	-0.008932816257792419	0.017581505666476174	0.04254418649384602	-0.013739517214672361	-0.007145631294769791	19494646
2020-06-09	-0.004506665342334815	0.0067932766072514635	0.009407113516241504	-0.020057641708473947	-0.0027114509490636517	13836300
2020-06-10	-0.006433119269184334	0.0010872084229007727	0.0010872084229007727	-0.01896320350396756	-0.004641426140182533	9515574
2020-06-11	-0.015767902987197126	0.0013227887252880305	0.028710216248004655	-0.014773379007233972	-0.014773379007233972	15668351
2020-06-12	-0.028041914343133117	-0.03560294870698652	-0.01705210778371457	-0.03902017547535977	-0.02705974753690034	17165960
2020-06-15	-0.036879099456217215	-0.01681981381958504	-0.010792731237501305	-0.03640815240412158	-0.0359058892439917	16381482
2020-06-16	0.02396467118695438	0.016133895623625896	0.029692803201230897	0.006746977660125921	0.024999318144708946	11310545
2020-06-17	-0.02136863103308993	0.002538252743082932	0.005594071920114792	-0.0315842083389134	-0.020379767203838217	14956663
2020-06-18	0.01637629124360723	0.0002297874475217797	0.023388152033266354	-0.00289265213068724	0.017403322220131322	11345764
2020-06-19	0.009207197608798425	0.002290650039344136	0.020211452338790747	-0.00615782766684561	0.010226973890368442	12002720
2020-06-22	0.026355850454815304	0.014709070479307423	0.050223938681536726	0.014709070479307423	0.027392933860298764	23297596
2020-06-23	-0.013580276268009504	-0.002449806246394192	0.006448064438775133	-0.021234274064006964	-0.012583492304503433	14013514
2020-06-24	0.039048729841728594	0.006773495908460467	0.04636284658014735	0.006773495908460467	0.0400987008863416	24775531
2020-06-29	-0.005781649863145333	-0.00043631134818977594	0.026331256025415566	-0.018763703005013937	-0.0047770220642404625	19136763
2020-06-30	0.05258055502598451	0.010227479447389774	0.07353335108811075	0.010227479447389774	0.05364414380981619	33619347
2020-07-01	0.051565381988157466	0.029123574997403465	0.0738279564852632	0.002393092529938516	0.05262796475327796	40920947
2020-07-02	0.10310859333309497	-0.009946292544698343	0.16141758510692758	-0.01498638467973622	0.10422322551170754	54452166
2020-07-03	0.018654532277015357	0.042528860349484665	0.08384862163103557	-0.0027639132608042296	0.01968385073926776	42939107
2020-07-06	0.15819203982387287	0.03942830506078534	0.173988483641202	0.023827148959069035	0.1593623815132153	45457707
2020-07-07	-0.04003365011624516	0.03249726199641592	0.07526543026073679	-0.03990551404051469	-0.03906362129589927	49505149
2020-07-08	0.012966549902573728	-0.00021732118229043638	0.027145169672767554	-0.033543445556308095	0.013990134425166114	31623522
2020-07-09	0.0041515354956822	-0.01318823062422261	0.030273700952998	-0.01890238830257373	0.005166173278114833	33806279
2020-07-10	-0.031352320124973014	-0.008818583140997416	-0.006059570692910609	-0.04071984671106935	-0.030373502609921447	31573764
2020-07-13	0.10706028922634454	0.014718094312421406	0.12740524460073396	0.014718094312421406	0.10817897142014443	37754547
2020-07-14	0.02024097900595561	-0.010567470841247649	0.05761377429038414	-0.04481886614535859	0.021271883134717912	40878661
2020-07-15	-0.12108327459955684	0.00873359974513083	0.00873359974513083	-0.13942417924036027	-0.1201951634722937	52004559
2020-07-16	-0.13686854410345028	0.0011898252074698627	0.0011898252074698627	-0.15930900366229592	-0.13599634514618328	40794084
2020-07-17	-0.03403901111215162	0.0010105053538583433	0.04256345285713183	-0.04448993060927868	-0.03306289082235223	28497576
2020-07-20	0.05006446236584472	0.019938025534543217	0.05521220293308987	-0.04286705924603427	0.051125524887940775	25892673
2020-07-21	-0.018416176083788472	-0.010664909596585408	0.0214936022893747	-0.02090647389147716	-0.017424301064956706	17770300
2020-07-22	0.03418802348678975	-0.0010763001392879712	0.06131734771583159	-0.010883928131163099	0.0352330642207371	22696394
2020-07-23	-0.016327406978715712	-0.0177546893184112	0.013318826718872304	-0.05124949654378988	-0.015333398130315886	18735294
2020-07-24	-0.07561467379692492	-0.015399480327845785	0.009215553176468903	-0.07939849359402498	-0.0746806161039293	21074819
2020-07-27	0.03125693381692207	0.008555210851831968	0.04028753031906629	-0.006534305910432873	0.03229895217883991	14172324
2020-07-28	0.0571796870968765	0.015642595550340792	0.05824791929910678	0.001440813794801664	0.05824791929910678	14961838
2020-07-29	0.11976408231196216	0.08893979925567812	0.12964782913439507	0.04436452689249801	0.12089560271047092	39535039
2020-07-30	-0.01870340947775	0.014279731956762973	0.014279731956762973	-0.02789102083948638	-0.01771185104818371	27107650
2020-07-31	0.06051069203811969	0.003974218905756713	0.08918232432660426	0.0026775732595065733	0.06158233261772699	31912639
2020-08-03	0.0003490000060783983	0.018477088405486577	0.04589964030694537	0.0010104948376784308	0.001359844175628172	28953199
2020-08-04	-0.03244377382932624	0.0086930765224391	0.02074080396068398	-0.03949793799353952	-0.03146605567954347	24048740
2020-08-05	0.026140251006943047	0.06471279237080944	0.07914955795019682	0.0242897621278231	0.02717711885289642	28594026
2020-08-06	0.01897402017261237	-0.014817153528189974	0.045327872350973554	-0.025368950712209654	0.02000366110969258	29973855
2020-08-07	-0.04551727492089765	-0.003304232003022606	-0.003304232003022606	-0.06802473641841075	-0.044552749558295524	25376016
2020-08-10	0.01752175222404327	-0.008030397014761128	0.030664716359713864	-0.010200199388418133	0.01854992164687921	17018066
2020-08-11	-0.05911596544994637	-0.004853825466288143	0.00491991383455769	-0.06118617159092238	-0.05816522767345128	19651377
2020-08-12	0.005282993309907054	-0.003711274658594572	0.015553455196348303	-0.023542595328163295	0.006298811182964027	15927988
2020-08-13	-0.02083332433087721	0.007961997673514775	0.012283157838670223	-0.019843924652542054	-0.019843924652542054	10514632
2020-08-14	0.04370328905529627	0.010220514724697344	0.045525465844992445	0.0069586058658100865	0.04475794772012136	14240303
2020-08-17	0.026997188254405967	-0.0017471447531930138	0.028586542871054322	-0.01553516786964105	0.028034966794303923	14642146
2020-08-18	-0.01859795944217515	-0.0056127655909002025	0.004590667961154176	-0.028883736493070605	-0.01760623940319726	11256339
2020-08-19	-0.08545922815670326	-0.005920699831827258	-0.005920699831827258	-0.08800064204754794	-0.08453506272731579	26207209
2020-08-20	0.00019932455422419563	-0.012551702922567855	0.026140535737492417	-0.017138900055549335	0.001210008142908589	9572013
2020-08-21	0.015936226141902692	0.012177072928158615	0.0275312374088536	0.004001489471663035	0.016962820198221564	8207749
2020-08-24	-0.000980401451135518	-0.01292512596588446	0.020441910016733057	-0.0166544396179383	2.9127442512170086e-05	10116105
2020-08-25	-0.02845926880416883	0.0031716806486909513	0.011816305162383061	-0.03179987365852566	-0.02747753193130172	10767582
2020-08-26	-0.0434343711533771	0.005055001886651953	0.01678397330023906	-0.044489982220638095	-0.04246777924163492	12821033
2020-08-27	0.05026400463403392	-0.004274684898376815	0.07183177526626672	-0.014633547699684207	0.05132530833661009	18120602
2020-08-28	0.0036196000635913216	-0.0064371638548128	0.010672366260426527	-0.01871581683967391	0.004633714492961474	9670606
2020-08-31	-0.012823102398756834	0.006626203862488362	0.02066562121142564	-0.015034571363250995	-0.011825581739804289	10961617
2020-09-01	-0.010554067731128025	0.0006041414162264502	0.00913717163321187	-0.016462000285085907	-0.009554276263126103	8161105
2020-09-02	-0.013948788099741247	0.006143842841153136	0.012303886651530743	-0.016443018686144457	-0.012952356625015683	7975423
2020-09-03	0.00020811523211707703	0.005383549979818325	0.018502701905874407	-0.013358024232201296	0.0012188089274146182	7527484
2020-09-04	0.03993342531053656	0.0012186386062287909	0.06097111295809483	0.0012186386062287909	0.04098423643816669	18271646
2020-09-07	0.01080000195397235	0.027036711938499176	0.08089113474705899	0.007617169075151211	0.011821392986936649	23006355
2020-09-08	0.010486743216832113	-0.00948692113683483	0.023985787156774435	-0.018003551388626648	0.01150779765161843	13148732
2020-09-09	-0.06344232580340345	-0.012906057040386694	-0.012906057040386694	-0.06896423035055867	-0.06249594264411962	16355927
2020-09-10	-0.03491536166792166	0.00875401740988008	0.022148240418056138	-0.03917228260456694	-0.03394015606680048	11759349
2020-09-11	0.043544151360939524	-0.0035434817074766274	0.04503237377644851	-0.01113353096061895	0.04459863870814309	9493079
2020-09-14	0.08158605702264675	0.02511628305194622	0.09888805747267553	0.024492797088162797	0.0826789809733604	22971809
2020-09-15	-0.006525916133570837	-0.0009108042946617166	0.008311557511849038	-0.027425113701634075	-0.005522023624424593	14466361
2020-09-16	0.0019320895584157929	-0.005564930037177457	0.03079327686055864	-0.007692212780181463	0.002944491026760528	15625861
2020-09-17	0.03972220165469	-0.005938350574158377	0.05486351707272901	-0.006710456594326916	0.04077285726054526	21701527
2020-09-18	0.0012983247962158415	-0.0006602362629959335	0.011406804859341787	-0.009200070412329859	0.0023101214605262994	14553458
2020-09-21	-0.014632366166395768	0.008055881412874942	0.02845064885927362	-0.014563673006393349	-0.013636658348645019	13683477
2020-09-22	-0.012969934669201882	-0.007456718950710659	0.017944825017630155	-0.015735734137789455	-0.011972593311627977	11012012
2020-09-23	0.04551517087531124	0.016261092205571193	0.05743768042518195	0.016261092205571193	0.04657165537490881	20222563
2020-09-24	0.005282253769387755	-0.009564882817413073	0.0214317979486105	-0.019046238696832495	0.006298106164798515	20219888
2020-09-25	-0.04149296576531275	0.010623444196292834	0.01370678879756951	-0.04233819301365745	-0.040524385144379726	17596284
2020-09-28	0.01739129858874545	0.006687298709850739	0.0350713385534736	-0.015830763000836367	0.018419349589188293	14279713
2020-09-29	0.048866608583756035	0.006590227433411971	0.061457970086526086	0.004358338613499354	0.049926467020192176	19472576
2020-09-30	-0.005137284993991365	0.0006558081473101416	0.007748920402680352	-0.014594306951160286	-0.004132018685930632	12225066
2020-10-09	0.014066959685622837	0.024538480884639363	0.040580332960746875	0.0019016525049948554	0.015091640760589702	17315428
2020-10-12	0.03599644121889991	0.0011862017766731867	0.04284375696324048	-0.0049657149087438636	0.03704331007491265	16760447
2020-10-13	-0.013728858934055132	-0.01052657546284731	-0.004588411545817925	-0.021724319979214327	-0.012732208773259765	11757973
2020-10-14	-0.03230786893715153	0.0011825823959489166	0.008063510618108765	-0.0349426133163199	-0.031330047298479165	13665262
2020-10-15	-0.011543280618249266	0.001010467696578661	0.025186834396269252	-0.011611099031789437	-0.010544456712199932	11474338
2020-10-16	0.006108519931897394	0.02510955498681354	0.028706448602724383	-0.019671582594524575	0.007125176829150145	10671429
2020-10-19	0.03535713819682617	0.013344345640340195	0.041765893320525146	0.013344345640340195	0.036403355029639727	16247871
2020-10-20	-0.12366333030457728	-0.08496799054015733	-0.0658040953414322	-0.1355537223838807	-0.12277778649647896	32022571
2020-10-21	-0.037000566740182476	-0.013174271236882714	-0.0011566094007631846	-0.03977065295336818	-0.036027492346190355	19292136
2020-10-22	0.007766167720336071	-0.00042157822586833145	0.028219575337524457	-0.00860482340972516	0.0087845265754468	11246135
2020-10-23	-0.011965130567923055	-0.0012225279613533844	0.016641804483913863	-0.015838803653000243	-0.010966698222214705	8828677
2020-10-26	0.006362847651338052	-0.0035096595253442634	0.014571010497501872	-0.03268521190665003	0.007379801999629419	8182875
2020-10-27	0.024474881362488345	-0.004297689633771129	0.028980898787421636	-0.0065434811888314464	0.025510089187936638	8831748
2020-10-28	-0.011546893992831195	0.0004126403131011905	0.0020068835163984115	-0.017523083973180642	-0.010548035798430461	6845057
2020-10-29	-0.03585101415567935	-0.017134718874319835	-0.010884683591976415	-0.05080411484866493	-0.03487671744367121	14159677
2020-10-30	0.003760240597181874	0.007911203610312736	0.04513279898984705	-0.0010805560675270056	0.004774508730079129	13811918
2020-11-02	-0.011862609695802193	0.007468642382909083	0.016843350399815698	-0.039404897701623705	-0.010864140793948223	13254747
2020-11-03	0.05054763367706139	0.011973501811179618	0.061096424377159876	0.001432111167313163	0.05160915171489877	14393468
2020-11-04	-0.003207728667415221	0.005425424312122937	0.014456212025245798	-0.01624837789853265	-0.0022004970494373904	8248053
2020-11-05	0.004022463463772685	0.01913009091176121	0.03141121273845785	-0.0018081204295301721	0.005037003261397488	10857741
2020-11-06	0.0056090276710829565	0.004018359399109808	0.012640845808968345	-0.019843850380530326	0.006625177668337763	11069185
2020-11-09	0.1503983921937455	0.032915158221667774	0.16472153583878663	0.03092115335707599	0.1515608405185744	38303904
2020-11-10	-0.015411279930299834	-0.01580305202980319	0.011930606175196326	-0.03313656674103446	-0.01441633618587526	20540473
2020-11-11	-0.0342947851983046	0.002947048146615692	0.005411724015947687	-0.040536893724285664	-0.03331891439267026	15512848
2020-11-12	-0.03642318357151228	0.014683043352013932	0.020516650500282792	-0.04146538899002905	-0.03544951807842154	14646573
2020-11-13	0.01209595624689381	0.006497032820316317	0.02919999190261808	-0.008827489628067078	0.013118685863011645	11663036
2020-11-16	-0.004855228175161909	0.013721770031113106	0.015591108117903719	-0.01113989190320068	-0.0038496378631792893	7352787
2020-11-17	0.005817187648571249	0.001198301020925437	0.009651213687166158	-0.041066168389235005	0.0068335448247381966	12149178
2020-11-18	0.009888116344912467	0.0011972907500969487	0.029023833033238758	-0.0044053800505438915	0.010908586804541223	12267968
2020-11-19	0.01755032268948975	-0.00509215297118969	0.039290391026345316	-0.014338508598713126	0.01857857291340408	12893915
2020-11-20	-0.007625253662470749	-0.005895530090206023	0.015549501958213073	-0.01643634490219516	-0.0066224985028915245	9331797
2020-11-23	-0.0005488159800680571	0.0017430144999643186	0.01053342832860333	-0.022796941896562176	0.0004610764792502461	10723190
2020-11-24	0.019769305483829422	0.00412539796715181	0.030327959087972676	-0.005036330283674908	0.020799743383656505	12379007
2020-11-25	0.009513552569661856	0.011072692425128653	0.05096221436095883	0.007658763343639539	0.010533681253503003	19582013
2020-11-26	0.003734014713430148	0.006350169128765562	0.02521695620621869	-0.008600912001709824	0.004748267579071829	11968570
2020-11-27	0.04286979361292201	-0.006969249401925072	0.047647477346353	-0.009629188663553877	0.04392355883353429	23907955
2020-11-30	0.04467472124995746	0.01631383499164624	0.07973780361334336	0.011722823858172127	0.04573031373575775	27185599
2020-12-01	0.04081298650735577	0.017449776945573755	0.055537003856901426	0.010776373939742769	0.0418647310976674	24937248
2020-12-02	0.09170436615558723	0.02352964174036945	0.12564812925905433	0.019620055458263244	0.09280751065929153	33941401
2020-12-03	-0.010446378496345715	-0.01574939933638791	0.012756738857841822	-0.026349653834861583	-0.009446485301360845	21034796
2020-12-04	0.013882849210048587	-0.005793266377341092	0.03937167234605572	-0.028230998173137914	0.014907325109076	23245866
2020-12-07	-0.016117538699383233	0.05797847863261769	0.0692578859019438	-0.0432504469281002	-0.015123338734592127	28550394
2020-12-08	0.005943720807187587	-0.0049393146488693526	0.03757968503144011	-0.016548641372844126	0.006960186108418845	18201600
2020-12-09	-0.03357838350556321	0.003462841305405331	0.006925120002243628	-0.03837206816380742	-0.0326018104397473	20896977
2020-12-10	0.042051906202596266	0.0010105041621050429	0.06564481095156288	-0.004363262513355623	0.04310487793060176	21860569
2020-12-11	0.012736082630410437	-0.0002786871738406551	0.04971451145529635	-0.005722032843229671	0.013759468344804267	21082782
2020-12-14	0.030804066646058004	0.011477561316493684	0.042171229666575334	-0.0073347326547196345	0.03184565794873739	13792669
2020-12-15	-0.0729266547595586	-0.010927494483190324	0.007459758074079534	-0.10780397395819359	-0.07198989005460445	33246128
2020-12-16	-0.023214621994058254	-0.008314307645975131	-0.0023937664472737084	-0.03643676733021442	-0.02222753949947028	15445068
2020-12-17	0.029972796181503773	0.005708063525046161	0.04374213149396716	0.0019198006876727537	0.031013628972597924	12819852
2020-12-18	0.00014704732862823365	0.021460332831881767	0.04293996792440964	-0.00796384498266185	0.0011576942761133482	12305833
2020-12-21	0.022189467139996852	0.01660299033963863	0.08191509054224148	0.0017459210993704454	0.023222412843247952	15872658
2020-12-22	-0.03881529221197528	-0.0034505363285307947	0.013098689322315667	-0.04072214823771852	-0.03784407021481745	12570676
2020-12-23	0.03649418121142337	-0.0019838601366551994	0.0435301197165651	-0.011865267350107627	0.03754151419760217	11576953
2020-12-24	0.0	-0.004767395152356361	0.03639967090013191	-0.00707858808535574	0.0010104571787896588	11317519
2020-12-25	-0.034632114733878026	-0.0033229645699079887	0.010977155310116941	-0.03943445136085335	-0.03365658458511265	11458360
2020-12-28	-0.001494662788591356	-0.01814182645901469	0.015673983958634813	-0.03490019356759927	-0.0004857369769954741	10904429
2020-12-29	-0.0023952770051998153	-0.0033352827061638524	0.04686507371947016	-0.007830883310450506	-0.0013872535472705806	12022877
2020-12-30	0.0	-0.006199640510466723	0.02339195007637584	-0.023173632459212178	0.0010104437506101192	12393820
2020-12-31	-0.062274882489048056	0.0010104437506101192	0.006267836601145225	-0.09873007913705695	-0.06132734737891416	31265615
2021-01-04	0.000800071481980252	-0.00523690724332041	0.019271797510695826	-0.017571265166653537	0.0018113819547277863	14745499
2021-01-05	0.034218104531104056	-0.007472685730661148	0.04230581789087112	-0.009553407830879152	0.035263163319902716	14519253
2021-01-06	-0.03385894740869209	0.01664162902353461	0.01679631516712887	-0.05284720933815863	-0.03288269909073947	16299648
2021-01-07	-0.014722414153303914	0.001490991338640812	0.02471816566576846	-0.032628919298632	-0.013726802035826744	13395177
2021-01-08	0.022413546681287748	0.008001466869747561	0.02458471680857249	-0.004679825648912645	0.023446666894388325	11001161
2021-01-11	0.032565533665945466	0.014208830594619516	0.07288604401558252	0.013731796239241045	0.03360889028314773	16933303
2021-01-12	0.056922982887325904	0.004090436704977214	0.06338114811186256	0.0014724401725699312	0.05799099943763225	15796988
2021-01-13	0.009607078447141534	-0.0019036102326648464	0.01732978005190268	-0.03541637944075308	0.010627249523485444	15775513
2021-01-14	0.002162635737868431	0.0027423443266390247	0.045605594436113714	-0.02583325677104335	0.0031752928915298254	19643334
2021-01-15	0.017839126489859775	0.003602643929093505	0.06567073496070372	-0.016270732786159543	0.01886762835769984	21653064
2021-01-18	0.020494638962828077	0.0015764323282043485	0.04685177536317553	-0.035068389389424755	0.021525842461381648	18761093
2021-01-19	-0.054016538829164	0.010715651408368535	0.025966476711746466	-0.05999283514924535	-0.053060629225517325	21605772
2021-01-20	0.021376292344061094	0.004821001158182249	0.03940935634940212	-0.00441230163578281	0.0224083590322859	11062362
2021-01-21	0.01361803241095581	0.01593380175628264	0.02726968534163851	-0.007312183228302458	0.014642303140198118	11126731
2021-01-22	-0.048790733703198856	0.0069562374507384775	0.018706212513953803	-0.051793411360341136	-0.0478295880590415	18852645
2021-01-25	-0.034939013968723905	-0.017741785984746967	-0.008365729499065598	-0.046167802921140755	-0.03396386968541013	17017013
2021-01-26	0.006470419487659795	0.01288495141344498	0.025067961835210543	-0.006237693440129454	0.007487452825978222	10592195
2021-01-27	-0.04025716882768532	0.001010495011702524	0.004381431842732778	-0.050013029377749554	-0.03928735470964397	12242999
2021-01-28	-0.041307838868349184	-0.016551141489606118	-0.0020229192444615293	-0.04209523658387727	-0.04033906188586837	9841463
2021-01-29	-0.0003326765398842876	0.014332885035167674	0.024158142007269998	-0.016142031250312265	0.0006774431417375221	10436212
2021-02-01	-0.010484339300531734	0.0028429096750234814	0.01716923671811638	-0.0336392987009702	-0.009484428307003025	9472850
2021-02-02	0.014127160827929695	0.010943169588876122	0.015151925568992275	-0.02020159099393556	0.015151925568992275	9117231
2021-02-03	-0.08441128165069058	-0.0003175178764207452	-0.0003175178764207452	-0.08365205751318314	-0.08348608565515751	19421666
2021-02-04	0.02101068664389437	-0.014582153989684142	0.03908555323716936	-0.027273756122509166	0.022042411007699752	13771066
2021-02-05	-0.03743129373372216	0.0034965757076574474	0.008646372571068997	-0.03645860700783706	-0.03645860700783706	8130235
2021-02-08	0.05049764300388549	0.014662369344002208	0.07092999137739925	0.014662369344002208	0.0515591827746932	8804876
2021-02-09	0.03877196451948099	0.007332700542489698	0.04772433519247908	-0.010580136695536736	0.03982160306775659	9609484
2021-02-10	0.03377804279036617	0.014366300858001727	0.05696968549403785	0.014366300858001727	0.0348226710191998	10822888
2021-02-18	0.016663938595486844	0.018836038190423506	0.05301528945843698	0.006080161726404803	0.01769129493228486	12435984
2021-02-19	-0.006106373268119479	-0.002850008683842649	0.016935334961877654	-0.017166308929668465	-0.005102065191023031	8889970
2021-02-22	-0.041228750193627144	0.0032763713305863553	0.011044908827363926	-0.04106915496893766	-0.04025994681162614	9706188
2021-02-23	-0.006239435056018339	-0.010974636639525708	0.0042177990163054435	-0.03680170298047409	-0.005235284812549132	8314098
2021-02-24	0.03868991189715112	0.008144722500639273	0.05893418902372762	0.008144722500639273	0.0397395035484148	11360498
2021-02-25	0.004247745015720668	0.013929941921929367	0.01850896401560993	-0.018777475559423194	0.005262492643079736	7623882
2021-02-26	-0.010736980948932755	-0.014297041111174684	0.029019825136324826	-0.020485116007208846	-0.009737338410786533	8339497
2021-03-01	0.11215258158560486	0.01401485449503661	0.1325361574086916	0.01401485449503661	0.11327636029232933	19021703
2021-03-02	0.00931539215048797	-0.008314307645975131	0.03150116244064753	-0.0182311349669575	0.010335333484434663	14025981
2021-03-03	-0.025051174938638867	-0.010134652043192725	-0.0030955655748177947	-0.038290792611287254	-0.02406604627968042	9066370
2021-03-04	-0.025995525521132355	-0.008766534683709176	0.0223693108352523	-0.04245947667748068	-0.025011361580808997	8774062
2021-03-05	0.029311892581481053	-0.012424899122949943	0.043169663546526564	-0.015976771986903743	0.030352004499450698	8886181
2021-03-08	-0.07868701512523531	0.01226285844993197	0.01226285844993197	-0.08465756552301461	-0.07775606937992807	15018015
2021-03-09	-0.05612499593090148	-0.007457503345128659	0.002638892803962849	-0.05745102942776901	-0.055171210646647276	7793504
2021-03-10	0.005343001371774321	0.026372227186251217	0.032238197021709096	-0.006753284037333098	0.006358918335865771	5464017
2021-03-11	0.06034627652072846	0.0022117989910541845	0.06914027288784812	-0.008084948704776895	0.061417733567425255	10023371
2021-03-12	-0.01616812431977616	0.0035999963293584566	0.013148843562579102	-0.023913582738325494	-0.015174008400363667	5356001
2021-03-15	-0.05653244966726803	-0.012972404978606621	-0.00935328734640154	-0.07400359482030291	-0.05557909616369683	8962512
2021-03-16	-0.021947394484454895	0.007287499258744928	0.015656860512755562	-0.034908065269230924	-0.020959060101202635	6547199
2021-03-17	-0.0026714233115712627	0.0010105124997149767	0.025077514133189354	-0.015925568604703184	-0.0016636384094155855	8423969
2021-03-18	-0.00875001139543183	0.013701849384745094	0.013701849384745094	-0.02222724117756724	-0.007748393154732711	6859482
2021-03-19	0.01585300556692393	-0.017743781129875506	0.04230599276906517	-0.024416036336013774	0.01687949665780437	8585209
2021-03-22	-0.012945556177333473	-0.0007646484633646093	0.006513491292398128	-0.01922628901003024	-0.011948149254267631	4949662
2021-03-23	-0.02533238143218705	0.008024377752655151	0.030145162886581072	-0.037835768565008344	-0.024347484946760797	9608928
2021-03-24	-0.033179724505674295	-0.01467350377439081	-0.0036024568653968275	-0.04917843701243417	-0.032202738262824444	6935105
2021-03-25	0.004766451273509674	-0.009486239617331131	0.010743848513770492	-0.009486239617331131	0.005781775551384553	3650319
2021-03-26	0.03605307376605837	0.0038596267226188316	0.049446480138460765	-0.001078906959608051	0.03710001297134836	6465123
2021-03-29	0.016849885818797282	0.012927336167940985	0.04097761329752669	0.010360660798960374	0.017877388308490255	7136266
2021-03-30	-0.003962573530863425	-0.005299964634689303	0.01363130342940753	-0.014314828432267387	-0.002956082017591405	4559452
2021-03-31	0.00922245648523125	0.004630804967220553	0.01712079146805979	-0.020892247915730393	0.010242274411736646	4407982
2021-04-01	0.03709017355667157	0.01320702485874378	0.05087267630958492	0.0011898411264896248	0.0381381047221616	8685636
2021-04-02	0.09346921110329488	0.0203803684005494	0.09837890095522303	0.0203803684005494	0.09457414468561248	17993803
2021-04-06	0.0017380477230673308	-0.005474178137033011	0.017775662055576007	-0.0061068439571295655	0.002750287729221751	9173950
2021-04-07	0.0313879616209434	-0.0073576320778820335	0.05785016237684215	-0.008462848665439933	0.03243016507420223	15094155
2021-04-08	-0.009787384389716408	-0.005418973948162055	0.02963707513885795	-0.015675512166357125	-0.008786817829100686	10406253
2021-04-09	-0.04787643632053048	0.0033294303458970592	0.02497291513059228	-0.0512430779740458	-0.04691433773016811	15659366
2021-04-12	-0.04801303973196371	0.003933134840458319	0.013675296469985755	-0.051110310555331225	-0.04705106301220298	12973251
2021-04-13	0.0006815876985240616	0.00476280766852846	0.019430877853470595	-0.010758057294607807	0.001692746467028972	8892946
2021-04-14	0.004767506242253925	0.005612425210771655	0.029474449050092527	-0.01126144448725396	0.0057828339061489495	6856518
2021-04-15	0.015590641682872929	-0.0008553966732862675	0.026116417678935164	-0.033085900580738827	0.01661687681046179	7967036
2021-04-16	-0.002169234643554689	0.002179690718327799	0.012702594173865087	-0.014523304126977665	-0.0011609249537281444	7583614
2021-04-19	0.028428163066019523	-0.0021699330186701416	0.03582829234703019	-0.016063590749939734	0.029467339202892975	9333721
2021-04-20	-0.014634186834450093	-0.008918286947214282	0.008497667238734727	-0.041308657584761946	-0.013638515105980133	10752434
2021-04-21	-0.021452133875209292	-0.011378284739119336	-0.0034494226894984698	-0.02938325893534832	-0.020463346943662246	6285073
2021-04-22	0.015008388147097387	0.008269072427395852	0.04321157990530712	0.004386569720911708	0.016034060959917752	8531601
2021-04-23	0.028410122210429434	-0.002814587472403982	0.051069381587706124	-0.002814587472403982	0.029449300521653038	10478575
2021-04-26	0.01292403121554837	0.004729879435489005	0.05275892626801301	-0.001738701765790522	0.013947584603049344	11767665
2021-04-27	0.018181798733448676	-0.005375569951338623	0.02974762067233194	-0.014954585655341059	0.019210668274754643	8725520
2021-04-28	0.0026629325295562632	-0.00024393358866095402	0.014808902878226607	-0.023136701828780595	0.0036761263778888787	9058517
2021-04-29	0.056866120987464484	0.02587540914797835	0.058090493942604286	0.021653118516684066	0.05793407921462978	15964877
2021-04-30	-0.061345191452758525	-0.01363840877008867	-0.01156685719306507	-0.07326997092453014	-0.06039668039774842	20336412
2021-05-06	-0.014960614256615452	0.0006952214974555133	0.030804340469807828	-0.018379151817161925	-0.013965263012435041	12450692
2021-05-07	-0.04940051554520473	0.01093253880680001	0.026935903866377932	-0.04924008181048248	-0.04843992956086854	13037163
2021-05-10	-0.026236071648178306	-0.0016830983514723376	0.009933118658719962	-0.03619488055340087	-0.02525208133505102	10379555
2021-05-11	0.011399002374642383	-0.0038303605022499587	0.022275473827613215	-0.00763380264011924	0.01242096663621743	7352270
2021-05-12	0.024590070759437532	-0.00804927938787399	0.029386083346528334	-0.020527722236836455	0.02562543964075485	7938619
2021-05-13	-0.01666664164140369	-0.01567298854860651	0.019696033145460316	-0.02868610862665858	-0.01567298854860651	9536153
2021-05-14	0.015593215530912	0.009832960021456292	0.024932948838981315	-0.0006860993795414464	0.016619437916998277	8734463
2021-05-17	0.034879853347284204	0.0075257713427399385	0.04377730309595565	0.0075257713427399385	0.035925551815390686	11556305
2021-05-18	-0.021448114620721142	-0.003993742885395874	0.0021405094253910697	-0.027562107809426722	-0.02045934032133682	8105168
2021-05-19	-0.01120640102959558	-0.004433446893360404	0.011568236282280257	-0.021589805846864353	-0.010207205203248285	9028098
2021-05-20	0.004333357858091012	-0.0038277140773610653	0.008518115704470308	-0.022346425383090934	0.005348199006897488	7056451
2021-05-21	-0.06223036068820148	0.00316997731314207	0.013303024166330307	-0.0863661257516694	-0.061282756245356056	17893630
2021-05-24	0.025836221534770745	-0.0025322324591239907	0.029884105442632952	-0.002709406538928108	0.026872783785110453	8367325
2021-05-25	0.04191823162397284	0.004118664961167273	0.046079254332353124	-0.0007163518724542018	0.042971062527080106	11969597
2021-05-26	-0.012748398296286797	0.004325011450714229	0.012942998703442909	-0.017219898675535555	-0.01175076875198739	6311252
2021-05-27	0.055508994867450055	-0.0003324838817250225	0.07772716395495996	-0.002850487759696405	0.05657554192094464	16019798
2021-05-28	-0.027963165550098958	-0.00487408126395151	-0.0028065191005887946	-0.03525110707162062	-0.02698092203497769	9710686
2021-05-31	0.01667212602980715	0.014427117011222835	0.03013435923547542	0.004773697671922432	0.017699478911696414	8093879
2021-06-01	0.018971079986193757	0.010666523156309655	0.04092216176229741	-0.007036202509958169	0.020000736756595004	14529726
2021-06-02	-0.027453446577130884	0.0006946109263561854	0.012855766789261817	-0.031050956281665265	-0.02647074110990007	10347255
2021-06-03	-0.02595717240722782	0.0003608444591813177	0.008480656771993254	-0.026272123687217142	-0.024972921237918094	7521951
2021-06-04	0.049466972765129534	0.00034356799842903153	0.06186468075793962	-0.004658133169170308	0.05052743698156467	12452249
2021-06-07	0.03316928792360323	0.03580197257374169	0.06630421327405062	0.023251721877879793	0.034213335055009925	16641481
2021-06-08	0.02918593131477642	0.0918857422867716	0.11018370788734351	0.02407528804924556	0.030225921317587025	24078766
2021-06-09	0.058208984547311195	-0.0019775485297733094	0.09633055697344622	-0.005712662327111861	0.05927830280612371	28468734
2021-06-10	0.015655846105864575	-0.010425672290067675	0.028682987890597034	-0.018473274079349122	0.016682171269361792	22952721
2021-06-11	0.04346616579722219	-0.0012137095648101	0.0905328276875077	-0.0158096822887828	0.04452056998684791	32147244
2021-06-15	0.010114442383333215	0.0010104823943382414	0.06575511920817374	-0.0008545757423371139	0.011135195992632829	27180950
2021-06-16	-0.03768112157490217	0.015913548037557856	0.04031232846649678	-0.03987394125664137	-0.03670871702105599	24854304
2021-06-17	0.19137239713637566	0.01690818236974429	0.20000649615226324	0.015811867593067352	0.19137239713637566	39058238
2021-06-18	0.03220985850684446	-0.00034508225008634744	0.06775566547797061	-0.011503508570113884	0.03220985850684446	37528615
2021-06-21	-0.0075782901734662	-0.008135550825736587	0.023069206851581266	-0.02061747395684355	-0.0075782901734662	23322408
2021-06-22	-0.0028074114719569407	0.010780448822668723	0.01763054404388951	-0.024368398954461582	-0.0028074114719569407	18443856
2021-06-23	0.0485360118737833	0.0003378265651633981	0.10304046949187594	-0.006081092136900082	0.0485360118737833	28469886
2021-06-24	-0.05423695570575715	-0.014069358671792874	-0.0006443776109506552	-0.0628289006247567	-0.05423695570575715	24603646
2021-06-25	0.001703395450906133	-0.0006813309262168405	0.02168979154416973	-0.025777845236834886	0.001703395450906133	22698902
2021-06-28	0.009295998291531637	0.00884252362365409	0.040925076985886794	-0.0012470354976423582	0.009295998291531637	21386247
2021-06-29	0.010221307539271153	-0.01168146705247075	0.02066723599536369	-0.026170976369437087	0.010221307539271153	17816664
2021-06-30	0.012007949477252587	0.010451356227454788	0.08405601325203431	0.0036690570676215536	0.012007949477252587	28394599
2021-07-01	-0.031201901709577037	-0.011206295689067135	0.05031862393930858	-0.03230053940784035	-0.031201901709577037	24198805
2021-07-02	0.01043318212746646	-0.012134259469267519	0.03765026083012013	-0.0204128260376503	0.01043318212746646	22307974
2021-07-05	0.027497250897805907	0.026711616761203486	0.0413019201190106	-0.020201964538764588	0.027497250897805907	22438599
2021-07-06	-0.06029496252446873	0.002184565739446193	0.01430909838419113	-0.09535775766167927	-0.06029496252446873	33780905
2021-07-07	-0.00743926545901739	-0.021504115093619807	0.0026735208958911694	-0.05358597063333683	-0.00743926545901739	23912358
2021-07-08	0.028223492542727404	0.00316202135100151	0.06101415928111202	-0.005621208638262221	0.028223492542727404	24782833
2021-07-09	-0.0184510585950663	-0.00990891765687066	0.0014806035940568593	-0.05466973617301589	-0.0184510585950663	16545368
2021-07-12	0.007542376421443332	0.008702715247157112	0.026804339754003165	-0.024715676491065246	0.007542376421443332	17631760
2021-07-13	-0.06138433579674447	-0.004721916279582563	-0.004030853298840151	-0.06587585936022432	-0.06138433579674447	23211391
2021-07-14	-0.007607398773006098	-0.006134969325153374	0.01938652760736188	-0.009570539877300659	-0.007607398773006098	12972643
2021-07-15	0.011374950965935382	-0.007171043787254335	0.02398619030611475	-0.01941146214434219	0.011374950965935382	14197528
2021-07-16	-0.010024449510105853	0.0024449510105763223	0.03300729707797194	-0.015892456629861048	-0.010024449510105853	14884304
2021-07-19	-0.007532723850355988	-0.01790570444903531	0.012348727623534419	-0.03544087297699902	-0.007532723850355988	10590156
2021-07-20	0.027248910268175507	-0.004728194423484058	0.031106132968540513	-0.01045171044724228	0.027248910268175507	13090314
2021-07-21	0.005692841707675558	-0.002059096464609774	0.039244247559211555	-0.009205366017571723	0.005692841707675558	23058397
2021-07-22	0.05756954182307035	0.006262844830336564	0.07406962632867192	-0.01842706272946003	0.05756954182307035	28868895
2021-07-23	-0.018790502648684634	-0.00011382530722742208	0.0007971643502373149	-0.03177315867835448	-0.018790502648684634	17292899
2021-07-26	0.044916374423566684	-0.007660213200547213	0.05129988155525147	-0.044104025343360054	0.044916374423566684	24755419
2021-07-27	0.015439287075855715	-0.0025546595863007826	0.16039100478052867	-0.015994701943737713	0.015439287075855715	42839191
2021-07-28	-0.05305182789437398	-0.015532684653963858	0.011704222526891689	-0.09210236473643334	-0.05305182789437398	23851539
2021-07-29	0.09379695044472698	0.03557816795656703	0.12048053598244204	0.008432517038235077	0.09379695044472698	27454922
2021-07-30	0.05607770501472788	-0.00939908101385406	0.08353570422355669	-0.015629981716549234	0.05607770501472788	27717156
2021-08-02	-0.03800003000000004	-0.0009999799999999936	0.04199996999999996	-0.06489998	-0.03800003000000004	25176418
2021-08-03	-0.09916832949589381	-0.015592516078768694	-0.0044698546092469486	-0.10623694717994638	-0.09916832949589381	25093459
2021-08-04	0.037502883106259724	0.00046149317048260817	0.041080046569118504	0.00046149317048260817	0.037502883106259724	16181907
2021-08-05	-0.005005060393501978	-0.01012127638210316	0.01790671703228934	-0.030030084305190382	-0.005005060393501978	12711956
2021-08-06	-0.006706885833969206	0.02705117401130316	0.04169464611775829	-0.016320132084955606	-0.006706885833969206	13230986
2021-08-09	-0.04906595713407652	-0.03218547116604238	-0.03218547116604238	-0.06718435666009046	-0.04906595713407652	14761160
2021-08-10	-0.006153810650887616	-0.005325408284023623	0.010650911242603558	-0.03325441420118335	-0.006153810650887616	11744838
2021-08-11	0.010002345439306507	0.0002381162096410451	0.030364323754549134	-0.012860216258863385	0.010002345439306507	10539881
2021-08-12	0.026526762556000946	-0.0043622141004479725	0.04491861589247831	-0.004480051874557726	0.026526762556000946	11569922
2021-08-13	-0.04502122430228544	-0.009991994946594659	-0.0012633628115309168	-0.04674399908119896	-0.04502122430228544	10608827
2021-08-16	0.022609704807944598	-0.007817221700126966	0.047504460673374355	-0.023331364441819307	0.022609704807944598	13258017
2021-08-17	-0.035987275502614165	-0.012113360133051438	0.009526014459908387	-0.043043585123410465	-0.035987275502614165	11956396
2021-08-18	-0.022813260670815377	0.004879858425279275	0.028303037351433087	-0.0397706717119596	-0.022813260670815377	13380697
2021-08-19	0.06354561956418535	0.023720375124104257	0.08651686857720027	0.01960049986518111	0.06354561956418535	22579157
2021-08-20	0.02476817643460082	0.0071604764136523535	0.05505335003983209	0.00011732597447279455	0.02476817643460082	17533886
2021-08-23	-0.0073310306759096335	0.0	0.01030920926772468	-0.02955328649874167	-0.0073310306759096335	13812978
2021-08-24	0.00219240700704328	-0.004961931458023061	0.026425027628662418	-0.024925039237247214	0.00219240700704328	14600095
2021-08-25	-0.02556132471068101	0.0062176282375965486	0.023373621724205495	-0.02901549865320672	-0.02556132471068101	12440676
2021-08-26	0.014415704162201452	0.019733026813175954	0.08224033140400555	0.013352298712712905	0.014415704162201452	20794005
2021-08-27	-0.0564938627022449	-0.01223057687199941	-0.008503145218477493	-0.06220146912525262	-0.0564938627022449	23418402
2021-08-30	-0.03950613580246909	0.006296320987654321	0.017654320987654404	-0.053456814814814735	-0.03950613580246909	22622239
2021-08-31	-0.030848340712788958	-0.014652942879706612	-0.004627262032367748	-0.05192803141665693	-0.030848340712788958	16881652
2021-09-01	0.0067639520752267365	0.0	0.022546365449698513	-0.025066312332458564	0.0067639520752267365	12179712
2021-09-02	-0.0566460647268574	-0.007772414292060998	-0.0026347647142793513	-0.061256774535277336	-0.0566460647268574	17167247
2021-09-03	0.03100127033932029	-0.00027936042062054445	0.04259185808418022	-0.006842591721231786	0.03100127033932029	13890756
2021-09-06	0.01801438390859054	-0.01124206931485649	0.027360096780168125	-0.021806866536452172	0.01801438390859054	11400319
2021-09-07	-0.015034658593152776	-0.005322006103139652	0.005721021515645457	-0.030069210746715768	-0.015034658593152776	11770717
2021-09-08	-0.0017560043462921432	0.0014858841211114891	0.015804376817565437	-0.01148181833691497	-0.0017560043462921432	8391988
2021-09-09	-0.022327496012787666	-0.0046008659106667885	0.0012178078154855706	-0.02868745524526504	-0.022327496012787666	9267167
2021-09-10	0.04913498961937721	-0.002768124567473996	0.058823529411764705	-0.004844262975778538	0.04913498961937721	17192906
2021-09-13	-0.04379947056202633	-0.002638588286071762	-0.0014512004702690697	-0.05211088184257729	-0.04379947056202633	13735027
2021-09-14	-0.02110935343090425	-0.018211905979087718	0.011865245093877866	-0.04635761397526432	-0.02110935343090425	17901680
2021-09-15	-0.006765271603887452	-0.0119802542063532	0.011698407823752375	-0.0195912481856765	-0.006765271603887452	8808372
2021-09-16	-0.03717898343722171	-0.002696211115421904	-0.0019866467718654226	-0.03788843425729471	-0.03717898343722171	11034469
2021-09-17	0.01989681709349493	0.008843021631334417	0.023728828997165143	-0.007958732732755663	0.01989681709349493	7701256
2021-09-22	0.010982688337399784	-0.017196460283083484	0.020086691622255463	-0.017196460283083484	0.010982688337399784	7458903
2021-09-23	0.018724957386005787	0.0005717695907914998	0.03444831381429838	-0.01243572058941849	0.018724957386005787	10087825
2021-09-24	-0.02202890509452396	-0.006594556191716968	0.0040690474562527276	-0.02483509294942167	-0.02202890509452396	6530811
2021-09-27	-0.0015782066676415627	0.010043113775169954	0.026829312489066493	-0.021520804369618552	-0.0015782066676415627	7312404
2021-09-28	0.0027303206052778674	-0.004885702249501484	0.02658436709782262	-0.014226154000641126	0.0027303206052778674	6304556
2021-09-29	-0.016193709031150933	-0.012611020530395865	0.021782803407606813	-0.028518171804502317	-0.016193709031150933	9236214
2021-09-30	0.002913270126343168	0.006554930617481974	0.01820830245569403	-0.003787370610710216	0.002913270126343168	5852747
2021-10-08	0.012781481852766315	0.016412564020698985	0.04502540435803639	0.0023239506847916058	0.012781481852766315	8621795
2021-10-11	-0.010182216685118928	0.0011472106203694946	0.017639408390675102	-0.012189960754769986	-0.010182216685118928	6445542
2021-10-12	-0.0436104771201309	-0.004491422971229734	0.004056882239505171	-0.050999668979991454	-0.0436104771201309	8885076
2021-10-13	0.04817451755265826	0.0	0.05271922276263527	0.0	0.04817451755265826	8762039
2021-10-14	-0.004914062583782083	-0.00476948967279998	0.008816317132061897	-0.014308497924310085	-0.004914062583782083	4945309
2021-10-15	0.04633265203580695	0.0002905591950779375	0.06681189736563241	-0.0029048076370314308	0.04633265203580695	12698102
2021-10-18	-0.028317614820688352	-0.006940588465566512	0.0	-0.03387011335549543	-0.028317614820688352	8974221
2021-10-19	0.001571442857142813	-0.0011428857142856178	0.022857114285714276	-0.008999957142857186	0.001571442857142813	6084466
2021-10-20	-0.024105020337968477	-0.001568977298973322	0.010697475243225285	-0.027242960672615037	-0.024105020337968477	7240802
2021-10-21	-0.02513886364042294	0.0021923707159416522	0.009207907313882076	-0.0266004100146277	-0.02513886364042294	7232285
2021-10-22	0.03553228045872322	0.012893568795812644	0.05517241627462153	0.008995592608497534	0.03553228045872322	10946347
2021-10-25	-0.0017374113218473575	0.0	0.0	-0.03272045750687708	-0.0017374113218473575	8286808
2021-10-26	0.015518492335830086	-0.002465525850566644	0.036838304721028545	-0.008121798758018701	0.015518492335830086	9568882
2021-10-27	-0.11253925075146747	-0.028848858705321046	-0.02456432553117647	-0.1336760554274232	-0.11253925075146747	46547954
2021-10-28	-0.03347277170055962	-0.013517863107786715	0.004827808252780904	-0.03443834944380998	-0.03347277170055962	18204316
2021-10-29	0.028637994861172193	0.004995004911838033	0.054945054030218834	-0.0024975191059354654	0.028637994861172193	18394725
2021-11-01	0.01327288788075252	0.0035610392288935363	0.0246034319294826	-0.0025898349399454765	0.01327288788075252	12319143
2021-11-02	0.0348242982371981	0.0052715976125111115	0.06948880413702245	0.0052715976125111115	0.0348242982371981	24929634
2021-11-03	0.002161145448612975	0.008027230750651912	0.030719327426973253	-0.014664973983713758	0.002161145448612975	14427370
2021-11-04	0.04220588546536914	0.0	0.05283425917542376	0.0	0.04220588546536914	17808360
2021-11-05	-0.010641471437098848	0.012562783768088446	0.029707269896111832	-0.012710625911284263	-0.010641471437098848	14027679
2021-11-08	-0.009112637911185207	-0.01000903764538285	0.004929713028690927	-0.033164041435194615	-0.009112637911185207	9650447
2021-11-09	0.020955811217976492	0.0004522689446022279	0.03165985129926596	-0.021860469716252842	0.020955811217976492	15357654
2021-11-10	0.005463600037454267	-0.006940357251323672	0.020673390125909786	-0.012404075422266951	0.005463600037454267	13933026
2021-11-11	0.023351506732354744	-0.0005873550058659939	0.03656933685236219	-0.015127009259921328	0.023351506732354744	18870109
2021-11-12	-0.06128008036739388	-0.03989664179104486	-0.03128587830080377	-0.0743398392652125	-0.06128008036739388	28979289
2021-11-15	0.005197920489348988	0.0	0.059165185190938115	-0.0001529123893647838	0.005197920489348988	16218258
2021-11-16	-0.005779422053231985	-0.002433520912547539	0.032395391634981036	-0.01323198479087448	-0.005779422053231985	12948117
2021-11-17	0.017592075068437837	0.009943306871196054	0.02447602763610091	-0.00780177415625941	0.017592075068437837	9725115
2021-11-18	-0.03036676324564482	-0.0012025707096769216	0.005261665901758735	-0.03036676324564482	-0.03036676324564482	11423888
2021-11-19	0.010852666666666608	0.0	0.01674421705426346	-0.003100728682170484	0.010852666666666608	8021085
2021-11-22	0.07285276408831737	-0.0016871319794692155	0.0782209545193692	-0.0016871319794692155	0.07285276408831737	31312351
2021-11-23	0.03988564860124302	0.009721229866528899	0.07934243371018307	0.0004289635637868605	0.03988564860124302	33061861
2021-11-24	0.0037119055186116464	0.003299491429735762	0.030932087735278738	-0.008798460511368183	0.0037119055186116464	18853554
2021-11-25	0.0043829611181217774	-0.00698537167551372	0.03684419841544445	-0.009724681284079354	0.0043829611181217774	17937468
2021-11-26	-0.009955052230872624	-0.004363834600740815	0.01840989994790964	-0.021137364758288014	-0.009955052230872624	14077294
2021-11-29	-0.016253443973923976	-0.017906267710916406	0.003030330661992495	-0.022038540552025903	-0.016253443973923976	12658720
2021-11-30	0.002240324901717114	0.01022128284013665	0.035424237900426564	-0.004760515395142037	0.002240324901717114	12587803
2021-12-01	0.001397010299049916	-0.005588180900022697	0.02822011656272385	-0.005588180900022697	0.001397010299049916	10462307
2021-12-02	-0.012276743861607185	-0.004045772879464338	0.010044670758928485	-0.02371647600446443	-0.012276743861607185	11105866
2021-12-03	0.03389821890261773	-0.00028254236090922383	0.058898274340468494	-0.00028254236090922383	0.03389821890261773	19652537
2021-12-06	-0.048360562091279806	-0.006284139601808949	-0.0019125547231921758	-0.05464481098271084	-0.048360562091279806	19263648
2021-12-07	-0.031007807579224382	0.004162977079358128	0.014929556995144524	-0.04392773218904784	-0.031007807579224382	14757110
2021-12-08	0.015407422222222278	0.007555585185185186	0.01925930370370376	0.0005926074074074627	0.015407422222222278	10564067
2021-12-09	0.057630536071920924	0.005252421866757733	0.07572223408634021	0.003793434435462002	0.057630536071920924	25622013
2021-12-10	-0.01917505915781651	-0.0033107739911925494	0.003862588049733477	-0.020278673479891617	-0.01917505915781651	14751880
2021-12-13	-0.016455668536024325	0.006469761082131025	0.01125181466249832	-0.034036541041815395	-0.016455668536024325	17563219
2021-12-14	-0.00014302874302874396	-0.004862062062062169	0.007293035893035893	-0.010296024596024746	-0.00014302874302874396	9776599
2021-12-15	-0.031750587292637085	-0.0020022740847332843	0.003861613382769263	-0.031750587292637085	-0.031750587292637085	14223501
2021-12-16	-0.004578995771594985	0.007385524699506265	0.011226027085348322	-0.01403245261591365	-0.004578995771594985	10166403
2021-12-17	-0.04214269241938999	-0.003858168925035895	0.005342053796439393	-0.04377499693982776	-0.04214269241938999	15167946
2021-12-20	-0.023857551176256344	0.0004647404896323467	0.003563067224024759	-0.02509686947652046	-0.023857551176256344	11190478
2021-12-21	0.018251167060821007	0.009998429138182167	0.0214252188993879	0.0	0.018251167060821007	7888252
2021-12-22	0.001091006789837415	0.0130922061663213	0.028366566186622987	0.0001557668232066515	0.001091006789837415	9706418
2021-12-23	0.004826373743124492	0.0018682079152324339	0.019616922639720313	-0.009808578087720113	0.004826373743124492	7362758
2021-12-24	-0.021382103790175137	0.0009296095300648606	0.006817508416214506	-0.022311790791574426	-0.021382103790175137	7676916
2021-12-27	0.01203290056998105	0.005699810006333226	0.018682647245091874	-0.0001582963901202653	0.01203290056998105	5505358
2021-12-28	0.011264096097124462	0.0075094495466035685	0.016270354076043568	-0.0032853411541094897	0.011264096097124462	7248210
2021-12-29	-0.015624969301128904	-0.002165826147367408	-0.0006188273610586492	-0.0190284501706135	-0.015624969301128904	6004422
2021-12-30	0.01445861992049951	-0.00047152285916199604	0.022788008442746893	-0.002043077132750635	0.01445861992049951	8658431
2021-12-31	0.0007745158431672818	0.005422137625617102	0.0069712932468801924	-0.0066615024014794666	0.0007745158431672818	6577640
