2019-06-20	0.10000002333745972	0.10726882524945118	0.10726882524945118	0.10726882524945118	0.10726882524945118	58290
2019-06-21	0.1000162354461107	0.10728516449912076	0.10728516449912076	0.10728516449912076	0.10728516449912076	112081
2019-06-24	0.0999408085905271	0.10720921086992669	0.10720921086992669	0.10720921086992669	0.10720921086992669	477906
2019-06-25	0.10000005260338986	0.10726883286842154	0.10726883286842154	0.10726883286842154	0.10726883286842154	443653
2019-06-26	0.0999511386262252	0.107219651541612	0.107219651541612	0.107219651541612	0.107219651541612	284024
2019-06-27	0.0999778309623742	0.10724644213031578	0.10724644213031578	0.10724644213031578	0.10724644213031578	394262
2019-06-28	0.09997976687474108	0.1072484092557507	0.1072484092557507	0.1072484092557507	0.1072484092557507	915737
2019-07-01	0.09998161788869567	0.1072502921629834	0.1072502921629834	0.1072502921629834	0.1072502921629834	512658
2019-07-02	0.0999917110479481	0.10726042784875559	0.10726042784875559	0.10726042784875559	0.10726042784875559	991741
2019-07-03	0.10000763445582121	0.09215325186366724	0.10727642830212805	0.08726489866528189	0.10727642830212805	52483917
2019-07-04	0.10002068836554345	0.041534008559349994	0.10728953525058114	0.029035657599361164	0.10728953525058114	36066348
2019-07-05	0.1000187867997637	0.10728765854506732	0.10728765854506732	0.10728765854506732	0.10728765854506732	2470914
2019-07-08	0.0556948096844126	0.07294240962369856	0.10725722985498469	0.010509986919407958	0.06267086518794779	35228889
2019-07-09	-0.02802524974909387	0.021881950022778294	0.022425430312759443	-0.04323588235099357	-0.02160246096892206	20645416
2019-07-10	0.052777821716218185	0.03071070490611924	0.06532680333822714	0.010522576992966605	0.05973459044019494	21366818
2019-07-11	-0.002638540818721617	-0.011983745064385407	0.029396111153391784	-0.02521038847332739	0.003952002648505692	19082958
2019-07-12	-0.024338642580826533	-0.0154415508145699	-0.0013809741458717833	-0.040580067121887095	-0.017891421865496526	14280860
2019-07-15	0.10000004775383385	0.10726883567292043	0.10726883567292043	0.08084808969542483	0.10726883567292043	11295190
2019-07-16	0.09998028425974857	0.057474309162037364	0.10724891589958532	0.03717740316978049	0.10724891589958532	11378419
2019-07-17	-0.02653275006836508	0.026729264920438287	0.0782507699073024	-0.028897564543084304	-0.02010010446685096	23669175
2019-07-18	-0.008517594719399354	0.010315499338783776	0.027926450707892667	-0.026250548636071486	-0.001965870219020486	17085673
2019-07-19	-0.04318545993013699	0.006608008841593772	0.013759666782796163	-0.04172410292067861	-0.03686285285699513	16801512
2019-07-22	0.013103412252960755	0.0307900351703594	0.05804977033217162	-0.008292100756273499	0.019798094912485624	17924587
2019-07-23	0.07319772115292224	-0.015284039555635747	0.10420696168565319	-0.01576625959577267	0.0802894101416976	15265629
2019-07-24	0.09047917048175079	0.006607998553292538	0.10725534980512112	0.006607998553292538	0.0976849316550209	16257983
2019-07-25	-0.05444141421281663	-0.0028689856582757352	0.013612492893618433	-0.0706492040418782	-0.04819316515113928	14593413
2019-07-26	0.008658168119387305	-0.0021072661644584633	0.016630508313192995	-0.021280742424542334	0.015323261779316429	8504731
2019-07-29	-0.004463581779247354	0.00012751691051291015	0.03771334324493848	-0.022294351161835143	0.0021148070718834213	9278459
2019-07-30	-0.004354353087667409	-0.001897624131394436	0.019800184526385614	-0.023552099177448618	0.0022249039756972373	6904475
2019-07-31	0.050011038238823205	0.004646722200877252	0.06697407099130348	-0.006249678113150235	0.05694939004569038	12621504
2019-08-01	-0.0020619236089129836	-0.0049733334382363655	0.020887209632845318	-0.020373345986257337	0.00453241777162891	7501137
2019-08-02	-0.04462803905098801	-0.03914698394666749	0.013679147524639845	-0.04330648079039105	-0.0383150549287435	9068257
2019-08-05	-0.003027778618286558	-0.007542150579362209	0.030379775762578422	-0.013332732398880161	0.0035601839734026165	6627873
2019-08-06	0.0026898070840000086	-0.01736717009958703	0.02564839197567527	-0.03653864267650003	0.009315591094027782	6598172
2019-08-07	0.021244390694714486	0.007348388717209611	0.06706024191696507	-0.01525586819874094	0.027992695243505027	8084700
2019-08-08	0.08888700629361027	0.0235389967498379	0.10725591616390227	0.007205017002497686	0.09608232321702599	11981267
2019-08-09	-0.015563603296281306	-0.01693093104106163	0.02156935089493997	-0.04199716395287535	-0.00905846065290754	10080372
2019-08-12	0.09999600267507536	0.002549831824251801	0.10726477905189313	-0.004969534673609746	0.10726477905189313	9172475
2019-08-13	0.02044482509656519	-0.008980648674760266	0.03988312595530944	-0.030681815611711172	0.027187919918540516	7976662
2019-08-14	-0.056654928232157405	0.006607995509543817	0.04995590034017768	-0.06388997573844032	-0.050421305835697046	11648535
2019-08-15	0.010787255494381896	-0.030325889975603548	0.027611120147926924	-0.03445890018454335	0.01746648085967121	6739025
2019-08-16	0.04135892732280734	0.0036342558731089834	0.09295766967117022	-0.002610645313762346	0.048240236985499736	8465906
2019-08-19	0.03315595466062104	0.012390650972192116	0.07400071762580931	0.012390650972192116	0.03998304529514168	7570775
2019-08-20	0.01904937716583345	0.005398761416432388	0.025783173020505697	-0.012290719146453766	0.025783173020505697	5190700
2019-08-21	0.054900575009917144	0.00016619018669193853	0.07661957494330494	-0.01339544094258315	0.06187130260063858	7483645
2019-08-22	-0.05635379857247505	0.002783402951902897	0.02267771140540332	-0.07116950251910059	-0.05011822662735156	8646276
2019-08-23	-0.0026390439865604394	-0.002042897312342256	0.017302466700734057	-0.021762978623910297	0.003951409747897943	5783694
2019-08-26	-0.010991659600758577	-0.013061902886513984	0.010125229078425852	-0.03119495085065562	-0.00445635990640308	4974077
2019-08-27	0.01327475318031917	0.01858934189689533	0.04438203294264357	-0.0055806431410952186	0.019970415177582693	5324884
2019-08-28	0.03138118852797209	0.0018372976907384772	0.052269933535028436	-0.004977867569227094	0.03819653043843796	6450710
2019-08-29	0.05031677648576926	0.017610060886786575	0.0684905269998104	0.006707037340321806	0.05725721974034262	6303361
2019-08-30	-0.050000070833742	-0.024974418062844752	0.005035147753733106	-0.046773731476989246	-0.043722427902232464	10102242
2019-09-02	0.08881575630058276	0.0033629964289706516	0.10263312721365517	0.00011802227242608096	0.09601067339318173	7889192
2019-09-03	0.012084667190101666	-0.0019070873544047868	0.03032871909499912	-0.014953456673423807	0.0187724495982825	6169630
2019-09-04	-0.014925389263376714	0.0036031471377924863	0.04831454430277649	-0.028397932418059123	-0.008416033923958217	6620904
2019-09-05	-0.00787872615458482	0.006607982043665609	0.03253578520196561	-0.011693982703755185	-0.0013228476041509778	5392280
2019-09-06	-0.025992727674086967	0.0013811581769736202	0.007130593058556745	-0.0616470875830941	-0.019556543917859402	7557530
2019-09-09	0.08313204737572903	0.009796123991993146	0.09243588656209255	-0.005671206052670919	0.0902893943081531	8464986
2019-09-10	-0.010133127377900992	-0.005719534995444452	0.014476713697477479	-0.03244396708211808	-0.0035921211849328275	6017062
2019-09-11	-0.01286930017708435	0.012702414052859082	0.02627495394701321	-0.025483363313534412	-0.006346337328434883	5200634
2019-09-12	0.002459286755817807	0.010485341392176032	0.03333160067906513	-0.015403170819156705	0.009083505228967963	3980916
2019-09-16	0.007891700098777335	0.0026509354495420534	0.029338692432097534	-0.01213592871758824	0.014551818625237049	4141322
2019-09-17	-0.019208183801433795	0.00953039455686175	0.021013378982615627	-0.031442382836980295	-0.01272711189133293	4874110
2019-09-18	0.007026497606830217	0.008263297941535118	0.026321747164704194	-0.030863332290436307	0.013680846360672313	5771467
2019-09-19	0.023752891583971987	-0.010218709380959916	0.051678121674346184	-0.01371549644209542	0.03051787651975473	6212145
2019-09-20	0.028335324704104145	0.0016742345944679947	0.050486531805094055	-0.0015955086222770567	0.03513054994693296	5915329
2019-09-23	0.08861433536268255	0.004819393626498549	0.1010315527254948	-0.006082151672084543	0.09580787011654648	6883872
2019-09-24	-0.0024093571767727358	-0.0036669928020255232	0.043065904451479405	-0.008986971808478805	0.0041826975947027775	5828128
2019-09-25	-0.01391992509649683	-0.0025677440454115394	0.014293556663366243	-0.035349283134398266	-0.0074039067769717274	4531872
2019-09-26	-0.08183263885860517	0.0021011570807084627	0.029804768157177933	-0.08670934420898288	-0.07819946090449553	9047819
2019-09-27	0.09999713737565832	0.007681646611457299	0.10434981381715802	0.004794334473518477	0.10434981381715802	9267129
2019-09-30	-0.01968726963829628	0.005321901244033783	0.0218585154697693	-0.0484877862659432	-0.015808216460819972	5479795
2019-10-08	-0.09998666946544844	-0.013313444122573674	0.02015624365073222	-0.09642537976928368	-0.09642537976928368	9947878
2019-10-09	-0.005867376399593131	-0.03593832626915307	0.020438654977911804	-0.06732498833448503	-0.001933686397279446	8285629
2019-10-10	0.05609875294745657	-0.012203099528405955	0.06862696969661415	-0.024353006695324315	0.06027765966679682	7438929
2019-10-11	0.02830937067518556	0.007357277568318869	0.044166223072421504	-0.008227726075611315	0.03237830659801991	6304239
2019-10-14	0.04987230807420223	0.047137547999144117	0.0852478208857994	0.03892577699287573	0.054026620271798186	8004575
2019-10-15	0.0026143832869962172	0.0020146907410423503	0.037290972476495064	-0.03263173438452239	0.006581676291273724	7216516
2019-10-16	-0.02516293746979687	0.002124435321807285	0.00660101188418616	-0.031096446832601897	-0.021305584277729966	4645508
2019-10-17	0.005001982493326648	0.007045164391200412	0.01912974242030195	-0.00635524627248192	0.008978680518220284	3013096
2019-10-18	-0.004843985779325475	0.0042775905333954055	0.01806554267052973	-0.008120891611843309	-0.0009062393195403942	4306818
2019-10-21	-0.03696174784206387	-0.011885173893739196	-0.007884378879743007	-0.07632746823467394	-0.033151111016922336	5471883
2019-10-22	0.0456009218757261	0.00950530319559063	0.05670869617408065	0.009477389357676764	0.049738312738040004	5392746
2019-10-23	-0.031128826767265316	0.007956744485680884	0.007956744485680884	-0.04537427112306247	-0.0272950689617382	4372026
2019-10-24	-0.032951335734566184	-0.01470313572057864	0.006709140713664252	-0.043188660459746335	-0.029124826403065112	4223336
2019-10-25	0.020637280962297846	0.007485986804334239	0.03879201337614049	-0.008736270052181718	0.024675855377148406	3970273
2019-10-28	0.035162677064994784	-0.012885375052696527	0.048600102817455276	-0.01567387977137308	0.039258760629194006	4911136
2019-10-29	-0.016635284119173047	-0.004232018220962131	0.007189484104922364	-0.04102850608938136	-0.012744188029124411	5522155
2019-10-30	0.02990445095432567	-0.008370008179977797	0.06704320983517974	-0.02206652075274965	0.033979724500762025	6964678
2019-10-31	-0.004609756636269576	-0.0008306558778322414	0.016032322001687013	-0.010538798872634796	-0.0006710913562642939	3742556
2019-11-01	-0.02866497406067862	-0.038048251261387875	-0.005983252130131236	-0.04339245385645333	-0.024821482515791245	5620308
2019-11-04	0.025345965026105123	-0.002727877056914333	0.04040694741141567	-0.012411183716584685	0.029403189033330536	6028742
2019-11-05	0.09999990611849087	-0.007311413693146581	0.10435257451088514	-0.009994408139151319	0.10435257451088514	8772821
2019-11-06	-0.03308869875159703	0.003688737568601541	0.016518097321942846	-0.04048226334745455	-0.029262679220448364	7007627
2019-11-07	0.026457346525269276	0.0013587635895360988	0.05592048714108585	-0.011707848926659978	0.030518926045524655	5786996
2019-11-08	-0.006193050364961106	0.010026868472264153	0.029318115934135944	-0.0029978131187269733	-0.00226057991082147	4522242
2019-11-11	0.02288175057129267	-0.005909453763201474	0.04104905036424738	-0.015627591966273256	0.026929252937419167	4699522
2019-11-12	0.008933637264127497	0.0009834987159272795	0.012925852206485811	-0.024569296152929535	0.012925852206485811	3860628
2019-11-13	0.0513126508044189	-0.003183455301804108	0.09021571439057417	-0.0032792931706805174	0.055472557744256745	6703537
2019-11-14	0.013620817766563592	0.010794319968704488	0.040878780168597854	-0.003518665473192867	0.017631659693643883	4594906
2019-11-15	-0.000963002440934141	-0.002113983669369244	0.02729641699885996	-0.009421588913886395	0.0029900523866566403	4311766
2019-11-18	-0.012486806541614551	-0.011955382011842547	0.012712010775559283	-0.05633854755673088	-0.008579345727264287	6947881
2019-11-19	0.005221326769070508	-0.006413106971104888	0.014212934448308184	-0.015005500183191781	0.009198931592147326	4569653
2019-11-20	-0.013098449436798843	0.0039569443237554725	0.009965266445767415	-0.01776380779090289	-0.00919340478768869	3575654
2019-11-21	-0.02009147273152157	-0.005232701146090728	0.006254243041727925	-0.023611746343582526	-0.01621410346224012	3691902
2019-11-22	-0.04742900696533606	0.012443879034864793	0.030402656243401927	-0.05629653857385331	-0.04365973271286421	6735299
2019-11-25	0.0014464050671497135	0.0066888838138299805	0.029996625490775006	-0.020187646380810765	0.005409063092716643	5286118
2019-11-26	0.009498156208179976	0.011674034324988132	0.026444642278571347	-0.00218724109071778	0.013492699400742852	3424294
2019-11-27	0.03545284877008893	-0.00670634916284046	0.048509036768127796	-0.01400997952840197	0.03955003170115671	4854968
2019-11-28	-0.015363206776689396	-0.0077990591442389	0.006308063887460253	-0.016380874800810467	-0.011466983349659152	2705085
2019-11-29	-0.019860017139744623	0.002906340197666975	0.01002220690062073	-0.03367579426014827	-0.01598168356411056	3584820
2019-12-02	0.0036885005571330484	8.329190510905074e-05	0.023714978258105306	-0.010855511664612193	0.007660053087854353	2973218
2019-12-03	0.04492137920091478	-0.004926983731713818	0.055901215300161504	-0.016456679479397152	0.049056175590679624	5052640
2019-12-04	-0.0070338048550205815	-0.0034531051690786458	0.021820566554727715	-0.01395288528247396	-0.0031046719620835667	4084382
2019-12-05	0.00664101419298488	0.0008222060064189487	0.03460323426850634	0.0007987241515410393	0.01062422804728526	4643619
2019-12-06	-0.015162074497181734	0.0023534834726894995	0.007907674650714737	-0.021095527992117516	-0.011265105059780513	4168243
2019-12-09	0.006440363314653514	0.007614689320947921	0.030409856023097735	0.00289509837036007	0.010422757821002031	3648133
2019-12-10	0.01354525160096892	-0.0035225782604915786	0.02144794360131135	-0.02251426610010474	0.01755583267551196	4519796
2019-12-11	0.002327371934732314	0.0015049589495801693	0.040507508395356565	-0.005134276162421894	0.006293498767115026	4841794
2019-12-12	0.01045967189601265	0.015496675419445185	0.029344357866829585	0.006264849732449467	0.014458008755141668	4223103
2019-12-13	0.021954293470183392	0.007268905278247273	0.02599808496890036	-0.006435441674213174	0.02599808496890036	4836837
2019-12-16	0.054229790992156204	0.005610912764123606	0.06358645846152802	0.00395692011331126	0.05840128719585316	5514467
2019-12-17	-0.0009713882378368208	-0.00757602322396762	0.015235475700982645	-0.00757602322396762	0.0029817543603067407	3239896
2019-12-18	-0.0170788065659368	-0.0026002556272763	0.0023441690644902644	-0.023842308046874188	-0.013189489315292468	3207940
2019-12-19	-0.07109368373865745	0.0039568963174515534	0.0039568963174515534	-0.08892126879861337	-0.06741814078671418	7384296
2019-12-20	-0.0018753492399127777	0.0037941412064977013	0.022643404900098432	-0.014288010834581517	0.002074256534474378	4050881
2019-12-23	-0.02811076240160668	-0.04529194865010911	-0.005985914648183674	-0.05141600350440049	-0.024265055249216985	4849748
2019-12-24	0.011932292366081183	0.009084166728697286	0.01945849291034096	-0.006177758447177836	0.015936499429038797	3025848
2019-12-25	0.005825159377891459	-0.004400846946939364	0.03670159404165321	-0.004400846946939364	0.009805087365999101	5519897
2019-12-26	-0.011793711949867938	-0.0019279881419485578	0.011018656018710235	-0.03959107846809986	-0.007883501656676962	4589437
2019-12-27	-0.01345291722083345	-0.004308761847292771	0.002837409924515922	-0.02064954795736763	-0.009549270319610094	3307236
2019-12-30	0.006541603361967477	-0.0003892041096311612	0.026170465783075005	-0.014393409619977753	0.010524383910101319	3804903
2019-12-31	-0.019473367190739003	0.002565548252772167	0.009906063112877202	-0.0354318354232036	-0.015593493572590166	4855412
2020-01-02	-0.001730184648861266	0.010146466011633647	0.02506989418231379	-0.011602637580204649	0.0022199109973111936	5380612
2020-01-03	-0.035297509366647696	0.003736368481819366	0.003736368481819366	-0.09644858953157776	-0.03148026899871163	11702426
2020-01-06	-0.020749051101609784	-0.03338665313827035	0.004719009330524165	-0.03940736675568899	-0.016874211199302293	5977045
2020-01-07	-0.023281604885504438	0.00395694270877807	0.008885915607327991	-0.027173516399271253	-0.019416808614739565	5411224
2020-01-08	0.08151002119354595	0.003983442086686799	0.09428884034600156	-0.003984681289135121	0.08578949497620879	9156395
2020-01-09	0.009295587299820336	-0.009648543795851465	0.01893774958366	-0.01765465190542833	0.013289260054531706	5419535
2020-01-10	0.03344641916320163	0.004346173146394874	0.06741593850255455	0.004346173146394874	0.03753563842664955	7276090
2020-01-13	0.05534702066333539	0.003250539417778698	0.06519736781227309	0.003250539417778698	0.05952296611323273	6569660
2020-01-14	-0.037933244257130745	0.03296013698740642	0.03965324180869669	-0.04958744259747535	-0.03412641773462074	6836173
2020-01-15	0.001847765411347102	-0.0005187772362088597	0.011076156214265038	-0.02370853143463148	0.005812024134719691	4302146
2020-01-16	-0.019436070112702642	-0.0023621778969425424	-0.00027888176496878675	-0.027847078447274614	-0.015556016750335208	4762628
2020-01-17	0.0037384875349050885	0.006152389470981088	0.01977288198734441	-0.001472335398745805	0.0077102710707865445	3384934
2020-01-20	0.05600984272239008	0.004215804855193812	0.060188432423810986	-0.003545162486436248	0.060188432423810986	5666789
2020-01-21	0.008873251394293121	-0.011187054513130517	0.01342190385565881	-0.02321308129140571	0.012865229944611398	4427884
2020-01-22	0.050219816041293774	-0.006506562832758284	0.08165975989538746	-0.039530261021862245	0.054375415305844686	6534697
2020-01-23	-0.015995371248443732	-0.010020864386391805	0.04044601175725235	-0.05035651697614105	-0.012101766339166752	5266231
2020-02-03	-0.10191497002664342	-0.09836127056275666	-0.09836127056275666	-0.09836127056275666	-0.09836127056275666	1029672
2020-02-04	0.011608809470913181	-0.024822636691816693	0.05105092967135628	-0.024822636691816693	0.015611643933153688	6577154
2020-02-05	-0.05901651050768319	0.016324038053090243	0.016324038053090243	-0.06422756650672691	-0.05529308267756244	10183232
2020-02-06	0.05002489120153082	-0.015532517774523158	0.06442421631169368	-0.02302847196762059	0.05417979874237277	7463634
2020-02-07	0.014458475151118514	-0.007703109307877725	0.02320803048075585	-0.011153612542888372	0.01847261300872255	4767352
2020-02-10	-0.03785058496615608	-0.005425886711792024	-0.0007345369908562957	-0.045419958674741766	-0.03404336397102478	6582241
2020-02-11	0.020398377172636248	-0.0004313739504004887	0.04045342298796063	-0.005307279550541303	0.02443599816919439	4601736
2020-02-12	-0.0028557858159786267	-0.004883325546020616	0.02488662233593272	-0.00607787388108059	0.0010897799621097648	4217559
2020-02-13	0.09999991072211475	0.0011774743821959923	0.10435254920773838	-0.006561893504758283	0.10435254920773838	10835959
2020-02-14	0.0045780997462440565	0.004174803629041268	0.05754196592022198	-0.012989834536870932	0.008553132622563266	8371813
2020-02-17	0.03235333408106775	0.023428399226519913	0.053026077957317896	0.008553713880028823	0.03643835956158695	6343378
2020-02-18	0.0983494487891305	0.0056583049547132775	0.1043548873471496	-0.0002227344214114198	0.10269553292065114	5967211
2020-02-19	-0.009523886706380531	-0.02281523969582053	0.049852113768271034	-0.0400258882380935	-0.005604591153547563	5659907
2020-02-20	0.05978857215505852	-0.013033058192237892	0.09083795365245854	-0.013033058192237892	0.06398208366340073	5422457
2020-02-21	0.09599162852496804	0.001789060087713343	0.10399005831265999	-0.004077072100146756	0.10032836433911999	5446005
2020-02-24	0.07617661977756306	-0.022937663524918144	0.096059839872639	-0.034257299306848066	0.08043503055488219	6702934
2020-02-25	0.03864625729524479	-0.03774582147782363	0.0604257034508759	-0.08870050208388454	0.042756116179925925	8196947
2020-02-26	-0.052020375244379524	-0.0008314995585767306	0.06772284621320347	-0.07975076049227056	-0.048269292091137665	9978198
2020-02-27	-0.08437502406261144	0.019643700797756777	0.041605315637041916	-0.09330140859573535	-0.08075196667932809	11037805
2020-02-28	-0.005119428690160441	-0.05429309795021695	0.062155614574571715	-0.0865019875065939	-0.0011827499357318506	10678323
2020-03-02	0.0009433067446420054	0.019455375210317365	0.03667594008740086	-0.04245239109635568	0.0049039865628946995	6866755
2020-03-03	0.01619395758756667	0.015913954697012896	0.0838709605853903	0.004731208261971588	0.02021504146185502	7163604
2020-03-04	-0.03052271446914014	-0.009587082986324687	0.003940092937641227	-0.08407967284675909	-0.02668649238049509	8575713
2020-03-05	-0.013741455320181282	0.021420109148340243	0.02779414938380124	-0.036819541085579416	-0.00983893066859377	5803721
2020-03-06	-0.007054782176003854	-0.018866736665983784	0.023434034914477046	-0.018866736665983784	-0.003125719406828815	4452155
2020-03-09	-0.08916506742574459	-0.021008183640460025	-0.006100408127311883	-0.09055402764461973	-0.08556099986069504	5838823
2020-03-10	0.05908732180818344	-0.029169037880462274	0.06987576839950069	-0.029169037880462274	0.06327805551782736	7487678
2020-03-11	-0.047265720551318724	0.0019050351449846374	0.009558063290493874	-0.047987791579847575	-0.04349577297155867	4937695
2020-03-12	-0.014146817617788212	-0.007490728270316014	0.01484188380520114	-0.02378902924100976	-0.01024586590423393	4041838
2020-03-13	0.0193878643584028	-0.03168570762132991	0.040898533435268	-0.04351407243850152	0.02342156317230586	6092476
2020-03-16	-0.0865384001871823	0.0039763607005904485	0.0039763607005904485	-0.09064657519384382	-0.08292389077498276	6294267
2020-03-17	-6.322113533501804e-05	0.02234527471148076	0.046228784291191344	-0.05718935144339471	0.0038935097772766097	5854725
2020-03-18	0.010148051523250752	0.008247934946433833	0.05580678772065195	0.0005961735522490755	0.014145150974418541	5447062
2020-03-19	0.023364410010923285	0.00021145130619933193	0.037876326240165244	-0.014896337402223686	0.02741384252494647	5074452
2020-03-20	-0.025091608469610657	0.016225294140604214	0.02002841772679088	-0.03286839353720062	-0.021233995170575098	4207506
2020-03-23	-0.08874412761368707	-0.043610877464614735	-0.02473472012109493	-0.09273068096457951	-0.08513832712572719	6206968
2020-03-24	0.013823928693159097	0.026512710956179495	0.04032219509707167	-0.03109630221773693	0.01783562157686204	4830985
2020-03-25	0.027768524973238073	0.04883913586051577	0.05065534006683813	0.013787066970770345	0.03183528274310894	4470840
2020-03-26	0.015357074290244913	0.0005551858610539152	0.050917560664405816	-0.017115798609329436	0.019374780636279443	4372409
2020-03-27	-0.029188173897794243	0.02173052465397144	0.031172070924020783	-0.02539009406212056	-0.025346639948554274	3568714
2020-03-30	-0.05249758376289831	-0.033891276612641345	-0.023224736413105067	-0.0774315141500324	-0.04874827236088583	5264458
2020-03-31	0.003533551765032313	0.024036115091186906	0.03020887300368106	-0.004604453900025044	0.007504514045407724	3520224
2020-04-01	0.018309860757357323	0.0025665213869871454	0.05295295152899254	-0.0019348022170829263	0.022339303916364794	4351235
2020-04-02	0.10000001799624197	0.0014575531337545555	0.1043526715751217	-0.002291663954733027	0.1043526715751217	7460031
2020-04-03	0.07496135443423589	0.02251373467715455	0.09966513629535483	0.012225460515645761	0.07921486160181174	9597029
2020-04-07	0.014718766209406955	0.00994597610495128	0.05102805356026262	0.004407024585170307	0.018733911396611465	6128955
2020-04-08	0.012487961752381975	0.03732570444777839	0.08978994742142402	-0.0024660628032185266	0.01649434905421105	8786436
2020-04-09	-0.007362521502485954	-4.370013081339105e-05	0.010186383218236257	-0.028428755932886924	-0.0034346451118858865	5221801
2020-04-10	-0.06809129131792646	-0.002030830425830363	0.003688306520330757	-0.07229166589847015	-0.06440383667947039	6680624
2020-04-13	-0.05706679062124717	-0.011468069559428442	0.003339081672737471	-0.0588548408727356	-0.05333562901259137	6447813
2020-04-14	0.03136975705573644	0.019463639539467198	0.040867154091593805	0.006599670789189429	0.03545079163385407	4823896
2020-04-15	0.04996826664876772	0.010097986460322518	0.08739056113880901	-0.00260764902100503	0.05412293669666581	7917131
2020-04-16	0.06169270042724014	-0.023229879188417377	0.07628041706467349	-0.025206409270032374	0.06589373923355515	8162506
2020-04-17	-0.0038222456980601793	0.025802788107269645	0.05999622217361286	-0.010252324089496447	0.00011964963337606219	9036398
2020-04-20	0.004178757780893284	0.003041703866233557	0.025924787240905158	-0.01625628254631943	0.008152274228617591	5307550
2020-04-21	0.013278353928511663	-0.010019577405383766	0.0181994234666352	-0.021983193238843523	0.017287910113713414	5049170
2020-04-22	-0.006533415133343559	-0.012572616474236797	0.005831104611757651	-0.02053751559404795	-0.0026023415597008484	3902081
2020-04-23	-0.02668173289293667	0.001693171855717806	0.009238920586332517	-0.023717021202289204	-0.02283038011021474	4377291
2020-04-24	-0.008667950287407978	0.003956930546643367	0.01984971542279132	-0.019300767425758158	-0.004745325065844146	3510015
2020-04-27	0.010671653239441506	0.00862959320822795	0.021024827664999145	-0.016375937745813595	0.014670815212646631	3490581
2020-04-28	0.1017360894400218	0.023320727899231654	0.10609556083234346	0.01558292111239377	0.10609556083234346	10910946
2020-04-29	0.016194732367415365	0.0008139702512594708	0.02855590503411881	-0.01695479519425445	0.020215790464230523	7893453
2020-04-30	0.09630835356602975	0.018919983767751218	0.1043612801603371	0.005702050723476664	0.1006463917767533	8509218
2020-05-06	0.028194220369726596	-0.002772687346570522	0.048070536997790195	-0.007106841965925882	0.03226275086315206	7477988
2020-05-07	-0.029375264400006342	-0.0005954871318803164	0.0024701462188000184	-0.04964607764842504	-0.02553461972439784	6969930
2020-05-08	0.018199481296618792	0.013858560399692847	0.050970182936689416	0.010715917420149075	0.022228423511799798	5460028
2020-05-11	0.005407074020625269	0.005073600879163133	0.03606243678533177	-0.01546148521901899	0.009385394527671568	4739238
2020-05-12	0.0023663119161413965	0.0027227826509411187	0.024011372875910823	-0.030197329693320046	0.006332618634167695	4912640
2020-05-13	0.013275301149299128	0.009589682133659915	0.027873132063458827	-0.013418490272346992	0.01728474119989624	4798099
2020-05-14	-0.024175482978751023	0.0009192440974853734	0.014588820837687588	-0.020344575843462113	-0.02031423751081947	5321813
2020-05-15	0.06988926315559513	0.010151667049773067	0.09887067645557387	-0.0006813917901732667	0.07412272553145635	8016628
2020-05-18	-0.10110131000240709	0.007346651395206085	0.012540285352536895	-0.09754442783195823	-0.09754442783195823	11650890
2020-05-19	0.046217335346611065	0.003422852608140592	0.05471072976848804	-0.017875573972760093	0.05035717918657729	8622592
2020-05-20	-0.07627117497242741	0.013207639467188984	0.013207639467188984	-0.0947215994053704	-0.07261599199876304	10733494
2020-05-21	-0.025938311221297673	-0.0068445367183213235	0.016550383531688487	-0.04058893903194213	-0.022083987446879963	7011058
2020-05-22	-0.03861625906318164	-0.007751149366170903	0.007086046556372311	-0.05441162638035707	-0.03481212722839666	6800183
2020-05-25	-0.010277991342700086	-0.003929527616074735	0.003241603024216763	-0.030736273532278622	-0.006361633767368012	4103784
2020-05-26	0.0550007549403545	0.008257433449026486	0.062427692529416955	0.008257433449026486	0.059175293216216736	6513640
2020-05-27	-0.05493103611706104	-0.00664458451121761	-0.005137413115625747	-0.058025052727026794	-0.05119139965796413	5512169
2020-05-28	0.021264024974033593	-0.01231682781278033	0.028730152137164677	-0.025020613214250278	0.02530506987542888	5003292
2020-05-29	-0.03002995811975961	-0.006281967064121275	0.00047882466164502895	-0.032899467967232074	-0.02619184065252476	3892140
2020-06-01	0.044134268878141356	0.024483221161762887	0.061053618317115144	0.012299180134282047	0.04826585716376473	7143234
2020-06-02	-0.003752097246095241	0.0041146022371593765	0.00907307581076861	-0.027580971728868454	0.00018995790611813808	5706317
2020-06-03	-0.017255030440779084	0.004203052886190275	0.011255464621196545	-0.021122293812821862	-0.013366381705899653	5634988
2020-06-04	-0.015151585433380611	-0.0014117878525119064	1.9424150588380574e-06	-0.015728529091874954	-0.011254555789564042	3052922
2020-06-05	0.032850680488613046	0.008972227299337235	0.05029349420852196	0.008972227299337235	0.03693765390735736	5327486
2020-06-08	0.017015714968614853	0.011610018945307747	0.03624059479380656	0.0045727881056014654	0.021040023870624844	5066213
2020-06-09	0.05992833156776441	0.003680222673268079	0.0718377430146764	-0.016542192211956352	0.06412237725718162	6723576
2020-06-10	0.006274986618086555	-0.005900838754321898	0.011546138034169717	-0.02480026860173222	0.010256749036799925	5341324
2020-06-11	-0.023634815515441245	-0.007396367436025058	0.005222085482894598	-0.02434524939246481	-0.019771452623533036	4657295
2020-06-12	0.04009129942180942	-0.026542092176532053	0.046532472414093085	-0.03132621972674334	0.04420684341785764	6854774
2020-06-15	-0.03277130140568154	-0.011375577645353515	-0.006600089550363098	-0.031179944663863788	-0.028943964403898875	5257778
2020-06-16	-0.03807556005907146	0.012956300179338945	0.023210474780039125	-0.07200030700634616	-0.034269326581547715	7813217
2020-06-17	-0.014550765884977005	-0.007527221367159907	0.007081081366386586	-0.026684533624019832	-0.0106514082837522	3922807
2020-06-18	0.10094735839565762	0.0227003223387302	0.10530371306844036	0.01905962314094365	0.10530371306844036	8479096
2020-06-19	-0.016595258787205754	0.006298599744185045	0.009304869743593852	-0.015219705172834377	-0.012703972707067487	7304878
2020-06-22	0.03238836271473159	0.02213788339039663	0.04364928123713259	-0.006372434815404016	0.03647345986437904	7969907
2020-06-23	0.01521267664009071	0.005203719921800221	0.022596074060853674	-0.015056266572683297	0.019229783627657038	6593769
2020-06-24	0.08944952679669967	0.005507333294571492	0.10281749454344363	0.005507333294571492	0.09376040908742526	9462270
2020-06-29	-0.03588771729525313	-0.03900536649174032	-0.03057920565257562	-0.08410949509470118	-0.03207282318517282	10630060
2020-06-30	0.06573929581620516	0.008513943638835477	0.0940650481691407	-0.00558675566570499	0.0671527500664008	8849880
2020-07-01	0.00958954881455164	0.009595582690758815	0.04854768820741806	-0.009411509477571082	0.010928491715519103	8834738
2020-07-02	-0.010133338499525399	0.0018152381785386698	0.013453429636752045	-0.016913472706475013	-0.008820540961661915	5526651
2020-07-03	-0.01095239154881814	-0.03174749202894123	-0.0026258015880561343	-0.049037703079515126	-0.009640675629133238	6136446
2020-07-06	0.04506801963081334	0.011440647914314307	0.05639356559939494	-0.016280341966374876	0.04645400349358791	10066433
2020-07-07	0.04770650172511616	0.008447445519061314	0.10116726482990125	0.006057749099864473	0.04909598985164244	9087508
2020-07-08	0.011412045398053634	0.0008472258675710896	0.025275429389371055	-0.01922444830768757	0.012753422034411094	6260083
2020-07-09	0.0038286460136549	-0.008641448543559919	0.03734079340815828	-0.009543531128071962	0.005159969699988174	7749419
2020-07-10	0.06928120649792709	0.03340678968475809	0.09630982119479113	0.03340678968475809	0.07069926211385816	9243133
2020-07-13	0.028220670912035974	-0.0062163410531600825	0.03263072580603254	-0.014641283317208063	0.029584358704180247	7522592
2020-07-14	0.06376907207461445	0.0073540232557205605	0.09725991381407419	-0.02125235082717688	0.0651798515840653	9254997
2020-07-15	-0.027431443863995188	-0.01365626528392238	0.0292934518935973	-0.04492726399749913	-0.026141642756916002	9379126
2020-07-16	-0.100000010665013	-0.012558059886252028	0.007251263190799144	-0.09880640374304983	-0.09880640374304983	10087560
2020-07-17	0.02014022548823905	-0.001526578125095872	0.0490116167509688	-0.039753796829588586	0.02149321670011821	7524025
2020-07-20	-0.022277594194269324	0.00027225344536438407	0.017416650701354026	-0.053054128370389954	-0.02098091228550637	7495815
2020-07-21	-0.006965178093540068	-0.014338732817521396	0.019543442855579515	-0.02452535340128446	-0.005648198211527534	5400606
2020-07-22	-0.002367522066073131	-0.008577329319392936	0.025808298788209665	-0.009618697972693767	-0.0010444075272221251	5960210
2020-07-23	-0.04630945943093687	-0.00806786950537328	0.004901763339776243	-0.0719387959055493	-0.0450446303507172	8826742
2020-07-24	-0.05927904618034336	-0.010317049184872557	0.012736741524993858	-0.06459823473603592	-0.05803140436831358	8348551
2020-07-27	0.03928209639231601	0.032244075249611155	0.05204731200752778	0.016549961451254393	0.04066043627921083	6502138
2020-07-28	0.010775463126913106	0.02395370907110446	0.03288566104755158	-0.008439343770533035	0.01211596933259566	5476618
2020-07-29	0.03322902904057092	0.0003129289964038486	0.03606028229982382	-0.005578179076281951	0.03459931922503819	6822016
2020-07-30	-0.022594311616864902	0.0012121500082187412	0.007826095998666415	-0.03162943356811255	-0.021298033787117376	5788137
2020-07-31	0.023489416175409766	-0.012230692822295523	0.037027061341813224	-0.012230692822295523	0.024846807475144693	5704174
2020-08-03	0.06702943999974902	0.021365977095109685	0.07284460415197931	0.000847463841793658	0.06844459775512762	8064171
2020-08-04	-0.02464527738430017	-0.00027616733793098887	0.010620508641563216	-0.027817205866651297	-0.02335170446605816	5065493
2020-08-05	0.007853873969234874	0.05368178845932977	0.057778183758512715	0.003297804853569914	0.00919054266931455	5704482
2020-08-06	-0.03470880088258564	-0.00669411062638959	-0.00669411062638959	-0.038818947264137926	-0.0334285812843768	5149434
2020-08-07	-0.05455364949918412	-0.00024991454872751336	0.009432333821182998	-0.08581412496310263	-0.05329975216101342	7727882
2020-08-10	-0.0075872556455374735	-0.0021032895831301127	0.009781011832026846	-0.0274198260251297	-0.006271080812736976	4156308
2020-08-11	-0.01857398363233699	0.007661741790288254	0.017525043948982178	-0.018472281044888707	-0.017272398721659313	3366509
2020-08-12	0.01831501797644646	0.0013995591567793728	0.022110796988107508	-0.04146553048931604	0.019665549560729162	5610209
2020-08-13	-0.024172696390215662	0.0013262414483156916	0.0013742532395413845	-0.02508765642132883	-0.02287850458467443	3573792
2020-08-14	0.01717782423014225	0.0015231306231751817	0.02064310995126566	-0.009304139880488085	0.018526846334952288	3210085
2020-08-17	-0.006788887488082015	-0.005350683396132147	0.0010601255939634287	-0.02530903379780707	-0.005471682972557503	3960133
2020-08-18	-0.029846791168758675	-0.005737404898700814	-0.005737404898700814	-0.0483625426233775	-0.028560120826145823	9275173
2020-08-19	-0.026928731538195406	-0.010775133272174896	-0.010750033708614506	-0.026316115092986668	-0.025638196398327463	4302406
2020-08-20	-0.01878428455449695	0.011414541572154562	0.017710101902660227	-0.01954707949273935	-0.017482979471780864	3567079
2020-08-21	-0.019275186656882284	0.007137510024832065	0.017129683272105165	-0.022760344604311717	-0.01797453806255504	5927241
2020-08-24	0.024634413090606547	9.28606299827773e-05	0.05907952929713543	-0.02175907328131773	0.025993322065413493	6443946
2020-08-25	0.008022841907583442	-0.0003745937869535457	0.021815437991132367	-0.009376247955134009	0.009359720026976697	5194661
2020-08-26	-0.0309283857034758	-0.0031647588329962047	-0.0031647588329962047	-0.036911742977988556	-0.029643145746692308	3888451
2020-08-27	0.06883360671227126	0.0005226006796600821	0.08935081016317067	-0.0008167543242598754	0.07025109409316196	7694310
2020-08-28	-0.017720859200008484	0.0050104000534495815	0.007491611408511578	-0.035039638037448285	-0.016418126584667674	5425740
2020-08-31	0.002879383141094383	0.01023088202141897	0.02186563750054545	-0.007450796664362383	0.004209397528319667	4275721
2020-09-01	-0.024594800383532307	-0.010325955028007209	-0.007781799243134697	-0.045944085642069324	-0.0233011646431033	3930901
2020-09-02	-0.00606919068654502	0.0018218525353742116	0.010455367591822529	-0.008376617350942731	-0.004751034747083672	2395404
2020-09-03	0.03076759916232677	-0.002478930629545012	0.05202621625161518	-0.015915007099394005	0.032134601895444086	6235833
2020-09-04	0.029900045531000823	-0.004554781910831632	0.04432636509278431	-0.009137394025032745	0.03126596639343232	7748388
2020-09-07	-0.054953432604807194	0.0011531994482409298	0.0011531994482409298	-0.060646363460730934	-0.05370009113920282	6112584
2020-09-08	-0.03581413125873129	0.007054626522011555	0.007054626522011555	-0.045259914084030135	-0.03453539733540592	4370230
2020-09-09	-0.08480087742806973	-0.023361037943761636	-0.02064814488454628	-0.08494356926362098	-0.08358708122685732	6186814
2020-09-10	-0.017910003849894884	0.016740383663892106	0.029160603084954898	-0.02135030646398694	-0.016607514964429325	3881268
2020-09-11	0.030414544116889493	0.008419297062246965	0.03522194411521713	0.0020808051128709203	0.031781076892218506	3721233
2020-09-14	0.025947720060475497	0.013511771131512269	0.04189594586916539	-0.0011343955648707538	0.027308347262499692	4057167
2020-09-15	0.049214520242605996	-0.006411207237860155	0.07067758053406553	-0.012092882163014426	0.05060598314039437	4994566
2020-09-16	-0.0018751644444980327	-0.006755863432729808	0.01765347015141703	-0.018974061475855668	-0.0005514333799961609	3084435
2020-09-17	0.05954579137103712	-0.0035266633361829627	0.08041704003745312	-0.008952080292794727	0.06095100851825206	5564214
2020-09-18	0.0015675929076786814	-0.007782538177725454	0.010666617151771848	-0.01501298033770811	0.0028958802915848474	3291566
2020-09-21	-0.010904159988641153	0.004486120083893786	0.030202650352547555	-0.012623965444776267	-0.009592411905832437	3156294
2020-09-22	-0.01774273440003682	-0.012829694752498792	0.019482070020900806	-0.02321928243335498	-0.01644006541443676	3323608
2020-09-23	0.0175614347732835	0.010131827101803633	0.03578175683288446	-0.007056293105400905	0.01891094758113932	3202698
2020-09-24	-0.013780745162778062	-0.012108995011402682	0.0030933262268173084	-0.013798160006461143	-0.012472793575089267	2046312
2020-09-25	-0.04081471904100954	0.011839840237568074	0.012893872244494592	-0.04254651617186583	-0.039542627638061593	3643480
2020-09-28	0.002743510224277462	0.0007767769614229452	0.016435402670310014	-0.022024355655724887	0.004073350562539584	2590893
2020-09-29	0.005745522038162539	0.008175204023938098	0.026968904422940174	0.002695971742632853	0.007079401949303165	2076118
2020-09-30	0.02821000258610203	0.012113110917575047	0.05112013854101245	0.005521100345034543	0.029573668350633676	3672257
2020-10-09	0.041908094655633575	0.014651786318237206	0.049038728006835605	0.00405493969236761	0.0432899343967197	4127254
2020-10-12	0.06619939706140818	0.01706534500575053	0.06796939887853262	0.00440282997630312	0.06761344330874809	5008208
2020-10-13	0.01238452286765544	0.05140688994516739	0.05593800433377377	0.007240528981349003	0.013727148571687286	7305129
2020-10-14	-0.009127665743652008	0.0016560354808922294	0.02130188657508707	-0.008284705845109812	-0.007813565692767673	3448258
2020-10-15	-0.002659073087993593	0.0008507250322765756	0.034133211962327284	-0.009133986385446873	-0.0013363939168337066	2951123
2020-10-16	0.011521573812491645	0.017129847734152912	0.01968032770426301	-0.0046805817066454935	0.012863101125385005	2393357
2020-10-19	-0.00021177583592875792	0.00646340258458737	0.00804226446246734	-0.014556605737816622	0.0011141486559222565	2274505
2020-10-20	0.0001647574428190868	-0.010034570001126484	0.0036125213976469428	-0.027499915349361956	0.001491217349402481	2315872
2020-10-21	-0.030360112004219206	0.0034471960036294015	0.010281399561102371	-0.03614393400301913	-0.029074130566092836	2695287
2020-10-22	0.0025000336416459673	-0.0035345733139485022	0.014693476658236136	-0.015686561423232184	0.0038295523652212174	1901142
2020-10-23	-0.05341021016856912	0.010950893289862066	0.015508607462625806	-0.05426391672203914	-0.052154788104493935	3083085
2020-10-26	0.04107737333313748	-0.008841420352926094	0.050064613858309126	-0.02574492459270145	0.04245807567474547	3445770
2020-10-27	0.03247917428657887	0.003712528862306579	0.038153614225407126	0.0012524427963800028	0.033848511212577134	3101603
2020-10-28	0.007733482784150621	0.0006828956742594824	0.02860803031204856	-0.003343853956515927	0.009069951297674638	3417280
2020-10-29	0.010389679269383712	-0.00931361791525419	0.016694868174972295	-0.021608520505395783	0.011729659483385285	3501041
2020-10-30	0.013577842498315923	0.0030344381166013262	0.048362043540356836	-0.0030965886700598166	0.014922105685687236	5881302
2020-11-02	0.03712159794101887	0.019680809101878388	0.04475375703994809	0.0032656368483479454	0.03849706159258658	7975306
2020-11-03	0.031502211776106064	0.003975325538541091	0.07445392416640666	0.003975325538541091	0.032870204504817334	6969618
2020-11-04	-0.007435645535052382	-0.003680598371110863	0.008663819481710522	-0.02435547292945929	-0.0061192751160527815	4398534
2020-11-05	0.02054155455038691	0.03274470941949813	0.03274470941949813	0.00028252780008940714	0.021895018048508796	3943447
2020-11-06	0.027681424818137748	0.01170181048082459	0.03581945272340467	-0.008239845772200965	0.029044395983912293	6086255
2020-11-09	0.18244306501412863	0.019569868617840342	0.2015914623657673	0.019300312843666324	0.18401120531057455	11426466
2020-11-10	-0.057991350308770756	-0.018170106016041035	-0.018170106016041035	-0.07778119686007934	-0.05674201877186633	8473730
2020-11-11	-0.06505569405107452	-0.0036990011802990183	-0.002396170006138104	-0.06565839157956047	-0.06381574207109333	6836572
2020-11-12	0.039761355201050064	0.027643308132007754	0.0708019337399421	0.019401823114938457	0.04114029601883033	5272813
2020-11-13	0.03707460623653911	0.0013837371562461257	0.06355017597141054	-0.008227535986875803	0.03845003449090314	5669940
2020-11-16	-0.03691067930115536	-0.0006860462751505063	0.005849203206553843	-0.05573789776368267	-0.03563340655998627	6838869
2020-11-17	0.048988183397130236	0.004393239724307566	0.056206782362413686	-0.0030635405764901924	0.05037938253226054	6388887
2020-11-18	0.010584722905421496	-0.004265466792583183	0.0507384255297824	-0.020529114146321886	0.011925004216512616	5964364
2020-11-19	-0.006464934888743803	-0.014513871864163636	0.039931994642220386	-0.03257806517418156	-0.005147235390152471	5279311
2020-11-20	0.00018185379963523907	0.0028369042047281254	0.025677896721102322	-0.008720058570086493	0.001508330683544183	3061695
2020-11-23	0.006760111363996315	-0.004642316270190013	0.028493822364499356	-0.015050764787416961	0.008095341315572765	3484684
2020-11-24	-0.02527069344219946	-0.00593968931599154	0.018478930402983814	-0.02397798807487845	-0.02397798807487845	4279496
2020-11-25	-0.007777838128079934	-0.013396953774052226	0.016012317727711972	-0.013396953774052226	-0.00646190856095241	3280208
2020-11-26	0.022769786229734017	0.00491447238290538	0.05215879778950205	0.004895789181908524	0.024126215551796913	3007431
2020-11-27	-0.01897815312409478	0.006022189839260361	0.023198245261664835	-0.03931154679025461	-0.017677119046246186	3518956
2020-11-30	0.047246976213799106	0.01587303024153651	0.04863590064082896	-0.007949459721017372	0.04863590064082896	4415799
2020-12-01	-0.004600252663967733	-0.007566489163530457	0.00799587672688828	-0.025351992555980342	-0.003280143219040459	4538563
2020-12-02	-0.027497825981689088	-0.004856092312272926	0.009313103226079018	-0.04405786917954484	-0.02620803259563457	4181097
2020-12-03	-0.07143116233080615	-0.01322510124290646	-0.00315675405456114	-0.13647089719930178	-0.07019966549014317	10496691
2020-12-04	0.011579455738526727	0.0013855734042161824	0.021369769580422734	-0.00860646591851931	0.012921008539932808	4684629
2020-12-07	0.042759804663518856	0.007370212049218927	0.05621110276571533	0.007370212049218927	0.044142734504418635	4182624
2020-12-08	0.020606127773809314	0.0015512576127196147	0.025111011727303248	-0.00959080157130247	0.021959653573647906	2809729
2020-12-09	0.008883686197561313	0.0013261979945103435	0.020274993834626245	-0.00775304731702181	0.010221697864123198	3870091
2020-12-10	0.015173020497991659	0.001326229856689222	0.023769836223548686	-0.007163011887712004	0.016519361042555882	3925382
2020-12-11	0.05971319103585497	0.0049152132354703774	0.07499004722115542	0.0013262178144803126	0.06111866220543305	7379764
2020-12-14	0.01053579998504557	-0.0015863611402539737	0.015686122034368186	-0.013507690744170913	0.011876029123240818	3922432
2020-12-15	-0.026022912285422507	0.00543178067363841	0.02872420978584388	-0.04316409890055669	-0.024731171781356264	4801123
2020-12-16	0.04384878850934187	0.003046700192926793	0.048949463757291714	-0.004041695347694783	0.04523316123632491	3474851
2020-12-17	-0.020279193968237758	0.0013427001494823205	0.011182612284648525	-0.030847044823259336	-0.0189798653927791	3047601
2020-12-18	-0.0322580291545164	0.012782998609094267	0.019444993785957973	-0.032656886069129955	-0.030974591339197947	3920545
2020-12-21	0.022569411088634	0.011687116647733158	0.02841067887877456	-0.006305463850414871	0.023925616707118083	3869791
2020-12-22	-0.0356536495688784	-0.005473926589495458	0.010829535177057386	-0.04258589717105918	-0.034374725759435225	3595203
2020-12-23	0.042253523003874846	0.009453219679870357	0.05571170744828023	0.009435595632693753	0.04363579853834265	3658923
2020-12-24	0.015202701067273287	-0.0015999627198118249	0.016549102609351957	-0.010513757149959124	0.016549102609351957	3221895
2020-12-25	-0.029450923716718647	0.00142618314764616	0.008640464544471062	-0.04094274390007	-0.028163764305867808	3569036
2020-12-28	0.018875320665722124	-0.004338688831644316	0.02022662289886576	-0.017076289120258704	0.02022662289886576	2876610
2020-12-29	-0.024515691687759373	0.007947796995971037	0.007964643863260608	-0.051426534796769265	-0.02322200391687997	3029992
2020-12-30	-0.000672781540713167	-0.012266855575223005	0.01694006036942851	-0.022405502183475298	0.0006525702071419337	2506003
2020-12-31	-0.015206626000380957	0.002449687979348777	0.005871862405047266	-0.04160631461656172	-0.013900606920568373	3411905
2021-01-04	0.07775084179870673	0.007398619872649244	0.08207598321733542	0.0003783989338071622	0.0791801846093094	5019314
2021-01-05	0.07328013284704507	-0.0066205764595846	0.10450397154067863	-0.00989374266538115	0.07470359663534962	5988096
2021-01-06	0.007636921195721609	0.005953932890862749	0.013494671777844108	-0.01983940503980177	0.008973278488315363	4079966
2021-01-07	-0.024060204240711095	-0.009214120202293678	-0.00017957196687795173	-0.04673743817944215	-0.022765903255246356	4108257
2021-01-08	-0.02788905713854451	0.004427396249473146	0.00996632110293048	-0.051116124413742706	-0.026599800377142237	4727577
2021-01-11	0.009668723367917922	0.001484919682507706	0.06462134196703387	-0.006450757930688975	0.011007783670289885	5001127
2021-01-12	0.011569854788648378	0.002300861915163073	0.023333388395273387	-0.02066519599789898	0.012911461877362175	3007886
2021-01-13	-0.023883850637616947	0.03960029715152547	0.06446367506763868	-0.05208341975302415	-0.02258925732890124	7294897
2021-01-14	3.191673886240853e-05	0.00772605729498791	0.04593371204539391	-0.009419624564816357	0.0013581893414540969	4901421
2021-01-15	0.02224166654411962	-0.013001171511527259	0.045868500561869176	-0.013001171511527259	0.023597365417757775	4155091
2021-01-18	0.03780774896733168	0.0013262019324856422	0.0622008647830927	-0.03759063502760738	0.03918407934488277	5619490
2021-01-19	-0.010939655139628945	0.0023765769172061817	0.019783068976741612	-0.015630161639091485	-0.009627972174967638	3432497
2021-01-20	0.009106077941831128	0.013463518304047488	0.028635087950896768	-0.012328257419561117	0.010444353165973662	3098208
2021-01-21	0.027672211089882135	0.0013261987549139285	0.03739448247182199	-0.012220063741141663	0.029035163377164063	4871323
2021-01-22	-0.02255856016572391	-0.005169428535537999	0.006241891607679504	-0.04208055971565917	-0.021262286544737885	4456049
2021-01-25	0.046337790616210704	-0.019418722963249174	0.06568646295247806	-0.019418722963249174	0.04772548057785273	5089741
2021-01-26	-0.057142833601472695	0.0013262351547341062	0.011339490167990424	-0.05589242487798032	-0.05589242487798032	4604180
2021-01-27	-0.012121239595617587	-0.004742386573111184	0.005589456668467962	-0.042656316740383844	-0.010811048841060919	3191632
2021-01-28	-0.020674855140450712	-0.017087753441562988	0.0028620057326861005	-0.04013969750667524	-0.01937600844879522	2616247
2021-01-29	-0.010211046614515707	0.027013382121350977	0.03499545785820462	-0.030853151226092005	-0.008898388058273792	3642321
2021-02-01	0.004746746240613945	0.0007399483663995419	0.03456640588558334	-0.006595664629231538	0.006079300676527019	2430880
2021-02-02	0.04100788748525453	0.0044800507743005015	0.053363717931144514	0.002603575420950481	0.04238854454177001	2876050
2021-02-03	-0.03414307557648375	-0.011912870858346141	0.011869103581662346	-0.03533130042531091	-0.032862157459643423	2953152
2021-02-04	-0.02516963426215616	-0.015094166984188133	0.003851183536149882	-0.0557136804636552	-0.023876775022209168	4527441
2021-02-05	0.023955675706212272	0.006635359570497086	0.04766010314485468	0.006635359570497086	0.02531364304010913	3155194
2021-02-08	0.017652254922855805	0.005552665487102367	0.04294667582889823	0.005552665487102367	0.01900192850145265	2892870
2021-02-09	-0.006198266020889377	0.0044913783016896965	0.007563712833674314	-0.016521449557184795	-0.004880232755860022	2559339
2021-02-10	0.005181962472650895	0.00949790437742784	0.017327771464081387	-0.019522439482949586	0.006515045003080926	3145876
2021-02-18	0.006374655450759168	0.018512696458902606	0.021603790036362775	-0.02082135900888887	0.007709356203676705	4080870
2021-02-19	-0.040198807890628435	-0.008671508512157321	-0.007903653575255519	-0.07808754920718074	-0.038925880384095925	4902379
2021-02-22	-0.038031241592801635	-0.007634181577362958	0.017599064777007095	-0.03995560539811483	-0.03675544919812883	3738569
2021-02-23	-0.016611353790497153	-0.018733595788246384	0.00931019784806654	-0.03272218886325644	-0.015307147053338672	2826874
2021-02-24	0.011824293621450665	0.016549102609351957	0.048652402245167946	-0.01727949568522814	0.013166234864003888	3873063
2021-02-25	0.039232161223718955	0.0029979748929917153	0.05650789006626614	-0.0027526125092430112	0.040610397747881374	3546261
2021-02-26	0.012048148607498007	-0.004319862996574197	0.027063093002552687	-0.04487155791292039	0.013390346481199557	3511627
2021-03-01	-0.010333334689415108	0.00927323348188379	0.012452055141673215	-0.04397190200811049	-0.009020824890365157	3295972
2021-03-02	0.036071173911239054	0.0013101584885728819	0.05450092917802385	-0.002753004866861581	0.037445204707508464	4555963
2021-03-03	0.032539653340443196	-0.009369444461355856	0.03759826529764998	-0.0110279765764781	0.03390901891841335	4120398
2021-03-04	-0.036476802257403705	-0.007681166440604313	0.008036758258401966	-0.051352260892673175	-0.035198917806704456	3463288
2021-03-05	-0.0477227133326705	-0.02235638695075852	-0.017651044605127668	-0.08852773640527277	-0.046459785777823816	5344930
2021-03-08	-0.03941179942141198	-0.0019951719407141854	0.008067143446574776	-0.03813779734849585	-0.03813779734849585	3415770
2021-03-09	-0.10525957529804657	-0.01209559805849268	-0.011686817192492087	-0.1057762394103502	-0.10407290251145522	4454384
2021-03-10	0.10266159999390063	0.02896739229601098	0.11874414042104428	0.02896739229601098	0.10412402822929084	4853788
2021-03-11	0.020551764125210283	-0.012467908145410898	0.05289459647751826	-0.012467908145410898	0.021905254400418954	2919630
2021-03-12	-0.0015542727137682958	0.008262011043823599	0.008262011043823599	-0.032050208869945244	-0.00023008206796339256	2546262
2021-03-15	-0.049086249466709905	-0.022936035797520102	0.010644810331959333	-0.05612719727620075	-0.04782514872866064	2753861
2021-03-16	0.0336126450186544	0.008488849128476859	0.04583433313610849	0.008488849128476859	0.03498347781348031	2375857
2021-03-17	0.029472496639614394	0.0012572215452255845	0.04807590465382872	-0.017428852768103575	0.030837855831805188	2366852
2021-03-18	-0.0049832420784868955	0.0008071319173497358	0.010552492093337015	-0.009306521076857305	-0.003663593208599964	1733583
2021-03-19	-0.014049984029720282	-0.015653657892269367	0.009706813108076025	-0.015653657892269367	-0.012742400622399438	2190760
2021-03-22	-0.011591018897200475	-0.0015923995824885812	0.023378455177222653	-0.015980989800809576	-0.010280175884681733	1656878
2021-03-23	-0.01531400629209268	0.0021723481220292003	0.022255543836553777	-0.03089665176813234	-0.014008091495772075	2354229
2021-03-24	-0.008721839101576635	-0.0214368000402536	0.00486869599524757	-0.0345894975515164	-0.0074071773222965315	2434757
2021-03-25	0.00885154232352888	-0.010845409207717528	0.02609399286499904	-0.021619388475839118	0.010189531356576348	2123087
2021-03-26	0.03429012566954798	0.01533750686303731	0.0363808392902372	0.0013262496778920399	0.03566184142599082	2330157
2021-03-29	0.016508892044425297	0.00880319615721851	0.034218290120831205	0.002021399575226337	0.01785701871258116	2200750
2021-03-30	0.0052636979096418604	0.005762946627237821	0.009048795189811146	-0.017588079877693077	0.006596892237529067	2163506
2021-03-31	0.009113517871303937	0.017088578088508492	0.028006173571950073	-0.011001628241075262	0.010451856833650394	2934423
2021-04-01	0.05420354236681131	0.0013262521397688191	0.06873899898250356	-0.0003180133154270065	0.055601685783103955	3439105
2021-04-02	0.06175923193039197	0.02157084878085519	0.06603717931912714	0.010668734262817526	0.06316739387042729	4426471
2021-04-06	0.025437903396874354	0.0032946541223697885	0.034142632931377224	-0.015860491751122367	0.02679788790765066	3498296
2021-04-07	-0.003061523545777817	0.0013262475536268057	0.01307281231708606	-0.013170780699243784	-0.0017393681072872711	2969431
2021-04-08	0.006715843822866467	-0.0016769086148586629	0.03443270581630008	-0.008430400671535214	0.008050977550124811	3069419
2021-04-09	0.00922258618947426	0.0034100840077531196	0.03178537345649588	-0.0008718689042915807	0.010561045081001577	2724058
2021-04-12	0.04235814265220466	0.053640506920646466	0.11770748286511529	0.04191609307693216	0.0437405388102293	7492764
2021-04-13	-0.019037888157087745	0.011909368645012927	0.023645744753105567	-0.019161610559468627	-0.01773693582502702	4126667
2021-04-14	0.003729545844210724	0.0006207411711527425	0.02352561685394539	-0.008867580214391954	0.0050606857101617485	3585992
2021-04-15	-0.013280178561458257	-0.009201755958846917	0.008698451797487051	-0.02299560925954439	-0.011971546071099938	2451729
2021-04-16	-0.008521709273608317	0.015138124346295337	0.01524982207648108	-0.0629011285598391	-0.0072067408697826215	3513605
2021-04-19	0.00043615902975647396	0.0014953332076571837	0.008566247215302192	-0.027718044773620373	0.0017629720998148862	3293388
2021-04-20	0.004780641988375233	-0.00599504091610291	0.01625037828399753	-0.015850604138928297	0.006113217403359149	2488840
2021-04-21	0.005471584528043818	-0.0032418479143239243	0.0158851074948432	-0.00823019795019085	0.006805055972093587	2317604
2021-04-22	0.03770308582762772	0.01423115304389092	0.04489062012205169	0.0017304181768170337	0.03907928778996047	4147711
2021-04-23	-0.008436211238659647	-0.006154218948675282	0.007235271700855288	-0.011566437467857281	-0.007121150330073616	2631875
2021-04-26	-0.001771905767009425	0.02458138660125501	0.03404868203746627	-0.003156858151413444	-0.00044803575934701214	3381231
2021-04-27	0.017452522544676635	0.01082388461967079	0.01965672729908592	-0.0007090220005291973	0.018801921969969146	2396588
2021-04-28	0.0075644385560357215	-0.006234887486787223	0.012141234393863467	-0.024744402541270957	0.008900725054021327	3038639
2021-04-29	-0.0020618700132966888	0.0039071538488596085	0.009796857517120252	-0.018248630845187453	-0.0007383770216390249	2764778
2021-04-30	0.019888530543023558	0.010530409928535779	0.030535725609889448	0.005015826200567176	0.019888530543023558	4066060
2021-05-06	-0.06603153160893327	-0.0050559500841347955	-0.0031131173561324424	-0.08712139158484769	-0.06603153160893327	5389824
2021-05-07	-0.0699481298727318	0.022530738013314445	0.026966689382053315	-0.07070003582115655	-0.0699481298727318	4667290
2021-05-10	-0.023955847093141802	0.00021554028215245273	0.011856626054595086	-0.03530047369495329	-0.023955847093141802	3495801
2021-05-11	-0.011623067018049212	-0.014163065976829958	-0.0011319483454006033	-0.03343360288479728	-0.011623067018049212	3499163
2021-05-12	0.05307262569832402	-0.00055869273743021	0.06134075698324023	-0.027653614525139644	0.05307262569832402	4471043
2021-05-13	0.00045096286472144057	-0.01885937665782492	0.023050403183023854	-0.029177718832891247	0.00045096286472144057	3279221
2021-05-14	0.008828875269042179	-0.0057534080791305725	0.015377648805818616	-0.027865441678153687	0.008828875269042179	2833142
2021-05-17	0.009829145860709534	0.0012615269382391337	0.035479632063074903	0.0012352194480946773	0.009829145860709534	3031524
2021-05-18	-0.034665774897610205	-0.005829663903541059	-0.003539415561612925	-0.049552307140128656	-0.034665774897610205	3874373
2021-05-19	0.049929872616498616	-0.005850352970843833	0.05785611789030106	-0.007872352252937032	0.049929872616498616	3939854
2021-05-20	0.04876230202977462	0.0005649188549460367	0.05228016098870088	0.0005649188549460367	0.04876230202977462	3596325
2021-05-21	0.0059006513755221705	-0.00026928972378394595	0.022427351460449576	-0.009328399151136795	0.0059006513755221705	3925811
2021-05-24	-0.004478619457488227	0.002141965262797928	0.012145825743801322	-0.023877901605276062	-0.004478619457488227	2514170
2021-05-25	0.007359437652811791	0.0	0.02640583863080681	-0.0027383740831296265	0.007359437652811791	3521792
2021-05-26	0.0025727457446967196	-0.0028640639095152214	0.012135627481477937	-0.014441425828464737	0.0025727457446967196	2140807
2021-05-27	0.01677680025797667	-0.00324399248866303	0.024693107287259503	-0.00982883513980223	0.01677680025797667	3431592
2021-05-28	-0.02071431428571432	-0.004738071428571375	0.011880928571428518	-0.02619047619047619	-0.02071431428571432	3358628
2021-05-31	0.035448620047127254	2.433746727953345e-05	0.03958181248475999	-0.0002674106569630927	0.035448620047127254	3731678
2021-06-01	-0.015450401340161528	-0.0020663214747543334	-0.0020428172015259567	-0.03728751012858653	-0.015450401340161528	4152331
2021-06-02	-0.010231285768603366	0.0009540281694451905	0.0044836753012261945	-0.020271882287771496	-0.010231285768603366	2458158
2021-06-03	-0.019059790871068422	0.0011806703168436286	0.004313095966046608	-0.021710343805924157	-0.019059790871068422	2661252
2021-06-04	0.018201925548485536	0.003733699281743586	0.03144187622537147	0.002259845213561608	0.018201925548485536	2422289
2021-06-07	0.010349516046669083	0.01864847606454656	0.025306964239536645	0.003642804669542207	0.010349516046669083	2485398
2021-06-08	0.01886347714030983	0.0034145726861864326	0.01957978088576262	-0.00458448675982293	0.01886347714030983	3344052
2021-06-09	0.06163577984619317	0.007710283354761102	0.06538550085627837	-0.019545410746320813	0.06163577984619317	5104423
2021-06-10	0.02207505518763797	0.0	0.026490066225165563	-0.013509922737306881	0.02207505518763797	4841517
2021-06-11	0.03023758099352052	0.008639308855291577	0.04490282721382289	-0.010367144708423294	0.03023758099352052	4529099
2021-06-15	0.0027253417190775363	0.0020964360587002098	0.031236884696016754	-0.0029769664570230255	0.0027253417190775363	3953097
2021-06-16	-0.04662343416157473	-2.086347533002046e-05	0.020280184493753354	-0.04662343416157473	-0.04662343416157473	3925998
2021-06-17	0.07633771491228072	0.01355261622807023	0.09254388596491231	0.008837717105263104	0.07633771491228072	5616571
2021-06-18	0.006845856876778569	0.0047064994792547195	0.015647586706251184	-0.019966968969527765	0.006845856876778569	4867428
2021-06-21	-0.014509202928911802	-0.01539958880507785	-0.005949373540802025	-0.04638082521611845	-0.014509202928911802	4636234
2021-06-22	-0.009240246406570842	0.006652956878850057	0.008213552361396304	-0.043367546201232066	-0.009240246406570842	3535900
2021-06-23	0.02362693056994817	0.0051813471502590676	0.03618650984455959	0.0010570155440414973	0.02362693056994817	3705729
2021-06-24	-0.007896323238262669	-0.0038873922318776177	0.020206542055556272	-0.008665719886605172	-0.007896323238262669	2890238
2021-06-25	0.00953063877551017	-0.0020000224489795724	0.0163265306122449	-0.02040816326530612	0.00953063877551017	2423164
2021-06-28	0.042048148166199846	-0.00034368972351672163	0.0499524760964235	-0.007681925122071157	0.042048148166199846	3447347
2021-06-29	-0.004791687467668193	-0.0057422569044279425	0.017906069255778295	-0.028071414076611626	-0.004791687467668193	3918228
2021-06-30	0.04775828460038986	0.0049707368421052335	0.06175437231968805	-0.007797270955165692	0.04775828460038986	4886303
2021-07-01	-0.008372093023255815	-0.008372093023255815	0.013209257674418547	-0.013730241860465084	-0.008372093023255815	3416605
2021-07-02	-0.04369607692307692	-0.018574153846153903	-0.014990600375234586	-0.04878048780487805	-0.04369607692307692	4186217
2021-07-05	0.004120003604167149	0.021188556611989116	0.036236295788049336	-0.0035902494208712096	0.004120003604167149	4291524
2021-07-06	-0.035579594128991594	0.005138633497347275	0.016002035974295274	-0.06996736706968355	-0.035579594128991594	5998216
2021-07-07	0.03221230511897521	-0.0032415032020887123	0.036264168927096795	-0.01742302653051428	0.03221230511897521	4026415
2021-07-08	0.013797897939156062	0.0049264180569184805	0.022571148184494603	0.0049264180569184805	0.013797897939156062	3219188
2021-07-09	-0.059493232289888856	-0.008963728612184948	-0.008963728612184948	-0.09259871510781031	-0.059493232289888856	6335885
2021-07-12	-0.007945628026651974	0.00864555805629212	0.00864555805629212	-0.055166711943187584	-0.007945628026651974	6109920
2021-07-13	-0.12872973345756844	-0.04137444892984831	-0.03514960768913304	-0.13333611805064474	-0.12872973345756844	15442300
2021-07-14	0.026006223281822633	0.0026196856768709734	0.03588951468287002	-0.006906392096781008	0.026006223281822633	6806382
2021-07-15	0.00041779164633833847	-0.008866828229729767	0.01610882244844318	-0.019590552580813624	0.00041779164633833847	4745170
2021-07-16	-0.05336426914153132	-0.0003248607888631214	0.0	-0.059953587006960525	-0.05336426914153132	7045777
2021-07-19	0.0031862450980391786	-0.0022549338235293703	0.011960796568627408	-0.014681348039215631	0.0031862450980391786	3828970
2021-07-20	0.04397752388890859	-0.00561932095634458	0.04690938813318513	-0.025164887129192844	0.04397752388890859	6888421
2021-07-21	0.034097840882691605	0.003978497654439474	0.06428739005721673	-0.003159316728087457	0.034097840882691605	6868912
2021-07-22	-0.0424332953406352	0.007038305463578655	0.011609760920743176	-0.046936859788363844	-0.0424332953406352	6431600
2021-07-23	-0.03337113624233243	-0.010942534162206254	0.0	-0.04093403101878944	-0.03337113624233243	5557321
2021-07-26	0.02689486552567237	-0.009633256723716364	0.044009779951100246	-0.021198075794620984	0.02689486552567237	6637983
2021-07-27	0.015476190476190477	-0.004714311904761882	0.09285714285714286	-0.006452359523809529	0.015476190476190477	8874791
2021-07-28	-0.03214534818288394	-0.036600199296600223	-0.004220370457209812	-0.09026963657678781	-0.03214534818288394	6574091
2021-07-29	0.024249567048024136	0.015140870330512287	0.042370187307513005	-0.016400639192795937	0.024249567048024136	7167664
2021-07-30	-0.04647586224624016	-0.014167431811752978	-0.007473919322816962	-0.0525307299677596	-0.04647586224624016	6697832
2021-08-02	-0.01731360809594855	-0.02021578598857673	0.00954981038645385	-0.06908100313651501	-0.01731360809594855	6847527
2021-08-03	-0.006032798852951064	0.010853895698562228	0.03695379387535832	-0.01605375165030468	-0.006032798852951064	5350521
2021-08-04	0.02976281433735294	0.009446901847343508	0.04543149485863046	0.0018284346635899728	0.02976281433735294	5296393
2021-08-05	0.04056723057953148	-0.013563501849568433	0.05943281381011099	-0.028729948212083828	0.04056723057953148	6882275
2021-08-06	-0.033084539881468325	0.009598264924329436	0.014338162881720655	-0.03524120056192817	-0.033084539881468325	4018654
2021-08-09	-0.0024265056110812366	-0.019583789298359938	0.00475502597502465	-0.03183899193213044	-0.0024265056110812366	4088570
2021-08-10	0.016584766584766583	0.0	0.044226044226044224	-0.0024078894348894112	0.016584766584766583	4184130
2021-08-11	0.027190332326283987	0.005462259818731172	0.04894259818731118	-0.002827825981873071	0.027190332326283987	5111624
2021-08-12	-0.009411764705882352	-0.004705882352941176	0.02588235294117647	-0.01647058823529412	-0.009411764705882352	3882090
2021-08-13	-0.018788608076009537	-0.007410914489311205	-0.0011638717339666925	-0.025653178147268373	-0.018788608076009537	2574908
2021-08-16	0.0008956764956370843	0.009465259478227633	0.019632564522332394	-0.007480200513013598	0.0008956764956370843	2963638
2021-08-17	-0.024621468150711652	-0.004740461090949916	0.012673586596193808	-0.03255451867893066	-0.024621468150711652	3932301
2021-08-18	0.03409541766042308	0.0030251959011734298	0.059710340358337534	-0.000619916684734965	0.03409541766042308	5004858
2021-08-19	0.030717207468808523	0.006977922468354651	0.03783900208099905	-0.003572860474241273	0.030717207468808523	4585643
2021-08-20	-0.02519538921640964	0.0002559464010418195	0.004792476314837876	-0.049227627016821304	-0.02519538921640964	4091282
2021-08-23	-0.015321863074345257	0.0003579723548847733	0.007088138538742708	-0.02388966793418616	-0.015321863074345257	3693913
2021-08-24	0.06401028686114826	0.0058654209347335645	0.09949349086980776	2.4261373511398714e-05	0.06401028686114826	8268977
2021-08-25	0.0028245785876992655	0.0005466742596810421	0.03268794077448749	-0.014806378132118452	0.0028245785876992655	4455355
2021-08-26	-0.06691802577952995	0.008540818838379545	0.008540818838379545	-0.06755404024064234	-0.06691802577952995	8216073
2021-08-27	-0.01764935006000621	-0.004333217304477318	0.009981026364431166	-0.02351624719683579	-0.01764935006000621	4431918
2021-08-30	-0.04326813878340678	0.001016040941233758	0.011077245833215054	-0.05756699887881196	-0.04326813878340678	7140574
2021-08-31	-0.01831275901212387	-0.010542147605887384	-0.0064755095051970725	-0.07400214075681869	-0.01831275901212387	6866097
2021-09-01	0.03445909762532984	-0.005277044854881266	0.04353562005277045	-0.032295488126649015	0.03445909762532984	5481265
2021-09-02	-0.06136815314680486	-0.015405828268151952	-0.0027036627184801633	-0.06136815314680486	-0.06136815314680486	4318723
2021-09-03	-0.02282607065217389	0.005434782608695652	0.021711929347826026	-0.02717391304347826	-0.02282607065217389	3602362
2021-09-06	0.012764171088473188	0.0	0.0361512785959186	-0.00027810344363567	0.012764171088473188	3945735
2021-09-07	-0.0038167275113719567	-0.0016749910668881454	0.005271926712584499	-0.01419592238009868	-0.0038167275113719567	2875081
2021-09-08	-0.03252477505594621	-0.0005512183203268938	0.006725474312860211	-0.038450888813149516	-0.03252477505594621	4641580
2021-09-09	0.004558421652421674	-0.005698005698005698	0.010883210826210757	-0.026524210826210846	0.004558421652421674	3957561
2021-09-10	0.028956301265632988	-0.006523023144815326	0.03800338562671491	-0.014407308319784878	0.028956301265632988	4630819
2021-09-13	-0.04589177280610661	-0.007745095271602762	-0.0052092969058697884	-0.05653099449591249	-0.04589177280610661	4526526
2021-09-14	0.019759636933676442	-0.0028599231238743334	0.028223910582113376	-0.005286621732301568	0.019759636933676442	3750975
2021-09-15	-0.03824362606232295	-0.004787541076487232	-0.0032577733711047943	-0.055722416430594855	-0.03824362606232295	5299073
2021-09-16	-0.017643564064801113	0.004418262150220913	0.027923449189985246	-0.02170837997054497	-0.017643564064801113	3784354
2021-09-17	-0.007496026880872331	0.0021288446484709774	0.006386629894556936	-0.03445180251111507	-0.007496026880872331	3820771
2021-09-22	-0.016011657774337457	-0.018156580823643437	-0.003051297451699489	-0.029787667146380346	-0.016011657774337457	1875327
2021-09-23	0.048202429872653225	0.013201986794442606	0.05787359160253701	-0.005219308731613271	0.048202429872653225	4776456
2021-09-24	0.027737913034323294	-0.0012009138431690915	0.04859258898576383	-0.015553141202036972	0.027737913034323294	5104929
2021-09-27	0.004787941678238475	0.011741891647544913	0.03556765795189729	-0.00820794846944893	0.004787941678238475	3143474
2021-09-28	0.0054175261255816586	-0.0032334496439384033	0.0313705385260412	-0.03137054136243785	0.0054175261255816586	3281828
2021-09-29	0.00575509632478038	-0.012695009414915198	0.024289745184952877	-0.024543718722194532	0.00575509632478038	2878080
2021-09-30	-0.012650444232968443	-0.004235533246317607	0.01063077583712155	-0.014613957122830961	-0.012650444232968443	2431665
2021-10-08	0.019261360795454475	0.005681818181818182	0.03835227272727273	0.00542614772727277	0.019261360795454475	2996623
2021-10-11	-0.11282683291383808	-0.027816519950433445	-0.027816519950433445	-0.11366296647991232	-0.11282683291383808	7991597
2021-10-12	-0.06129431270980754	0.007006004034156578	0.013195137160985427	-0.07376682967389873	-0.06129431270980754	7315755
2021-10-13	0.017436965236678988	-0.0004686066996303258	0.019110381297923525	-0.025402445769195658	0.017436965236678988	5281470
2021-10-14	0.004276276315789424	-0.006578947368421052	0.01190787828947374	-0.019407874999999974	0.004276276315789424	2822881
2021-10-15	0.0227645341407613	0.0017359941723942424	0.039960735275233666	-0.020537141324748463	0.0227645341407613	4655852
2021-10-18	-0.03337073819055239	-0.010408326661329063	-0.010408326661329063	-0.051433140112089694	-0.03337073819055239	4627529
2021-10-19	0.021999185919191016	0.0038763974767026146	0.0336945082928423	-0.009044763998217345	0.021999185919191016	3244648
2021-10-20	-0.009887470386464068	0.0009725029955181437	0.011832573631690014	-0.011216620704714823	-0.009887470386464068	2506315
2021-10-21	0.0012114333843604894	-0.0013751980293445379	0.010739306071603213	-0.013260486633532971	0.0012114333843604894	2369749
2021-10-22	0.07891037407961875	0.0006867163537707416	0.09774676451250579	0.00029430654158483344	0.07891037407961875	8935275
2021-10-25	-0.019368373388127892	0.00036371240079944667	0.006274178341524236	-0.0382214309624193	-0.019368373388127892	4528468
2021-10-26	-0.007819982715111298	-0.007325425794595204	0.01066365409904389	-0.011838120149099251	-0.007819982715111298	3151221
2021-10-27	-0.006604345794392577	-0.008411252336448646	0.007725890965732058	-0.01557632398753894	-0.006604345794392577	2233164
2021-10-28	-0.03314728686108737	-0.006240560614642419	0.015679879332666218	-0.040015083416722746	-0.03314728686108737	4493596
2021-10-29	0.0028542830453392736	0.005740939351567865	0.028185923441898866	-0.014109198625469178	0.0028542830453392736	3636151
2021-11-01	-0.004592687314643451	-0.011966790569120716	0.011610973759753016	-0.022930870837149467	-0.004592687314643451	3087625
2021-11-02	0.02355655281256159	0.0007473470715820522	0.03934761813309865	-0.008317893529248582	0.02355655281256159	5629387
2021-11-03	-0.04260041733415209	-3.167735492488726e-05	0.009142292872088136	-0.051139564353168694	-0.04260041733415209	6031552
2021-11-04	0.035643235365187625	0.008355401027412479	0.051326195928523985	0.0053381464455275725	0.035643235365187625	5664627
2021-11-05	0.004994390811697335	0.014887126334807857	0.033744225380293404	0.0014726812587287088	0.004994390811697335	3668917
2021-11-08	-0.022012691255293714	-0.0029308208985911687	-0.0029308208985911687	-0.034659631299931555	-0.022012691255293714	3375358
2021-11-09	0.004885993485342019	-0.003257328990228013	0.013941364820846824	-0.019543973941368076	0.004885993485342019	4063398
2021-11-10	-0.022722884927066523	-0.005510573743922253	-0.0029173225283630226	-0.04376012965964344	-0.022722884927066523	4894669
2021-11-11	0.005107993801054549	-0.004942087795352601	0.024909649570786823	-0.01595408524176857	0.005107993801054549	4701293
2021-11-12	-0.01508104153080888	-0.003399000110216729	0.014090977837478097	-0.017588974747018232	-0.01508104153080888	4733509
2021-11-15	0.013536182811182882	-0.00016748308486006538	0.014541302455510637	-0.013938226648274668	0.013536182811182882	4392913
2021-11-16	0.0012893057851239846	-0.003305785123966942	0.024793388429752067	-0.011504168595041291	0.0012893057851239846	5007012
2021-11-17	0.009475370127338192	0.005909663281571098	0.013569232382916269	-0.013503340478226133	0.009475370127338192	3419124
2021-11-18	-0.006246742338869019	0.0003924483126487349	0.010007839154636189	-0.007031740350872005	-0.006246742338869019	3040768
2021-11-19	-0.011485999444081013	-0.006088550151287499	0.009642892684359425	-0.015961842699453516	-0.011485999444081013	3952040
2021-11-22	0.08426564543875573	-0.001165185169389232	0.09035829123509913	-0.0011985118457107217	0.08426564543875573	11179015
2021-11-23	0.013295626944934648	0.0077992381816253354	0.020419423755788018	-0.009211778426772134	0.013295626944934648	5732307
2021-11-24	0.027000012121212166	0.0	0.0586969545454546	-0.0064242272727273245	0.027000012121212166	7722990
2021-11-25	0.1298869566564934	0.03145378676989411	0.13599479347325488	0.012628715439158231	0.1298869566564934	12506376
2021-11-26	-0.046770961604984576	-0.01707878233502597	-0.01684376287547691	-0.059645359249778165	-0.046770961604984576	7261334
2021-11-29	0.02772458031058676	-0.017040165435981164	0.03358722910925288	-0.023341157352344367	0.02772458031058676	6140949
2021-11-30	-0.0009064002409874097	0.00047979952231960694	0.024817392514099063	-0.010236250057195365	-0.0009064002409874097	4395974
2021-12-01	-0.015501596013925187	0.0004002774941391683	0.007924229175802495	-0.021718207739110092	-0.015501596013925187	3324006
2021-12-02	5.425621437601872e-05	-0.00799474533170935	0.017100729480493515	-0.008103173747341975	5.425621437601872e-05	2364486
2021-12-03	0.009782891797433881	0.008644757360376192	0.04333213074626343	0.0063412805522538125	0.009782891797433881	4234293
2021-12-06	-0.019751986202458067	-0.006279845503191641	0.0062798455031914885	-0.020315622085712366	-0.019751986202458067	2877822
2021-12-07	-0.020341736835631157	0.017713411878842053	0.021190356973378982	-0.03134756525906029	-0.020341736835631157	3541919
2021-12-08	0.015202756050738678	-0.007852885733693435	0.032613289617898854	-0.007852885733693435	0.015202756050738678	2826646
2021-12-09	-0.000467924698288253	-0.0022021857687781216	0.018498640690079046	-0.011781867838248625	-0.000467924698288253	2579737
2021-12-10	-2.756816258500007e-05	-0.0055632579637026796	0.03057010690327559	-0.017736166052280355	-2.756816258500007e-05	4533305
2021-12-13	0.0025062767083233405	0.02178524356809879	0.025035107274065573	-0.011236844983192438	0.0025062767083233405	3157186
2021-12-14	0.0026099230769231186	0.0	0.016153859890109843	-0.007692274725274684	0.0026099230769231186	2454916
2021-12-15	-0.021783838165759576	-0.0058912835437858	0.007809222924480872	-0.024852737914144888	-0.021783838165759576	2915318
2021-12-16	-0.04232488795518206	-0.0002801288515406375	0.0036414229691876326	-0.04753501680672276	-0.04232488795518206	4005646
2021-12-17	0.0032466142657017775	-0.0026616863905780195	0.03185230197494937	-0.005528137462569666	0.0032466142657017775	3040980
2021-12-20	-0.018367311953352724	-0.008717172011661741	0.0028862682215742784	-0.01982503790087459	-0.018367311953352724	2176597
2021-12-21	0.017225980972046966	0.005940005728303924	0.02762099099657883	-0.00041584198102139614	0.017225980972046966	1924723
2021-12-22	-0.021985398540145914	0.015474417518248131	0.018043775182481823	-0.02277368759124083	-0.021985398540145914	2803535
2021-12-23	0.008090252834312764	-0.002895784688492223	0.009045583159549786	-0.01480726926349444	0.008090252834312764	2291524
2021-12-24	0.014125856132672896	-0.002665227489506757	0.023424553316666173	-0.007699615179748026	0.014125856132672896	2282259
2021-12-27	0.011826508564993085	-2.923054358083217e-05	0.035479613299006084	-0.004234229666197281	0.011826508564993085	2156753
2021-12-28	-0.004126963924963996	0.004329004329004329	0.014603168831168852	-0.01529578066378062	-0.004126963924963996	1743368
2021-12-29	-0.03323963476199764	-0.005998803019701378	0.010809345710535804	-0.036688216139283185	-0.03323963476199764	3324518
2021-12-30	0.003956855444420992	0.0038369273890240135	0.013189430218415501	-0.006235062837498864	0.003956855444420992	2414592
2021-12-31	-0.0242446694279807	0.0002388241875531544	0.002627418386013265	-0.06252239695213434	-0.0242446694279807	4162934
