2019-07-24	0.023607153282897524	0.00773550200523481	0.04063346585198474	-0.01442294817063704	0.03152529291146081	21608530
2019-07-25	0.027938884211223165	-0.003951404462385445	0.06218626212325593	-0.009263690199881946	0.035890539359119136	24626920
2019-07-26	-0.08102560604310559	-0.008026497243068005	-0.008026497243068005	-0.09174601292020299	-0.0739168845571763	16831530
2019-07-29	0.04045758558272405	-0.0018244961153822102	0.05300489066632227	-0.003230348989149159	0.048506071493884445	15233656
2019-07-30	0.006972345984053166	0.005303339802721422	0.025571551753899625	-0.023072143416786716	0.01476178466470603	15434911
2019-07-31	0.028894823689288703	0.006125341286544876	0.05335871073509795	-0.0005839498646340924	0.03685381424745083	18836308
2019-08-01	0.03274245758482687	-0.008697056145944496	0.04986034575096404	-0.01404422311736411	0.040731164478359894	20986740
2019-08-02	0.05100249845133298	-0.014995481481195271	0.1256833563559197	-0.019794183558420827	0.059132460553662884	31803531
2019-08-05	0.021342458791708548	0.015305130071280862	0.032246956043127335	-0.04717514957907732	0.0292430947115555	24370858
2019-08-06	-0.08125150348582848	-0.011793352249177193	0.05820458334007815	-0.1317898384686825	-0.07414452126940704	28829476
2019-08-07	0.005463860157755462	0.027582938235696654	0.04358890300572308	-0.035416513489583815	0.013241555387437567	16459262
2019-08-08	-0.00808793994074904	0.00990048838301831	0.06835495278040427	-0.0062732519868072345	-0.00041507799965497373	15390115
2019-08-09	-0.04663013663102963	0.01274263439302618	0.01274263439302618	-0.040924510292119486	-0.039255372219202694	13224224
2019-08-12	-0.02044626937227623	0.003291334256271565	0.014064972877466516	-0.03428160300367925	-0.012869022673037418	9888454
2019-08-13	0.009413224430089847	0.0022361551527515676	0.023133204605336875	-0.005187829911318043	0.017221523742616325	8085744
2019-08-14	0.005676578626394282	0.019448587122534812	0.034702902505722895	0.007871709589993264	0.013455918136192404	8136375
2019-08-15	-0.0040317405358637065	-0.019486048458325408	0.007870777582347666	-0.024767822360779908	0.003672485109426544	6344409
2019-08-16	0.0009444782803855688	0.015214261733536122	0.026500381487203212	0.0017523255353842308	0.008687247530735676	5962029
2019-08-19	0.02129963966596749	0.013441137027732915	0.038709254706673295	-0.0012306789343946472	0.029199793920950515	9084341
2019-08-20	-0.010295740667337605	0.00693722578833642	0.016115412409247524	-0.00649740569995915	-0.0026399048546707038	5811733
2019-08-21	-0.057081989814883174	0.0038378484598415247	0.006391391998615613	-0.05744887647780305	-0.0497880442606329	10486912
2019-08-22	0.002121661047507546	0.008448230508316992	0.03410490669573277	-0.002099468059593871	0.009873570524633175	5919336
2019-08-23	-0.04954125987138119	0.00972678846208961	0.014420574474677745	-0.051860914860287106	-0.0421890433617147	10253197
2019-08-26	0.009801058286888618	-0.001093783600848052	0.02344861633905301	-0.001093783600848052	0.01761232532048438	4618014
2019-08-27	0.015588141010702614	0.016923672056979373	0.02996490991059953	0.005067916404846808	0.023444239115052903	5364052
2019-08-28	-0.015928116848993836	0.00394162348210028	0.016344956895009557	-0.013423092909364895	-0.008315861150443497	4318428
2019-08-29	0.040170699951475715	0.007883780399550714	0.057707091569227875	-0.006499745574964733	0.04821693988516804	8940314
2019-08-30	-0.019946262566596127	0.012154738159346914	0.012154738159346914	-0.013648051302046531	-0.012365081020777187	6456719
2019-09-02	0.013279387871673657	0.01820849154172025	0.02766331376913599	-0.004337597265638965	0.021117615022904043	5085739
2019-09-03	0.059686712244545276	0.0024241494895006458	0.08898603472326512	0.0008450623391380916	0.06788385138668353	11570311
2019-09-04	-0.006183694471951298	0.0024522556035962966	0.026158896783411073	-0.007707733473467179	0.001503989956403798	6592636
2019-09-05	0.006492771927370038	0.011961083170785437	0.03676939703106898	0.001465298968875047	0.014278425042286205	7574412
2019-09-06	-0.03104439806324664	0.012204540784361517	0.027372752620440293	-0.02801821247734035	-0.02354900563225352	6504305
2019-09-09	0.038696388799867525	0.016121672510624338	0.059170598407775006	0.009971899831867444	0.046731144131945304	8946474
2019-09-10	-0.0025371007845777435	0.008139095209939821	0.036128035283254534	-0.00450967326442503	0.005178715938636416	7503136
2019-09-11	-0.01967863221020737	0.002339349325299633	0.00773544231999327	-0.012904909499754954	-0.012095415956985456	4694050
2019-09-12	-0.031134964228008027	0.009799542122355766	0.016680160706479964	-0.027630926646619723	-0.023640264196487928	6051890
2019-09-16	0.0007047899597094943	0.008729788279084983	0.021086828131710995	0.0033325013419076097	0.008445761660832373	2701930
2019-09-17	-0.028309817186273567	0.007735519784445667	0.015967753825938784	-0.023348181677511834	-0.02079335923298779	3462527
2019-09-18	0.007392431358811628	0.007735447044983356	0.033735854930263	0.007735447044983356	0.015185035512341127	3110510
2019-09-19	0.011366791550943282	0.010055445022849125	0.03658997413454919	0.005125458347431243	0.019190269364778002	4044468
2019-09-20	0.005832966537574545	0.007878946374577141	0.018488169315283052	-0.003590557840614778	0.013613590955974171	3287438
2019-09-23	-0.004384675891509323	-0.002242033419333012	0.012011651817533659	-0.017921058672515866	0.0033168895693597967	3042553
2019-09-24	0.042903834145090865	0.007878690578931565	0.0668624270537082	0.007878690578931565	0.05097125859334675	8742349
2019-09-25	-0.04290964052808192	0.0007344896762846571	0.0075982377024937965	-0.03578070473313218	-0.03550609990209961	4817713
2019-09-26	-0.05038436228677062	0.012612011242575343	0.014333207880359095	-0.04619404171043658	-0.043038579084426674	4915553
2019-09-27	0.02368115030713591	0.010303174330632294	0.04171941972800563	0.010303174330632294	0.03159980369698778	2709350
2019-09-30	-0.07364574744651214	0.008473122073233025	0.010686333334149664	-0.08521820924500323	-0.06647993707953792	4878548
2019-10-08	-0.03319109933350885	0.007894756290470645	0.016017833876133262	-0.028420020459881602	-0.02571237040476913	2579943
2019-10-09	0.009645200164987221	-0.005773482638539237	0.01893803062517605	-0.006597183272987566	0.017455339829353194	1805609
2019-10-10	0.011981969300321709	0.01132529317215586	0.027152762447765537	0.006919697165673628	0.01981011331493618	1886487
2019-10-11	-0.01696002652037249	0.013217538885891222	0.013701235781961151	-0.009355751496950754	-0.009355751496950754	1677064
2019-10-14	0.02669277090846106	0.013640168887544598	0.04267162748952812	0.005931304062860076	0.03463470736798316	2746837
2019-10-15	-0.023145260795872973	0.0064573826404792445	0.0064573826404792445	-0.019103407824758865	-0.015588842669064311	1503903
2019-10-16	-0.025965542479034872	0.013950005952050058	0.018692691688761302	-0.018594551140604595	-0.01843097810899923	2119858
2019-10-17	-0.011662883657231274	0.00840703524911417	0.020495797095210187	-0.005696559414649691	-0.004017576839909591	2012873
2019-10-18	0.02663530613644512	0.015889807959619053	0.06566502874534999	0.012492166138893736	0.03457679550329787	3748827
2019-10-21	-0.03776687882779155	0.0004545565187252215	0.001116468251725782	-0.04687096580055425	-0.030323586160029857	2796823
2019-10-22	0.006825963276021359	0.0008567471182935245	0.022352810905266085	0.0008567471182935245	0.01461421074510493	1821221
2019-10-23	0.0532202852294406	0.007735445601484178	0.07400687842638594	0.0007325382676434138	0.061367450541369224	4533775
2019-10-24	-0.017541003434052526	-0.005076106734076563	0.010330229440971412	-0.010589947561103326	-0.009941244187803676	2464349
2019-10-25	-0.017526624313165595	0.0125224130353595	0.013842917893494466	-0.020160882779567225	-0.009926730781531525	1675257
2019-10-28	0.026175416402411895	0.025376704556489837	0.0415058988647569	0.021512430495990678	0.03411332417153158	3032434
2019-10-29	-0.019008935821872783	0.00806289867152149	0.02738260340487207	-0.014367589603890006	-0.011420516000497549	2939484
2019-10-30	-0.0064590701606013195	0.0008926085976390329	0.03961314908831729	-0.0034467956991960365	0.0012264230503777425	3357649
2019-10-31	-0.028338111411425265	0.004375762247949776	0.016302602436834963	-0.029053067693446972	-0.020821822936434562	2886407
2019-11-01	0.016469412833733477	0.0009930749952976109	0.036606937867203745	-0.004193486595337404	0.024332256386992573	2246059
2019-11-04	0.0420253063885682	0.02117193492331931	0.05246701035576161	0.02117193492331931	0.05008588032018195	3945106
2019-11-05	0.006802703988939805	-0.0027108149029742602	0.024710574345715823	-0.006791376350361811	0.014590798278440488	4187105
2019-11-06	-0.016570163890276546	0.010329385861425953	0.015192957835576172	-0.01269156579557746	-0.00896283106485311	2331354
2019-11-07	0.04662191912237701	0.0022953883580652348	0.06493883467564263	0.0022953883580652348	0.05471809213597209	5461420
2019-11-08	0.04720232897477478	0.007735527859366791	0.11043067699414445	0.0006476567235080348	0.055302912888052176	10201948
2019-11-11	0.009402923813560247	0.0065321562441778775	0.05586605589475372	-0.029866616586726936	0.017211128834721083	6583904
2019-11-12	-0.024988756291213127	-0.0031419801590093425	0.03381172434036511	-0.017893660524079303	-0.01744666880531678	3998358
2019-11-13	0.07370321775064227	0.008805167894303469	0.09117843997737804	0.00559583491393737	0.08200888879434048	8068471
2019-11-14	-0.011299476201009555	0.004888755466733818	0.04175371254809054	-0.013614791199980991	-0.0036513473743813997	6051381
2019-11-15	0.0011430456264212236	0.005144216384774789	0.03652798023064726	0.002408891026055991	0.008887262883607134	4735426
2019-11-18	-0.010274025788246651	-0.006213030650742275	0.013774856393399166	-0.02433160313840539	-0.002618084351474902	3277979
2019-11-19	0.007641194357652309	0.007735415292974568	0.031417734786039535	-0.00984472927433996	0.015435786500213336	4700207
2019-11-20	-0.034196550323418354	-0.005097304655758175	0.0003818263518176061	-0.04013518218744679	-0.02672562411976343	6691639
2019-11-21	-0.013333295512150989	0.00027074492476435077	0.01788745356672299	-0.009881256665516942	-0.005701050575405742	2478670
2019-11-22	0.009759781297810818	0.007735383085321532	0.03648462183654308	-0.016474446432477367	0.017570668883321493	3898883
2019-11-25	-0.052788176807826395	-0.0011056468126761124	0.013579492894963477	-0.05370272102641623	-0.045461033921826884	3809554
2019-11-26	0.00439554594844228	0.011057674061425259	0.026719528535469435	0.007735485037873054	0.012165075675950375	2001621
2019-11-27	0.03282289749008003	0.01261828843098196	0.06239072102075189	-0.005022643335336867	0.04081221782460159	4276271
2019-11-28	-0.009987957043570741	0.003465371425751594	0.03076318158838169	-0.00751481152183768	-0.0023297933323509204	2689545
2019-11-29	0.00015290098031761097	0.008967782672837502	0.016669826815378246	-0.012752043425480548	0.007889496492881903	2216339
2019-12-02	0.006571873413092098	0.00727339156348803	0.034688446114040365	0.002960921628634072	0.014358173500433677	2438658
2019-12-03	-0.010628594647887343	0.00222702495533045	0.007123401260455624	-0.031435577443581796	-0.002975313664161334	2599181
2019-12-04	0.0451196220317813	0.003250472611835473	0.08351661560250342	-0.0010799905004387766	0.05320413162868288	5644483
2019-12-05	0.020411098379181074	0.004923979229402065	0.0432504250135642	-0.0009952017139493723	0.02830453826513087	5004816
2019-12-06	0.006907622058582055	0.012231203864356383	0.025282808032492162	0.000919651164259488	0.014696494305597843	2617703
2019-12-09	0.0275832322561404	0.01234420445625305	0.05281488502274576	0.012200151723447263	0.03553207126989513	5330164
2019-12-10	0.024339431870714096	0.0025495846833520335	0.05272614792174328	-0.017493011831248538	0.03226310568001047	6395098
2019-12-11	-0.015478705840102287	-0.00649468685379324	0.02456512661213197	-0.024829641753975146	-0.007862949303057004	3979363
2019-12-12	-0.005240655247916182	0.0035660854808445375	0.031222843971794104	-0.0010202435584460306	0.0024542270805884767	3381237
2019-12-13	-0.007347946508121791	0.022684498298627304	0.024081692152840988	-0.015037430533593757	0.00033075182793684333	2805456
2019-12-16	0.04189958998814704	0.0023872636298873065	0.05094431226516226	-5.3764662922217916e-06	0.049959095928896	3744611
2019-12-17	0.00026806302593480316	0.015570363322526502	0.05204332068166095	0.002331975416605025	0.008005633916440644	3890416
2019-12-18	0.011391151518184688	0.007465331813780197	0.037851351349343795	0.0061148690664391886	0.019214633215557463	3863381
2019-12-19	-0.015502940859380908	0.007334796496878645	0.008135937423680488	-0.024578367507183105	-0.00788737516573144	2772514
2019-12-20	-0.017496579531593795	-0.005149487449204361	0.021162891985353847	-0.009896531746216512	-0.009896531746216512	2162042
2019-12-23	-0.05986311281372677	0.0031798469045634823	0.0031798469045634823	-0.05507555523700689	-0.052590728246330105	3849625
2019-12-24	0.010053963993579905	0.01316842906091264	0.030495077557896464	0.010525380985101465	0.017867181195687788	2324399
2019-12-25	0.06015571489722138	0.0078808488034121	0.07286322688025265	0.007444740095622896	0.06835654732565946	3996597
2019-12-26	0.018914080981950326	0.0010163744338771575	0.04736476268781393	-0.007485449609932762	0.02679593307615892	4150634
2019-12-27	-0.019898376972402244	0.009350542679337995	0.025365598205864724	-0.0174308648037393	-0.012316862428185655	2554624
2019-12-30	-0.027796773799284642	0.003753364856682432	0.0066369245336594	-0.028926936955347888	-0.020276299118126354	3059032
2019-12-31	0.0036441044216256433	0.0090066980444579	0.021011942449841427	-0.0011624762453009145	0.011407735626467623	1674325
2020-01-02	0.036866370341883406	0.0227930587082373	0.05825584681453299	0.0070317726413776805	0.044886964902127305	3327088
2020-01-03	0.00848468433532907	0.017235912992137573	0.04478754860847412	0.007871166869665998	0.01628585939961451	3693728
2020-01-06	-0.0396632908870476	-0.001415903483263368	0.018367380611259036	-0.03842542338150576	-0.03223464584702178	5689498
2020-01-07	-0.04742041808701061	-0.004316459634801791	0.0018495609259993326	-0.05798950382828053	-0.04005179964572171	12717852
2020-01-08	0.004963339761753878	0.01273727572185864	0.01273727572185864	0.01273727572185864	0.01273727572185864	5621765
2020-01-09	0.018013039636082646	0.02471661864478613	0.031304038705361754	0.01476222863509382	0.025887752629426317	5564708
2020-01-10	-0.010416874574394358	0.008741960333995246	0.020820922380392824	-0.005781665854400495	-0.0027619253428011526	3678381
2020-01-13	0.08334538329312788	0.09172558722828948	0.09172558722828948	0.09172558722828948	0.09172558722828948	10084955
2020-01-14	0.042193549846109416	0.05025548771549203	0.05025548771549203	0.05025548771549203	0.05025548771549203	14967721
2020-01-15	0.003959190753121951	-0.002431911603860768	0.029100003772251234	-0.031132463434934803	0.011725279356702768	8206121
2020-01-16	0.03447393620005204	0.004658824696130691	0.07170438331205473	-8.44031319202966e-05	0.042476106888618394	11736554
2020-01-17	0.06652735908934415	0.011205295027950472	0.09534849518397355	-0.0073830380568361935	0.07477745613903111	11986658
2020-01-20	-0.03735736746922408	0.00831639104991963	0.00831639104991963	-0.049547306253914576	-0.029910872986700494	11281718
2020-01-21	-0.03665104666590247	0.010149546426690637	0.03320345426477129	-0.02980265777352054	-0.02919911485844237	7590866
2020-01-22	0.16871814272365532	-0.010181523436884256	0.20657623117067694	-0.03774605101895288	0.17775869363206176	17388469
2020-01-23	0.02787237566661964	-0.02442632783885245	0.09328578037049275	-0.034074880103603856	0.03582341902122076	17136583
2020-02-03	-0.1999586100477207	-0.14474949931862613	-0.10459446618298848	-0.19376992355583286	-0.19376992355583286	14372923
2020-02-04	0.13893914167172122	0.05075643905778064	0.16912952596725592	0.04436850462049942	0.1477493826414667	13225221
2020-02-05	-0.010336213586442173	0.0071631288501397845	0.07137707681328537	-0.021338226230134115	-0.002680732016571975	13101090
2020-02-06	0.03810392043911686	-0.00533397750680755	0.06984426837930584	-0.01689986148928653	0.04613417151757193	10689446
2020-02-07	0.20000011809835974	0.005507260754003253	0.20928264917170944	-0.013990109953138085	0.20928264917170944	17285179
2020-02-10	0.00976592563883661	0.07514064960831975	0.10355108270235128	-0.024017397372187346	0.017576942953883515	15629908
2020-02-11	0.0036496759091397147	-0.006975975383596404	0.052973225185171016	-0.021687424025616735	0.011413358405596255	10225944
2020-02-12	0.05500002968238964	-0.0014257807604466722	0.09797356127258741	-0.010587012129616886	0.06316092787589749	11543728
2020-02-13	-0.0021542786922051967	-0.0021638827885172014	0.10021607045794302	-0.017794445332828177	0.005564540460707519	11771348
2020-02-14	-0.057340208444596766	0.0007735544456929043	0.03358149616690684	-0.08625023289741082	-0.05004830255316473	13783926
2020-02-17	0.019604248193786977	0.006258345308961549	0.045031574955957866	-0.0026964400232222514	0.027491347262958352	6988883
2020-02-18	0.018688159179388625	0.008007069105551726	0.05626611516527188	0.008007069105551726	0.026568188431059736	8085315
2020-02-19	-0.004409958246971098	0.006935571998150397	0.062130812884174734	-0.02532829130207654	0.003291405623206766	9964076
2020-02-20	-0.05200208021319291	0.007021331059155471	0.024429917249541973	-0.08386055615304797	-0.044668867157008095	12394016
2020-02-21	-0.014764967717857172	-0.005448627184336731	0.035798716703847586	-0.01524253318268689	-0.007143734086742521	8981003
2020-02-24	0.03860380915778896	0.015382145363338753	0.05619621476099305	-0.015778051672980405	0.04663787797582569	9397703
2020-02-25	0.01278536514120676	-0.024475271230386075	0.045467992803572485	-0.031837749622743446	0.020619758222638136	10788641
2020-02-26	-0.10820561921841867	-0.00952960643677086	-0.0013513923528470616	-0.11375617895640965	-0.10130712014363165	11874206
2020-02-27	-0.08392317362790631	-0.002453912378223138	0.01690603170050596	-0.08295049998099166	-0.07683685702640938	12308582
2020-02-28	-0.023178784706770247	-0.05455276168975708	-0.009060109655640147	-0.0668992014541289	-0.015622581288747082	12143927
2020-03-02	0.03152545090669606	0.023677104327941643	0.06375874206278778	-0.00023525215244608609	0.03950480310083753	8365586
2020-03-03	0.005805677890099427	0.029923572939654336	0.0811437679541864	0.003871905373672009	0.013586060306118643	9125471
2020-03-04	-0.047048526414056185	-0.018934078614188384	0.004223434511972194	-0.06645635703670515	-0.03967704349948014	7235438
2020-03-05	0.030285662702822905	0.039752605675570596	0.07107879263299573	0.023859212980977484	0.038255433312066135	7260845
2020-03-06	-0.02595680654608873	-0.00232511346106551	0.006058709114891922	-0.0313890093675244	-0.01842207516376406	5239308
2020-03-09	-0.08655045914685308	-0.019119030495287122	-0.0015602743831718917	-0.08166501323517918	-0.07948448973234422	6782396
2020-03-10	0.07318292984777701	0.003589427931264228	0.0814845168747574	0.003589427931264228	0.0814845168747574	8362502
2020-03-11	-0.04391263453364939	0.009140258946101897	0.02611541523494895	-0.040028954599843444	-0.036516830288463115	7752851
2020-03-12	0.008262463388621959	-0.01932529258398917	0.03075541257711886	-0.02312110020614009	0.016061858255114636	5486808
2020-03-13	0.04314285700406497	-0.04059893829520991	0.08035844923869696	-0.05274325553197941	0.05121207572613291	11076016
2020-03-16	-0.041127495376536	0.02566423868690567	0.03916905873847668	-0.035340047984323	-0.033710173171477585	8951335
2020-03-17	0.047590331494580265	0.019876853512355647	0.06528563199309972	-0.013390533855146108	0.05569392087224713	8230022
2020-03-18	-0.029327200552992455	0.030103823296299483	0.04725681418685734	-0.0220503999406044	-0.021818545443747926	7162631
2020-03-19	0.024763069923375017	0.016093464171469087	0.04057049959895958	-0.00886107549543564	0.03269005580944236	5206086
2020-03-20	-0.00705283157700676	0.02358142912617151	0.027659431229401243	-0.015217970534276697	0.0006280257696912626	4037810
2020-03-23	-0.1150442546412301	-0.02253882236866187	-0.014676913479047133	-0.12709083544049735	-0.10819871759210267	7448658
2020-03-24	0.0026315685489901085	0.039293448560634256	0.05414432665225057	-0.059888869585745665	0.010387352559352324	6057564
2020-03-25	0.04422571412406859	0.05798999199657019	0.07121486689652733	0.043574931255116536	0.05230329578958854	5431539
2020-03-26	-0.024632388369929797	0.004442610135944334	0.013054651393245199	-0.028612443236991345	-0.017087455013007898	3181061
2020-03-27	0.0030923104772065586	0.025913941468942842	0.03617179514770126	0.007605591582722413	0.010851743701124279	2762335
2020-03-30	-0.011303698987465914	-0.018800811278239477	0.004111056158493204	-0.055175145277990036	-0.003655678785222622	3244753
2020-03-31	0.03663767084778466	0.03549165163126347	0.057749093460333877	0.0290763163932137	0.04465651912727583	4565830
2020-04-01	0.04674764536725624	-0.0022421513336460222	0.09437619724626924	-0.00464184736861199	0.05484471553595369	7420634
2020-04-02	0.06992340184667774	0.0032711707013551227	0.08543922239500044	0.0032711707013551227	0.07819976741725466	7373439
2020-04-03	-0.03155768262118134	0.003675651950770512	0.014727395208508798	-0.028351705766505666	-0.02406638288207488	3959921
2020-04-07	0.012364088907694495	0.0396419630475983	0.06526042746170028	0.016585433574895326	0.0201952782531062	4554847
2020-04-08	-0.0012554537460087959	0.007850594539810176	0.022343697239391228	-0.006872708037172348	0.00647025796419333	2857066
2020-04-09	-0.013371416749087891	0.012342236716106562	0.015221480782324293	-0.010346229559641611	-0.005739416019740869	2075267
2020-04-10	-0.07506082132035219	0.0077354344470741	0.013805379805939572	-0.07164141970203616	-0.06790605165133665	5368081
2020-04-13	0.0031308326552416943	-0.0029918825365925156	0.01720066169030896	-0.012457149474536258	0.010890483731679796	2236719
2020-04-14	0.043445664678026685	0.013396930792578572	0.05164298245108588	0.013396930792578572	0.05151724826673896	2547769
2020-04-15	0.007777082255149063	0.007373807204045246	0.048850297155971105	-0.0017896407999325491	0.0155726601579912	3474582
2020-04-16	0.0053424571491126095	0.0027104408827344885	0.02029766658351629	-0.018824875020114616	0.013119223961202938	2064700
2020-04-17	0.039206454276545274	0.023444117707926503	0.07295029937585029	0.023444117707926503	0.0472451437011341	6039905
2020-04-20	0.0038635086971974676	0.010598296063708686	0.0238821268379533	-0.004861258366766259	0.011628888746457115	1820014
2020-04-21	-0.016300493094558985	0.0004347271188134975	0.0015755421557883751	-0.02466166368673242	-0.008691188581290926	2305957
2020-04-22	0.031185223431283052	-0.002701472972815654	0.05029450689362883	-0.013718107958632401	0.03916188376981992	3193196
2020-04-23	0.026559468029056794	0.028989964817539814	0.05249362504167968	0.025278830977433685	0.0345003803889132	3415106
2020-04-24	-0.00956626786494323	0.006749571049651496	0.02833061151271243	-0.02184256529425368	-0.0019047613831029617	2862092
2020-04-27	0.009768442159604977	0.004306728139232431	0.031958344189818695	-0.019916109642374055	0.017579470661574535	2702025
2020-04-28	0.027173937331998452	0.0066401223303224986	0.06250369685564622	-0.1478062803826766	0.03511958095730482	6616958
2020-04-29	-0.024021117783990437	0.004642909106358036	0.013280620132024634	-0.025215865462605208	-0.016471505102041994	2466824
2020-04-30	0.06505473364607328	0.023360088746272597	0.0921959115837462	0.023360088746272597	0.07329340480944907	4760359
2020-05-06	0.07400989226238422	0.0033241008710833356	0.10796523077894994	-0.0038572065490224397	0.08231788747388165	5726224
2020-05-07	-0.03327012459718036	0.0010491242874093045	0.01776511586522411	-0.037158856461881676	-0.025792029948943584	4112439
2020-05-08	-0.006177115116857171	0.02364342665038913	0.04735719420517024	-0.0019476199869940137	0.0015106250188042134	3399146
2020-05-11	-0.002565022926032581	0.016385206780695914	0.04342777337567344	0.004255783595042165	0.005150536606733212	2966420
2020-05-12	0.023738857496363334	0.019297983795534632	0.04541333260077311	-0.003229059397500664	0.03165792352358681	2975083
2020-05-13	-0.0049275633926929956	-0.0025853136162251574	0.022340297009134688	-0.0025853136162251574	0.002769763278954166	2254254
2020-05-14	-0.009321352445766784	0.012725705737722285	0.027402889878848695	-0.002049345867257156	-0.001657944505370988	2256960
2020-05-15	0.029893250061436488	0.013365310902705733	0.055638240745241145	-0.0036228897025024766	0.037859950995193334	3948937
2020-05-18	-0.07080325443308895	0.029505118558569302	0.035355134054851314	-0.07406870854953135	-0.06361545766816323	5668705
2020-05-19	0.0615527303021639	0.017127581637180773	0.07440868585438146	0.017127581637180773	0.06976430909848827	4532238
2020-05-20	-0.03743377846298387	0.006277049286127646	0.02863879065993678	-0.040779732292970515	-0.029987843589895546	3662362
2020-05-21	-0.077879058605119	0.006927507584278146	0.011977800930567165	-0.07397821202444534	-0.07074602428282042	4944102
2020-05-22	-0.0003260900521174404	0.006968709813809944	0.03391466890413148	-0.01636252407063788	0.007406866621829651	3098330
2020-05-25	-0.04784169623015783	0.005872773753251949	0.012994900619663527	-0.04135289664504192	-0.04047629717863666	4322498
2020-05-26	0.06646117317302991	0.019588458184743147	0.07563133586206625	0.01613618452314411	0.074710691193071	3736280
2020-05-27	-0.026127097417467396	0.0013689943840681942	0.014101918685516687	-0.024096865009442733	-0.01859370591697059	2411791
2020-05-28	-0.030456260765568306	0.008621928143437466	0.01504841108305656	-0.03603088308856231	-0.022956359433901355	3215127
2020-05-29	0.007824955270166373	0.005564121599321309	0.04339140135803167	0.005221288109498275	0.015620963001090721	2443598
2020-06-01	0.06897717222381307	0.02769281266344384	0.08733825488932563	0.022476684650856928	0.07724617052593703	3648549
2020-06-02	-0.011684204357076705	0.00773543020092918	0.01187243872769692	-0.019738577517793822	-0.004039173328107225	3677447
2020-06-03	-0.024390331338341335	0.014497276012475191	0.01481933490191877	-0.017702173042071705	-0.01684351033413415	4285087
2020-06-04	-0.015174626592736497	0.011916109406896311	0.014556442463043703	-0.009866852835168187	-0.0075565531599297	2778935
2020-06-05	0.019066676765246187	0.007735456090504716	0.029965713981863214	0.007735456090504716	0.026949578819972154	2533982
2020-06-08	-0.012727063572571438	0.01573770737639311	0.023849555418004636	-0.007940227181907138	-0.005090088783539737	2315415
2020-06-09	0.002313727616804375	0.005958851796320609	0.0237241188211086	-0.005921666848538599	0.010067105673337151	2671431
2020-06-10	-0.027151840910151832	0.008067799228254369	0.008067799228254369	-0.021398842290628644	-0.01962637108021416	3554811
2020-06-11	0.014463259062391726	0.008988066965515858	0.030509186659180697	-0.0008046284050485493	0.022310649146431605	3974584
2020-06-12	-0.017598577703322866	-0.021448176779932666	0.0032456873566660337	-0.021448176779932666	-0.009999221468749039	2546756
2020-06-15	-0.04421760670719521	-3.38996746042349e-05	0.00419358512584196	-0.037167011391433205	-0.03682417565291776	4229143
2020-06-16	0.01470939898467133	0.015983783851244042	0.037381736926587264	0.014788380100306933	0.022558606091733324	2708584
2020-06-17	-0.0019873498928978314	0.01551074914631116	0.021990261652126242	-0.004163276132980135	0.00573269974885071	2410718
2020-06-18	0.033735432383464	0.013519519204099408	0.0481061970131064	0.01222103144107263	0.04173184868425259	3966978
2020-06-19	0.010991510516772848	0.01618556747884548	0.027147890779427194	-0.006424202204100734	0.018811994429398203	2863663
2020-06-22	0.05570504484767242	0.025920340489433428	0.08747778466857593	0.025920340489433428	0.06387137283714284	6079568
2020-06-23	0.031001135748506704	-0.0007167556847205425	0.038976389473096895	-0.0007167556847205425	0.038976389473096895	5294356
2020-06-24	0.09236948041219059	0.011782565996397614	0.1620452797499928	-0.003575805624344569	0.1008194525585947	9737478
2020-06-29	-0.051847703056695005	-0.011739101324187939	-0.0017643159895049275	-0.06427281115740965	-0.04451327385541007	5920317
2020-06-30	0.010936605062414988	0.012043771508434602	0.04129994149363164	-0.0030853056998331433	0.018756644386341434	4837802
2020-07-01	-0.016227404818208196	0.003969345813791955	0.025773190665428346	-0.045584914604827775	-0.008617475975945792	5265185
2020-07-02	0.011796408502530938	0.004410905380147729	0.022544733838708125	-0.002842553468083469	0.019623167381979424	4087130
2020-07-03	0.005829552325469478	0.025857023747290982	0.03402165290171571	-0.014269180464790612	0.013610104907846242	4455488
2020-07-06	0.12798024141658376	0.02951360095367799	0.17800113955276617	0.029315647266386892	0.13335586648230185	10417540
2020-07-07	-0.03589834252708455	0.01810528337043828	0.07067358356905701	-0.032532346628641996	-0.031303713587444555	8805188
2020-07-08	0.02355507509422318	0.0020349191503569782	0.05018867667245724	-0.009616640362491933	0.028433013397947543	5609363
2020-07-09	0.029385731384999846	-0.003949783772616688	0.05456818421735302	-0.008396436523631791	0.03429145656602975	5703622
2020-07-10	0.007738518472435115	-0.010958079647644042	0.03310300239788221	-0.02374446129411591	0.012541116881088457	5192380
2020-07-13	0.003071668328816738	-0.0012354160652646334	0.008623650621895145	-0.029698063435765188	0.007852038539384678	5465307
2020-07-14	-0.027050018702181128	-0.0017298192765214885	-0.0010461238759589288	-0.05984831284993518	-0.022413207674824038	7661047
2020-07-15	-0.07676162610733848	0.004063020404729816	0.010212111250285138	-0.07763242016278314	-0.07236176584690533	6003152
2020-07-16	-0.08285983036072554	-0.010458021968954708	-0.010362854672182915	-0.0979943991733747	-0.0784890519882425	5710693
2020-07-17	-0.022199345863824754	0.02696698754950604	0.02696698754950604	-0.035175959473157464	-0.017539422113764913	3669623
2020-07-20	0.010982100273202912	-0.0026612393330374957	0.02121123100207597	-0.04510118659546143	0.015800116506143283	3695336
2020-07-21	0.0216210487226777	-0.004259801471562916	0.0463248097074094	-0.014754534081308224	0.026489775569723345	3651903
2020-07-22	-0.04764335803691389	-0.000165132489108942	0.003122108351628866	-0.04628929217147595	-0.043104715971245496	10403835
2020-07-23	-0.052388654839670465	0.001529692368148279	0.002931995765681127	-0.05078497763244918	-0.047872645718879	9621169
2020-07-24	-0.06287524903152857	-0.0020640325906975325	0.009091223051089751	-0.058750667007575884	-0.05840919236665823	10936512
2020-07-27	0.022727211994336933	0.00889550451408468	0.03731856703504674	-0.027665662079127396	0.027601248727462783	7944397
2020-07-28	0.004728218584769659	0.013910815519426474	0.027450200258364973	0.0060721699721598965	0.009516414321213662	4709536
2020-07-29	0.045882328465224026	0.009375752096650453	0.05500394577386105	-0.002563251771579142	0.05086669903982229	8435563
2020-07-30	-0.012711009270743609	0.005895906274914257	0.015502754685496998	-0.01614335214697743	-0.008005835100432481	4486088
2020-07-31	0.007063994582667472	-0.0017594448298698857	0.022051821485139143	-0.008628061291651641	0.011863356752721592	6117952
2020-08-03	0.03020700390244447	0.015792111462676065	0.06853690027925977	0.015792111462676065	0.03511668087612326	12228127
2020-08-04	-0.03250604751793839	0.009510384694193595	0.010282772151548079	-0.03319155242044716	-0.027895236454834268	6476824
2020-08-05	0.021679982245869076	0.07205426090874227	0.07205426090874227	0.016968896820468437	0.02654900179260014	9434844
2020-08-06	-0.011998717257710623	0.006775007368579321	0.015816871481394483	-0.0221367482402592	-0.007290171639116284	7255613
2020-08-07	-0.00922071689769195	-0.005741773467889347	-0.0006575323410170016	-0.05771433998528998	-0.004498939386335306	7296584
2020-08-10	0.010327933245058487	-0.013365949731951317	0.02973949131212923	-0.013365949731951317	0.015142894595333179	6531657
2020-08-11	-0.02718483987005412	0.004991525576102901	0.008377559148982111	-0.0233387833956936	-0.02254870701419404	4500359
2020-08-12	-0.010854474688704398	0.004533686203338088	0.012887408100920168	-0.030273440026689195	-0.006140475969119372	3863727
2020-08-13	0.02965203578007422	0.010982443133147989	0.04394286287231045	0.006407873778346399	0.0345590716124628	4419639
2020-08-14	0.00839009025735608	0.004879664263332212	0.019575229238674368	0.0013482088182115758	0.01319578690098507	4571246
2020-08-17	0.011918120746988016	0.03515490325995287	0.044192631680621444	0.011543971490592584	0.016740634547829956	11202253
2020-08-18	-0.031555482269681	-0.01186871686505955	-0.011757132050329378	-0.0398905385901485	-0.026940180268366247	6455107
2020-08-19	-0.01055535354314814	0.005226718000246189	0.014449016368907311	-0.011719122538028757	-0.005839987014130298	3819991
2020-08-20	-0.013102988157326296	-0.007584163457296149	0.008959960786176014	-0.009098733561816516	-0.008399708375612215	2380995
2020-08-21	0.013981921111571345	0.016217067360527422	0.0294391631773753	0.010550382348120982	0.018814288153301034	2540625
2020-08-24	0.0011587405109455935	0.012915593592230785	0.02222979489821434	-0.0103698223524182	0.005929992094252041	3236016
2020-08-25	-0.027777794575558287	0.0082544410062747	0.010464018479502079	-0.02535402989429172	-0.023144452421064343	3610150
2020-08-26	-0.03202378548404912	0.010746471795065835	0.019239122495989164	-0.02896569727427868	-0.027410726625279852	4795898
2020-08-27	0.02275242557124865	0.007113570615633903	0.036523721250290346	-0.011051557677845223	0.027626608108593846	4967860
2020-08-28	0.0	0.0013826160841482978	0.010081898312201458	-0.012270368869835742	0.004765750161504404	2667246
2020-08-31	-0.0076960872277751	0.010202757755628889	0.020956010159007703	-0.004658543739277783	-0.0029670189887184735	4076169
2020-09-01	0.00012123670498044444	0.004765745834705929	0.013654282376419196	-0.007410281581227034	0.004887530460920091	2301548
2020-09-02	0.00424091976301018	0.010487767315103626	0.01170519810734429	0.0007480896607013533	0.009026784621837225	2410972
2020-09-03	0.002654433838355455	0.0037958757884117285	0.012888229406337428	-0.01075195061596023	0.007432756619891168	2484415
2020-09-04	0.00709990897983527	-0.010952623193554265	0.027255025215931167	-0.010952623193554265	0.011899436519900863	6731327
2020-09-07	-0.047675968847005694	0.0035650392116134684	0.0035650392116134684	-0.050701143107337025	-0.043137523125728196	6069180
2020-09-08	-0.02421589951314385	0.00829564558502665	0.008421651018880233	-0.024986518238022802	-0.019565561503409885	4158037
2020-09-09	-0.058891471122453916	-0.0051823925086978175	-0.0051823925086978175	-0.0591867769153686	-0.054406458676316515	5099010
2020-09-10	0.0028691900428892184	0.02920182002196868	0.04814667002970524	0.0032555697259375503	0.0076485879734234695	5675574
2020-09-11	0.016212442073854434	0.005039447525611957	0.026667946305594967	-0.003995175646253567	0.021055440110167235	2976006
2020-09-14	0.05979370766873526	0.03157214149656298	0.07710244513303928	0.030494473276287914	0.0648443294637122	8049770
2020-09-15	0.0337760513293004	0.016586437095240117	0.0585310613792446	-0.006928078253612899	0.03870269492249781	8063141
2020-09-16	-0.028512057747418967	0.008085351277671057	0.008208328103252628	-0.040972565950564574	-0.023882217562086572	4997252
2020-09-17	0.020279637732025027	-0.0001701356059119612	0.040582436079895944	-0.004852921040284148	0.025142012859761153	7469997
2020-09-18	0.0025926304998720624	0.00972755876524311	0.016053886305448718	-0.00912736629926685	0.007370663671455804	5443187
2020-09-21	0.010959171523735278	0.008353696922828632	0.02443790343891172	0.0010540079931393002	0.01577713497738449	4924463
2020-09-22	-0.02521314649226544	-0.002577230292079579	0.0010943012806896117	-0.02546291828744298	-0.0205675673337165	3875620
2020-09-23	0.0421092517720499	0.01819943014477535	0.0789650212203564	0.011921998238150796	0.047075667134703576	9722464
2020-09-24	-0.03165460154684521	0.005368051161127838	0.005368051161127838	-0.027642213050689785	-0.02703979938418943	6948812
2020-09-25	-0.03033686783324564	0.011484013334021301	0.013972251473628263	-0.02683545369031349	-0.025715767055762954	4710382
2020-09-28	-0.03332914713033995	0.007203519571978746	0.01297725921779821	-0.032186477945039954	-0.028722249554290084	5305651
2020-09-29	0.059313195207991914	0.017507904268040643	0.07511265256014454	0.016711444887429216	0.06436155258053461	6082123
2020-09-30	-0.0026188185203759903	0.002384999689386014	0.020929159773077098	-0.010019489622145146	0.0021344410289011106	5239398
2020-10-09	0.03425857832537474	0.030142380626629894	0.05011704239037158	0.022479113769012557	0.03918754579972197	5817360
2020-10-12	0.020551211639073662	0.0040369425329900115	0.03610392046647952	0.0040369425329900115	0.02541486304018492	8144169
2020-10-13	-0.02025586058298203	0.00476571028052567	0.0069080679224967955	-0.023680026508105256	-0.015586675416214089	6203095
2020-10-14	-0.013541256062365914	0.005859092557692648	0.005859092557692648	-0.020866691895749835	-0.008840140520939734	5802452
2020-10-15	-0.01752657915603658	0.009198993864894894	0.017696240352466724	-0.015184289163858803	-0.012844437504909798	5080527
2020-10-16	0.010728430003584912	0.010531525524004855	0.020183041321236814	-0.003131130937906473	0.015545250802834918	4340922
2020-10-19	-0.0011107857520994836	0.015554981395836191	0.01629904377851836	-0.007759713214909022	0.0036495988278742895	3028215
2020-10-20	0.010626430616299065	-0.0052906319797337	0.017925811792130125	-0.011746620815847151	0.015442800284055848	3657021
2020-10-21	-0.04511556531719755	0.0059941725554098655	0.0059941725554098655	-0.04179330299757402	-0.04056485744261443	5551951
2020-10-22	-0.01382839406490416	0.004122524247885562	0.017630834168740454	-0.010286446877012427	-0.009128624822672037	3704308
2020-10-23	-0.04713064769451932	0.0045047996152512045	0.0045047996152512045	-0.047285915436402606	-0.042589529360279356	6636166
2020-10-26	0.009674364855317884	0.0006584576707553593	0.022016143856935008	-0.019740764961744307	0.014486164592019636	3636779
2020-10-27	0.0058030034088133575	-0.0020141010258712877	0.013172682006496704	-0.007302328107263522	0.010596332523757926	2308343
2020-10-28	0.015430049016334027	0.005170101182183041	0.020269250241498483	-0.021522935741722427	0.020269250241498483	4538928
2020-10-29	-0.012288610706343722	-0.01660950136844231	0.015652398343650196	-0.01660950136844231	-0.007581480049831996	3769430
2020-10-30	-0.08160534916555519	-0.03219892978944656	-0.029241746411010603	-0.11069829616202087	-0.07722853603393562	14398544
2020-11-02	0.02053896217173525	0.000667638628064024	0.036086880662390755	-0.032848959186417705	0.025402511112174217	7043679
2020-11-03	0.0682271761183457	0.008207699496867128	0.08708596565046557	0.006056459714811461	0.07331802244040776	8631205
2020-11-04	-0.004543007256640035	0.011612737234437065	0.020205068608222108	-0.0038266216283507357	0.00020107397966436546	4160163
2020-11-05	0.006040300924234766	0.024051839330218153	0.03295306569332337	0.006114383852635164	0.010834746287953665	3137902
2020-11-06	0.000400324393868	0.014820019249407153	0.014820019249407153	-0.00662926846957425	0.005167914178128783	3268134
2020-11-09	0.05668179403116395	0.013207937830815909	0.09763080469412884	0.013207937830815909	0.06171758884065294	13410882
2020-11-10	-0.01590312045482405	-0.0006874331757301356	0.010725958702775686	-0.015905453874942067	-0.011213212331973125	4557234
2020-11-11	-0.053482129719747265	-0.002064170416507488	0.00012653320838852076	-0.05605891491336971	-0.04897126401069523	6515011
2020-11-12	0.016260117994075392	0.02001415684929109	0.046290550005616646	0.012526133608869543	0.021103360997110875	4255360
2020-11-13	0.027066661143580934	-0.008631125360148326	0.036918282160300936	-0.014927670798656452	0.031961397596471666	4238532
2020-11-16	-0.0050629080801076806	0.043505913776280235	0.043505913776280235	-0.011408571892372543	-0.00032134764614741843	4665064
2020-11-17	0.00848125036274295	0.020366865601273224	0.020366865601273224	-0.02460111922561089	0.013287344675762485	4638817
2020-11-18	-0.0005175407657765175	-0.0008243004414951198	0.01568557628536713	-0.005504293237966177	0.004245664671465527	3709132
2020-11-19	0.010226563538298468	-0.003688693133222081	0.024665872166908697	-0.010061925041541492	0.015040958410921368	3974643
2020-11-20	0.0014094786557661133	-0.0020580829475755967	0.017511891003578958	-0.0060493998874956946	0.006181922347657813	4123788
2020-11-23	-0.05745362132022547	-0.0073197856288985215	0.00476572650210776	-0.0678757094414046	-0.05296166936491999	8738913
2020-11-24	0.00040733523707736435	-0.0042370803478236265	0.024135369849468968	-0.0058739918224402984	0.005174952612256482	4272102
2020-11-25	-0.006378114352529925	0.004901958311292803	0.016900856327852102	-0.0043698647479628394	-0.0016428034256932538	3053577
2020-11-26	0.0013657513029810507	0.0017467306794721094	0.019586097188013338	-0.0007233297523403813	0.006137949224916277	1792542
2020-11-27	-0.00027277497330948616	0.0024360634579421447	0.013947235850807108	-0.010582654880102012	0.004491653448968501	2504842
2020-11-30	0.03137781805247843	0.017102469047870845	0.06535320899680079	0.015046414143416353	0.03629309615489743	6009709
2020-12-01	0.01997365360623133	0.001044411484169613	0.026030610242228663	0.001044411484169613	0.024834513682803164	3642747
2020-12-02	0.034496089955284234	0.003462656224869817	0.04255352611829755	0.003462656224869817	0.03942619137537355	6013744
2020-12-03	0.0013790116944302935	0.01899900291768762	0.030083255617342184	0.004513825385141366	0.006151239601550084	7426143
2020-12-04	0.0027541246524798195	-0.0005172631400095071	0.023507605339205175	-0.002907191674602927	0.007532925132805097	5117675
2020-12-07	0.02122351159766806	0.013546461908880758	0.02884993414080707	0.009783256860335725	0.026090353298450147	7717738
2020-12-08	0.015647886286272904	0.001203556949048932	0.025524241396399198	-0.0038326036826651804	0.020488179030275232	5702204
2020-12-09	-0.008786741311195527	-7.188646234720988e-05	0.009845155786090966	-0.012165840423857282	-0.0040629154575535465	8545233
2020-12-10	0.05476624744611364	-0.005605262820115265	0.07333627023446863	-0.005605262820115265	0.05979297994895119	15112163
2020-12-11	0.07828698156428415	-0.0017121272642784664	0.08735871118287006	-0.010387861662014133	0.08342575785981336	23035961
2020-12-14	0.0009608782170938673	-0.0036020730269804738	0.015278874441917143	-0.03363985622732693	0.005731144174354113	10300884
2020-12-15	-0.019733330149521076	0.007445061877275733	0.007445061877275733	-0.021170643445300962	-0.015061668070087613	6313539
2020-12-16	-0.01588678864434607	0.009139016285852286	0.011107001302401482	-0.0490258742032709	-0.011196839818406978	8140996
2020-12-17	-0.013600276143903996	-0.005455364141998477	0.009431743039520516	-0.01145456157378026	-0.008899363900250435	4381774
2020-12-18	-0.005492602988065925	0.039793442419664066	0.039793442419664066	-0.004582524678622258	-0.0007530843667023223	4553489
2020-12-21	0.003155997097776456	0.00012235672275777684	0.03624954945794862	-0.010183467812854547	0.007936720237786089	6072213
2020-12-22	-0.04269670484046203	-0.005394891766753568	0.00024985925942265475	-0.03813445900807775	-0.03813445900807775	4925742
2020-12-23	0.00938973652765665	0.018209763792423693	0.038965512040248416	0.009247135264809846	0.014200182336682507	6077059
2020-12-24	-0.0044185856698400515	0.011775667037658833	0.012126155016139692	-0.010422656559845431	0.0003260698353751453	5825514
2020-12-25	-0.03760803196680435	-0.003331592693952265	0.015679425907731664	-0.036542161232901244	-0.033021561811431274	5422756
2020-12-28	-0.0220874199545316	-0.00011182895630044759	0.01598393184586634	-0.022426430819548076	-0.01742694118929701	5693950
2020-12-29	0.01315458778170972	0.0035188371750845475	0.03830774659654009	-0.0010947806548309799	0.017983024471993025	3821800
2020-12-30	0.006981903595187083	0.00673495816493347	0.024457369569768128	-0.009264533495467714	0.011780890814933281	3989782
2020-12-31	0.008149895451076729	0.005865736997431944	0.02028762674702238	-0.012467173701200082	0.012954389135926857	6411799
2021-01-04	-0.022080113988533913	0.006220467050444064	0.006220467050444064	-0.02590587331250306	-0.017419615986748238	7002821
2021-01-05	0.03504011556454205	0.0005507430040818207	0.06427060277623026	-0.018168543847075863	0.03997276508529864	9956395
2021-01-06	0.04648942611387542	0.01806034256844219	0.05758507415264091	0.012071752318039588	0.05147668814286925	10055726
2021-01-07	-0.043285189426316865	0.000874325843306131	0.018614271651195707	-0.04078584191170605	-0.038725723160051864	8528831
2021-01-08	0.08346236042007128	0.013259415079413195	0.11422649645710303	-0.007077515580180022	0.08862585641209178	11383298
2021-01-11	-0.001978019369343912	0.025523500890901486	0.047606264327917994	-0.0031840694944565307	0.002778287674919529	9063963
2021-01-12	0.013763498303542369	0.0008936020463234184	0.028662419501332356	-0.015369408671469034	0.018594815096829656	5820254
2021-01-13	0.02639302495497791	0.007384837091048265	0.031502695728488496	-0.02873738009285514	0.03128446720477741	7699044
2021-01-14	0.04211637417052202	0.004765662013354054	0.08131920436466791	0.0005126644013258394	0.047082808564784015	11938540
2021-01-15	0.009341974277447386	-0.0011518789756054537	0.04690300922732608	-0.0011518789756054537	0.014152228796900944	9026361
2021-01-18	-0.004325900509898354	0.00213754302537692	0.03893178040087228	-0.019494223784876596	0.0004191510568715061	7010439
2021-01-19	-0.11013442763484231	0.0030398095117816003	0.0030398095117816003	-0.11371077205839798	-0.1058935896621117	14804729
2021-01-20	0.016237091393235273	0.01138278498761153	0.052796393476381535	0.004765706309391172	0.021080171621329816	6985230
2021-01-21	-0.029050302309300592	0.00341849356926948	0.031709159330726426	-0.027790977255663298	-0.024423002632160497	8510201
2021-01-22	-0.02048326502564426	0.006962517717667531	0.006962517717667531	-0.02911186699658297	-0.015815174351191716	7235832
2021-01-25	0.04675750006462756	0.006890447372151883	0.05174599873200278	-0.01907864923703552	0.05174599873200278	8909432
2021-01-26	-0.031088634531433224	-0.00673665511877776	0.03239396161305652	-0.031432950028942516	-0.026471110319427494	7097323
2021-01-27	0.022008604415996863	0.009653897394397018	0.031185398153726576	-0.009899054163212132	0.026879151539704178	4498330
2021-01-28	-0.01190080714122209	-0.009241645882852915	0.021392169681421117	-0.020515769895028402	-0.007191801012265637	5272616
2021-01-29	0.0037853090642879068	0.023206008263904142	0.03473119433947398	-0.008718722589866123	0.008569056523488633	4046631
2021-02-01	0.004228030119731536	0.006602737727578357	0.014754750428477919	-0.04127602922663707	0.00901388832803862	6442844
2021-02-02	0.014906788254755039	0.0009927606902622454	0.03312054548947132	-0.00632459332340935	0.01974349821495739	5569968
2021-02-03	-0.022311993353203243	0.012651451607539388	0.047461742750974555	-0.01889184724660198	-0.017652636282451478	6711461
2021-02-04	0.0487385465925537	0.011794451665237788	0.054312657282707885	-0.01390077247126286	0.05373649557995257	6172533
2021-02-05	-0.028102851927210425	0.015533018650308428	0.019598260060020287	-0.02533881781958421	-0.023471041317317393	4660923
2021-02-08	0.07448253629922669	0.0047657415386778545	0.09633424749911047	0.0047657415386778545	0.07960319032125678	7479986
2021-02-09	0.011832394350860082	0.010447101269387412	0.020021266313041772	-0.01459310119458217	0.01665451215811213	5950312
2021-02-10	-0.033529884980991534	-0.005112409975956511	0.00029455660169526546	-0.04961614007135505	-0.028924006715532736	7608700
2021-02-18	0.005246761801268169	0.004765670654356665	0.030371627525884504	0.004012564401725221	0.01003746821684827	5882404
2021-02-19	-0.03600340622861642	0.005943005230978688	0.013327862133469447	-0.05195834332025312	-0.03140925725518612	6052795
2021-02-22	-0.017127070124110327	0.00676416062142806	0.035408332962976345	-0.016439865875654366	-0.01244299661465005	6569917
2021-02-23	-0.02529508738236875	-0.005965326331021719	0.020466914126327302	-0.03307538547732735	-0.020649963352313724	6143305
2021-02-24	-0.02664358201037347	0.0005936229965860464	0.00824240483753308	-0.028262946791467375	-0.022004878896586037	8440545
2021-02-25	-0.06624005022709267	0.006075373666811647	0.008337578792816954	-0.06179003002164636	-0.06179003002164636	9073904
2021-02-26	-0.05913711515482816	-0.018058303873701918	-0.0160182215527921	-0.06281375417594576	-0.05465323362980764	12304282
2021-03-01	0.027920141046665296	0.016420682697247013	0.03729120093423964	0.0054433664286683775	0.032818922825820114	6148077
2021-03-02	-0.008004229376850492	0.014785719105470678	0.014785719105470678	-0.019756850647302062	-0.0032766358571029762	5856556
2021-03-03	-0.0031745016179055142	0.0021076822622838457	0.002772143432652229	-0.03949181339846371	0.0015760468732267292	7722804
2021-03-04	-0.009952246565227335	-0.0023007347095592152	0.01609859652396147	-0.0067006110177860855	-0.005233981137417906	5806881
2021-03-05	0.0150114497634869	-0.0012943714443249788	0.025908720061171103	-0.009105202495164135	0.019848653819357274	3841238
2021-03-08	-0.016242017085367502	0.014981781209704599	0.018962141723538047	-0.014207197531681058	-0.011553690194470686	5861386
2021-03-09	-0.06040264509906221	0.001663730210717517	0.012453201350183891	-0.05592481557862157	-0.05592481557862157	6903953
2021-03-10	-0.018285673373295872	0.022420901399988726	0.026009350292093884	-0.01676500356318627	-0.013607154184338215	4376900
2021-03-11	0.04554710001269405	0.021726141765122373	0.05725555866271295	0.010760276864987334	0.05052982819063022	5010153
2021-03-12	-0.03270700421256237	0.008821101629022419	0.008821101629022419	-0.03508931276250026	-0.028097206333243016	5008556
2021-03-15	-0.03093534705914558	0.004042772252859712	0.004042772252859712	-0.0362923238924442	-0.02631703924847455	4629359
2021-03-16	-0.008611715362971482	0.004019883590986125	0.011628280287966572	-0.01253974531134654	-0.0038870486334080462	4916227
2021-03-17	-0.026508901740019013	0.00852774805765861	0.02177020554283989	-0.022621946539900992	-0.021869493313349357	8023627
2021-03-18	-0.005076973094042725	0.023469828337782384	0.03181712843020852	-0.005281945305623057	-0.00033540626296126865	7967097
2021-03-19	0.020102136532616034	-0.005954608450678568	0.024963667936138263	-0.013412279409473054	0.024963667936138263	9150747
2021-03-22	-0.012884562958974529	-0.008789529637595765	0.009334862916647237	-0.011683398064340099	-0.008180288568043089	6936756
2021-03-23	0.004914001350447024	0.00862303998569137	0.02297242631181254	0.005999941306381102	0.009703085892618564	9225793
2021-03-24	-0.014211522450861635	0.005379841330555331	0.014131620244774745	-0.013812656288346645	-0.00951355217571064	5643295
2021-03-25	-0.005580569130985141	-0.0019317013224639454	0.009594024673686606	-0.0094079304218077	-0.0008414269977622247	4245489
2021-03-26	0.031176916608205322	0.006331981794240536	0.037187623980491614	-0.003378910382887049	0.03609124682261441	7602154
2021-03-29	-0.02297814898094955	0.0070441443628550884	0.010081939213937283	-0.020904048245887905	-0.018321914268406736	6190134
2021-03-30	-0.0159368322419532	0.006320478964373884	0.010207086535535181	-0.02508337239633043	-0.011247064989426557	7276389
2021-03-31	-0.037735826104496675	0.0014481107370658852	0.002238020917327135	-0.03346590343227979	-0.033149923561971655	6843935
2021-04-01	0.04330067445227674	0.010840289352170941	0.0551681397457067	0.004765741744244777	0.04827270510728496	7821139
2021-04-02	0.0389975613856374	0.004293614853209848	0.06361957710363511	0.003978872192747929	0.04394914434640365	11640040
2021-04-06	-0.00165793928473243	0.013095911952710062	0.01900273526812912	-0.009319649515760786	0.003099810001727112	4937125
2021-04-07	0.012833965282807233	0.008406624862773954	0.028280412163559338	-0.004792062900905858	0.01766086046257354	6475853
2021-04-08	-0.010137124305739138	-0.0015252577022562437	0.008061042901563354	-0.010961861996808748	-0.005419728364857735	4183281
2021-04-09	-0.0061747390408663765	0.0026472246525916974	0.014601530209702545	-0.022623328177352027	-0.0014384794384691283	5167865
2021-04-12	-0.019548425794466157	0.0015682354075784702	0.009485831889829596	-0.02005269668064332	-0.014875907399061934	5003754
2021-04-13	-0.0061823064327368735	0.011754081802528042	0.020605943616336657	-0.0075026648809686436	-0.0014460706361175285	3856898
2021-04-14	-0.002177294352676371	0.009297191897207263	0.01851672150374459	-0.006016421089752916	0.0025780442735061793	3598705
2021-04-15	0.036782895105065466	0.0077410804105996255	0.04642208369666555	-0.0016550757907447524	0.041723942954743375	6410468
2021-04-16	-0.002555552016016845	0.004463700743649095	0.006729438548746079	-0.012000380699294873	0.0021979629385521096	3905541
2021-04-19	0.017332337461842838	0.0006770318914609508	0.02793510694447745	-0.012346321953226966	0.0221806538788183	5819409
2021-04-20	-0.008888872018748356	-0.0028258775251622918	0.016525210539352356	-0.006398348075851307	-0.004165505604062142	4607870
2021-04-21	-0.016143445817979805	0.0037144040161669377	0.0037144040161669377	-0.015660016844919508	-0.011454734471740587	3256637
2021-04-22	0.011850464310264748	0.005834204845153423	0.02674778655791793	0.004765645282647345	0.016672591405242007	3967341
2021-04-23	-0.003153199112831124	0.0014465910239032586	0.0210591796275281	-0.006850948034891839	0.0015974869150769378	4020827
2021-04-26	0.021991323691295327	0.012938246756297362	0.03654771394684455	-0.010671205299956837	0.026861766271302476	9479678
2021-04-27	-0.042741458036861385	0.004025282303242267	0.004025282303242267	-0.04810116096267532	-0.03817940725578241	7154914
2021-04-28	-0.005234667343626704	0.006312822033624332	0.014666424718445089	-0.0037425862748838327	-0.0004939363660708336	3683203
2021-04-29	-0.004798008744493753	0.008809031401702812	0.02607090858792538	-0.006120206331995603	-5.517580203300125e-05	3956142
2021-04-30	-0.16765164952986497	-0.09367950525901841	-0.09367950525901841	-0.16962292785835742	-0.1636849503700459	24390752
2021-05-06	0.0226083164897722	0.010022274746301811	0.032550671814075685	-0.023770273921237536	0.027481786697897435	10475104
2021-05-07	-0.06175771509261111	0.0012776111154223222	0.0014611603155027376	-0.0670163684653074	-0.05728635156750884	12416912
2021-05-10	-0.01869525604414514	0.015723243181813423	0.01748427365544792	-0.04023841143624141	-0.01401862438435096	15116925
2021-05-11	0.009525753557860698	-0.005004706487067944	0.01912241298990824	-0.02115597192661761	0.014336824796270738	9751429
2021-05-12	0.015529743108846979	0.010691145474172534	0.024122257566896028	-0.012023195767603632	0.020369486338376444	5180480
2021-05-13	0.05884632432927609	-0.008070995665270189	0.07653467462880953	-0.014294863927762616	0.06389250056938678	12456241
2021-05-14	-0.007312600357174822	0.010276310203467505	0.010276310203467505	-0.014154044580591269	-0.0025817702950549997	5447756
2021-05-17	-0.005156520476033244	0.009391672657327663	0.026415364218313586	-0.011887840022056766	-0.0004154141790388702	6390209
2021-05-18	-0.001480997085416979	0.0023476772345188673	0.01499561628657094	-0.0049062585425775134	0.003277671385413602	4016935
2021-05-19	-0.007971812166923347	0.005883393340176502	0.012961850661522065	-0.003244104335813685	-0.003244104335813685	3305486
2021-05-20	-0.007101464909387539	0.007582310377224629	0.015468754386226845	-0.007251663398032815	-0.0023695647051014093	5455703
2021-05-21	0.020327528285015686	0.009115379141245076	0.04882940159723909	0.009115379141245076	0.02519008000265073	7983359
2021-05-24	0.020106935168628673	0.008287324510980198	0.028675449503832745	-0.0057990976088262685	0.024968492412369387	5931013
2021-05-25	0.01681739848740791	0.003675625712874923	0.026387328948169766	-0.0032287502400172993	0.021663258336503264	7237241
2021-05-26	-0.0048017008290881435	0.009411650975876146	0.022991944988228406	-0.018642522746382294	-5.889574586340664e-05	7177256
2021-05-27	0.06862041646568968	0.005663424028939644	0.07371315655585567	0.005663424028939644	0.07371315655585567	14169828
2021-05-28	-0.015886303935820287	0.00627790398677096	0.03366534792004504	-0.016404900830546524	-0.011196299451171149	9656967
2021-05-31	0.018691664897015466	0.02064393242879479	0.03037571614529307	0.0004973803870340084	0.023546433477695174	6936296
2021-06-01	0.0045037469044377065	-0.0027763544295743977	0.03862101366761216	-0.01367042777525622	0.009290906444952585	7281945
2021-06-02	-0.03885755239080513	-0.00641323145923684	-0.0005734605845207267	-0.040617293862693735	-0.03427700885895665	7867112
2021-06-03	0.0017277005417662664	-0.002004445098780507	0.023861119853047244	-0.0039140033735338454	0.006501656986769737	3850651
2021-06-04	0.01397036797196441	-0.0033791875968308075	0.03786509361737398	-0.0033791875968308075	0.018802653371734125	4908749
2021-06-07	0.022963040517026943	0.02305281827119662	0.04219445065123821	0.013481959354279734	0.027838196457379828	5402430
2021-06-08	-0.04140336536042225	0.010613259953913701	0.013286397931205054	-0.05053477127662454	-0.036834939143006666	8131509
2021-06-09	0.027580234855488026	0.010517186809386953	0.05182321840138206	0.007031425376495188	0.03247740889310895	10032142
2021-06-10	-0.0033760907724736263	0.01731679083737806	0.01731679083737806	-0.01524818450591924	0.0013735303160318658	7068634
2021-06-11	-0.01761520700623935	0.005276245215109709	0.005276245215109709	-0.03233437771783681	-0.012933431141419285	8113174
2021-06-15	-0.019827596406881514	-0.00043132167281921633	0.013254297768455105	-0.02693640052969172	-0.015156388580255484	8125422
2021-06-16	-0.030782752451191036	-6.203566810585091e-06	0.02173277356541055	-0.03128916498629838	-0.026163763948238408	6296775
2021-06-17	0.07767696121790302	0.006589275513582118	0.09958933346540566	0.006589275513582118	0.08281288231472643	14666771
2021-06-18	0.041596471536246196	0.015425878020223754	0.055020889414280454	-0.0035255635038498262	0.04656041689418285	14827522
2021-06-21	0.011802837767111928	-0.009042680483016024	0.03319481212074658	-0.014566049149176318	0.016624771103073716	9124668
2021-06-22	-0.019495054684105697	0.007655646355886156	0.016325739950978708	-0.020441827151407466	-0.0148222842828514	6053333
2021-06-23	0.03634286193743639	0.00967813995737202	0.048322923954533636	0.003946931081164802	0.04128175348506802	10452109
2021-06-24	-0.005346731304749477	0.011243974348722142	0.02404249929769885	-0.014669136693276814	-0.0006065409756769464	7804474
2021-06-25	0.00015882446133722952	0.000317712465167445	0.013185035533200329	-0.021445639055668975	0.00015882446133722952	6643786
2021-06-28	0.018106718839052013	-0.00031766201266939545	0.0382783360590586	-0.008418027452637089	0.018106718839052013	7833018
2021-06-29	-0.038065492607347706	-0.005772199868087398	-0.0018720437401574099	-0.04227767682613651	-0.038065492607347706	7345257
2021-06-30	0.011676954265326037	-0.0009731106065520147	0.04151801816412585	-0.0029192345118391133	0.011676954265326037	9407512
2021-07-01	-0.030137880247869828	-0.00929788378810703	-0.0033665116485009417	-0.03398529923075822	-0.030137880247869828	7572969
2021-07-02	-0.016363669421487554	-0.0024793719008264566	0.0023140330578512907	-0.019173553719008207	-0.016363669421487554	4807045
2021-07-05	0.025205848603792592	0.000840245365156905	0.05276431029286873	0.000840245365156905	0.025205848603792592	7371953
2021-07-06	0.035240158506479435	0.011145730573536442	0.07851180391777755	0.008031503295574553	0.035240158506479435	13235694
2021-07-07	0.011082979734008873	-0.0028499050031665567	0.013141260291323629	-0.03578210892970228	0.011082979734008873	8211815
2021-07-08	0.014876244677791287	0.000156561225233978	0.03131850874853572	-0.008769213768098708	0.014876244677791287	9056406
2021-07-09	-0.024070329395782318	-0.006634794218015407	-0.002005832495165118	-0.04042584602455925	-0.024070329395782318	6925052
2021-07-12	0.005375494071146299	0.007272711462450647	0.015810276679841896	-0.012806339920948612	0.005375494071146299	7699615
2021-07-13	0.031608712061644846	-0.0015725428526498894	0.03789904072967442	-0.0084919169680768	0.031608712061644846	11047776
2021-07-14	-0.016768262706349464	-0.008384070377563054	-0.0015243598025719356	-0.034146296772752986	-0.016768262706349464	7777610
2021-07-15	-0.025426341085271364	-0.009457379844961193	0.00744190697674413	-0.02852713178294579	-0.025426341085271364	6343303
2021-07-16	-0.06124726278639407	0.00668148255358761	0.01781735574582635	-0.061406314645142894	-0.06124726278639407	11861069
2021-07-19	-0.01711570978192548	-0.0005083545334132393	-0.0005083545334132393	-0.03372306503043772	-0.01711570978192548	7317547
2021-07-20	0.0036206724137931618	-0.0034482931034482815	0.011206931034482769	-0.008965517241379364	0.0036206724137931618	5078257
2021-07-21	0.0393403373877398	0.0037794365878617577	0.05085035304673336	0.0037794365878617577	0.0393403373877398	8684242
2021-07-22	0.05785123966942149	0.0	0.06561985123966936	-0.011900842975206669	0.05785123966942149	13930256
2021-07-23	0.002500062500000011	-0.00156246874999999	0.01718746874999999	-0.027187531249999952	0.002500062500000011	10480515
2021-07-26	0.04597875336790808	0.0006233322554031559	0.05205729101887212	-0.02337911325566632	0.04597875336790808	13983592
2021-07-27	-0.0198182384172516	0.002980137043955583	0.09193857708331739	-0.01996727730640316	-0.0198182384172516	21931599
2021-07-28	-0.01793859863086961	-0.013529948518241852	0.027820036908179236	-0.054119763668588686	-0.01793859863086961	13381090
2021-07-29	0.03699690517018283	0.03715173489633855	0.052012400991095956	0.00773993832012193	0.03699690517018283	11536084
2021-07-30	0.007165293541283527	-0.0014927452304147977	0.047320586574730164	-0.01851019610420051	0.007165293541283527	13722255
2021-08-02	-0.011857165972177614	-0.006966073707335448	0.03690526105075943	-0.034682139696425876	-0.011857165972177614	11487223
2021-08-03	-0.07304633487464642	-0.002399820080990653	-0.0007498875281203664	-0.07634612498413464	-0.07304633487464642	12618147
2021-08-04	0.013754094073690859	0.003559886788994988	0.02540453115541313	-0.004854352829358455	0.013754094073690859	7524280
2021-08-05	-0.022027166096499046	-0.0015962170280537414	0.010853950172260166	-0.030008011811396233	-0.022027166096499046	8053064
2021-08-06	-0.007997404929002881	0.005059605026929937	0.023828953811000385	-0.020727925575322395	-0.007997404929002881	7477110
2021-08-09	0.003455133324368768	-0.012504096948076512	0.008555446011113016	-0.03290556158120371	0.003455133324368768	8416444
2021-08-10	0.0721429227039541	0.016560058483028137	0.10329560244972621	0.013444810183806895	0.0721429227039541	17240551
2021-08-11	-0.016363343269052654	0.005964214802939522	0.009022847668188422	-0.029209344383076166	-0.016363343269052654	7425787
2021-08-12	0.0012438121890548425	0.00015550373134328463	0.0335821361940299	-0.012748756218905368	0.0012438121890548425	7467095
2021-08-13	-0.06847825874291127	-0.0031056676054141185	-0.0012422670421657356	-0.07298137972107517	-0.06847825874291127	13305770
2021-08-16	-0.009834972167528789	0.0020003166527649053	0.007667927732357859	-0.021503599883193815	-0.009834972167528789	6723809
2021-08-17	0.00168346795678558	-0.006734040177305055	0.02020195218175243	-0.008417508134090635	0.00168346795678558	6812892
2021-08-18	-0.04319327731092437	0.0	0.004369714285714337	-0.045882352941176416	-0.04319327731092437	10340665
2021-08-19	0.0063235728087123995	0.001229580186193576	0.018619392236079346	-0.009309643421745988	0.0063235728087123995	4999532
2021-08-20	0.02984812306077641	0.005236498424917235	0.03299003258875843	-0.0050619828056905885	0.02984812306077641	5624689
2021-08-23	0.028474576271186436	0.005593254237288141	0.0396610169491526	-0.01694915254237288	0.028474576271186436	6238194
2021-08-24	-0.009228757415952533	-0.0013184245220830644	0.004779185893210345	-0.0252142056690837	-0.009228757415952533	7397395
2021-08-25	-0.0011643380100522004	0.006320708687969207	0.018962059530307097	-0.008815685442709281	-0.0011643380100522004	3487349
2021-08-26	-0.0356369531330051	0.007160716189187567	0.007327277390962109	-0.037135704198762755	-0.0356369531330051	5027954
2021-08-27	0.016922793990675297	0.001899499222932249	0.030219305819374893	-0.002935555171818333	0.016922793990675297	4379280
2021-08-30	0.07624387971207126	-0.016641178750911617	0.08269653731867103	-0.048225505998055855	0.07624387971207126	16132626
2021-08-31	-0.0004733827631211408	-0.015620100731774948	0.0044177815648819025	-0.027769043424281423	-0.0004733827631211408	6770631
2021-09-01	-0.020205178222736472	0.0023678295933016544	0.003314964587686339	-0.040568257002944225	-0.020205178222736472	5872649
2021-09-02	-0.029643950378604855	0.006766586112453628	0.006766586112453628	-0.03898820686321894	-0.029643950378604855	5546990
2021-09-03	-0.0004980740494769476	0.002158409430516355	0.020421700149427305	-0.011290071392993479	-0.0004980740494769476	3972758
2021-09-06	0.0009966278904215092	-0.0044850663706799705	0.012458471553845987	-0.019435248846590612	0.0009966278904215092	3563937
2021-09-07	-0.026551577383059428	-0.0033189015373017985	0.008629290030842575	-0.032525706356644805	-0.026551577383059428	6254538
2021-09-08	-0.006137078077054158	-0.006137078077054158	0.01005796113194687	-0.014660773951585356	-0.006137078077054158	4510802
2021-09-09	-0.02109775336359782	0.001372247021822425	0.009605523320849409	-0.028130343535683475	-0.02109775336359782	6327356
2021-09-10	0.018924163308217983	0.0	0.0208515507271772	-0.009462081654109054	0.018924163308217983	5815318
2021-09-13	-0.023215871944424024	-0.008426517337007212	0.004643095283126543	-0.030266602570366164	-0.023215871944424024	8124026
2021-09-14	0.0058098944684840635	0.0014084859402902516	0.008802817056387625	-0.003521144428189168	0.0058098944684840635	3741402
2021-09-15	-0.008226868401420184	-0.007876789639825148	0.006301435212647676	-0.013127953559811771	-0.008226868401420184	3516035
2021-09-16	-0.023826314860571778	0.0024708612777974426	0.013942834451111961	-0.027885598305682956	-0.023826314860571778	5358596
2021-09-17	0.016995100036248423	0.015729506133981084	0.025854293511945466	-0.0025312420442733332	0.016995100036248423	4592574
2021-09-22	-0.020799964444444437	-0.0044444444444444444	0.015288906666666612	-0.022222222222222223	-0.020799964444444437	5119302
2021-09-23	0.015976706028442103	0.0018155046544842059	0.026869988131082483	-0.007262200172033411	0.015976706028442103	3332162
2021-09-24	0.012508953046979025	0.0037526626832140625	0.0436026276555151	0.0014296283314800139	0.012508953046979025	5151886
2021-09-27	0.019237557359689437	0.012001411930815511	0.025591263678079783	0.0019414048711614287	0.019237557359689437	4590636
2021-09-28	0.027013004329004324	0.0015584415584416174	0.030303030303030304	-0.016450233766233772	0.027013004329004324	6325679
2021-09-29	0.016354712251648702	-0.007081470121708422	0.02647108368789271	-0.020401331640510348	0.016354712251648702	6606158
2021-09-30	-0.014432631294502842	-0.00033180159807224776	0.008128749305387458	-0.023556702447855047	-0.014432631294502842	2929781
2021-10-08	0.008416091567076251	0.013802390170005055	0.02625822252146115	-0.0008415923245244856	0.008416091567076251	2571856
2021-10-11	0.028208946753463575	0.004506760140210368	0.04506761809380738	-0.0030045067601402057	0.028208946753463575	5444516
2021-10-12	-0.03879868632463261	-0.004870113794484209	0.004545503394334537	-0.050324644491059875	-0.03879868632463261	4746137
2021-10-13	0.01469351485717804	0.0037156055348015853	0.024151326197455258	-0.011991201013193791	0.01469351485717804	4098141
2021-10-14	-0.01281626122449198	0.0069906455728813	0.0074899631328240665	-0.024633887329098308	-0.01281626122449198	3922275
2021-10-15	-0.010453582693414547	0.006238391397093384	0.009104653361917826	-0.012308194026164312	-0.010453582693414547	3334617
2021-10-18	0.0001704208582453727	-0.0006814960075225017	0.005793150550232524	-0.02777301120758241	0.0001704208582453727	3231475
2021-10-19	-0.00919933544805227	-0.00340717200328498	0.01345827915743982	-0.013628602834265703	-0.00919933544805227	2638963
2021-10-20	-0.03885828748280599	0.003438806740027516	0.019601083218707068	-0.045735900962861016	-0.03885828748280599	6164657
2021-10-21	-0.008944543508245313	0.0	0.002325527644882659	-0.020393630755147336	-0.008944543508245313	3458897
2021-10-22	0.018953049857290613	0.0032490973556282493	0.023104656205608063	0.00036093861512855204	0.018953049857290613	3688480
2021-10-25	0.009743117630768504	-0.005314419746423028	0.013286093653036428	-0.03277241748853115	0.009743117630768504	6051847
2021-10-26	0.013508771929824616	-0.005614035087719303	0.025438614035087726	-0.005964912280701814	0.013508771929824616	7174029
2021-10-27	-0.020252760948589296	0.01280938203219664	0.015405920027695922	-0.036524147481391836	-0.020252760948589296	4713867
2021-10-28	0.03003535441821041	-0.0003532862315648671	0.054240284602130207	-0.005123622089173919	0.03003535441821041	8035404
2021-10-29	0.11663806375022408	0.02915953737837972	0.15694679514488494	0.022298439490539265	0.11663806375022408	24330047
2021-11-01	0.1061444579460663	0.006144424151902442	0.12211989622488167	0.006144424151902442	0.1061444579460663	27672316
2021-11-02	0.0011108734589397628	-0.0008332870203225916	0.02305229765165132	-0.014025857130235882	0.0011108734589397628	21282978
2021-11-03	0.004022763435858752	0.0013872382514767735	0.017200805504275433	-0.020668582087312086	0.004022763435858752	10337873
2021-11-04	0.0040066456482445514	-0.001243382201300717	0.013401506496332078	-0.02445421488481142	0.0040066456482445514	10758646
2021-11-05	0.022843044525747563	0.013623311232236361	0.03591579842894721	-0.009219733293511398	0.022843044525747563	11286832
2021-11-08	0.008341113726863657	0.0	0.014395263974296779	-0.013991671895824644	0.008341113726863657	11809142
2021-11-09	0.014009380147140017	0.004269513179567004	0.06204137673281032	-0.008672368592623058	0.014009380147140017	12529332
2021-11-10	0.007894710526315782	-0.007894710526315782	0.02328943421052636	-0.013289500000000001	0.007894710526315782	8197594
2021-11-11	0.027415131264102603	0.00026116188671437834	0.033942546578134336	0.00026116188671437834	0.027415131264102603	10077244
2021-11-12	-0.01905972118397921	0.002160177973069056	0.002160177973069056	-0.039390077740409535	-0.01905972118397921	9978137
2021-11-15	-0.012564689607436123	-0.009067319005206648	0.020984495634112487	-0.021891127793696626	-0.012564689607436123	7985209
2021-11-16	-0.021120293016386207	-0.0019677422812118105	0.00655909721005783	-0.03581271012149897	-0.021120293016386207	9323949
2021-11-17	-0.0014741489624437152	0.011659005159782732	0.011659005159782732	-0.02305013308562848	-0.0014741489624437152	7050970
2021-11-18	0.001342088274269498	0.0005368540991316002	0.021876217370119022	-0.011676325012043309	0.001342088274269498	4765792
2021-11-19	0.0033507572262329818	-0.0013402894874642456	0.012866894345705695	-0.01916634473708143	0.0033507572262329818	5791857
2021-11-22	0.12209456155363935	0.004007520651783104	0.13117818419478794	-0.011354514943167004	0.12209456155363935	18071189
2021-11-23	0.0009524047619046815	-0.015357154761904806	0.014166690476190558	-0.02000000000000008	0.0009524047619046815	10671208
2021-11-24	-0.0033301497780648184	-0.008087535487927231	0.024976188749377216	-0.01902948337227676	-0.0033301497780648184	6591639
2021-11-25	-0.04534609622866008	-0.007398603553749239	0.0025059545642259254	-0.048926084167324045	-0.04534609622866008	6283563
2021-11-26	-0.03237494999999999	-0.00024996250000004495	0.00625	-0.04712496250000005	-0.03237494999999999	8724679
2021-11-29	0.0483141429627106	-0.005813266719376535	0.05735685015595657	-0.028549371990731386	0.0483141429627106	8699273
2021-11-30	0.014294466684054949	0.0028341958636058	0.019100369215024733	-0.013801638600082806	0.014294466684054949	5147603
2021-12-01	-0.04896123311775551	-0.009840821524500502	-0.0038877415596583202	-0.054792796860473614	-0.04896123311775551	6224199
2021-12-02	-0.016990317028491624	0.00651509972553781	0.015457320074825195	-0.024144098417783585	-0.016990317028491624	3986235
2021-12-03	0.0028590124571416234	0.01065627072084236	0.027290527379747756	-0.01884336655659644	0.0028590124571416234	5713143
2021-12-06	-0.04405858608419302	-0.0006478554010071346	-0.0006478554010071346	-0.05079691721645511	-0.04405858608419302	7683581
2021-12-07	-0.006371072510684795	0.008811183766213291	0.020469053292763453	-0.016537807369031068	-0.006371072510684795	5443361
2021-12-08	0.02660295934776423	0.010231923182868082	0.031787092832724705	0.0	0.02660295934776423	5614038
2021-12-09	0.013156119601328902	-0.002923601328903606	0.029767415282392025	-0.002923601328903606	0.013156119601328902	7757533
2021-12-10	-0.016264402315435526	0.06243444549932963	0.07555092013512382	-0.0451206071647588	-0.016264402315435526	15963146
2021-12-13	-0.022666626666666616	-0.006400039999999952	-0.006400039999999952	-0.04880005333333334	-0.022666626666666616	9550247
2021-12-14	-0.004092810200840016	-0.0010914324246345181	0.021418825862803758	-0.01364256424382411	-0.004092810200840016	4923210
2021-12-15	0.04863017808219183	0.0017807808219178498	0.06150682191780822	0.0017807808219178498	0.04863017808219183	8721430
2021-12-16	0.058262558134713545	0.0014369823081521879	0.06401036979711147	0.0014369823081521879	0.058262558134713545	8711543
2021-12-17	-0.00012346623568778664	0.0004937785336680244	0.023947598470618434	-0.014195790292660444	-0.00012346623568778664	8255254
2021-12-20	0.008641938271604891	0.002098740740740824	0.028148135802469183	-0.005308641975308726	0.008641938271604891	7887785
2021-12-21	0.0329253622861211	0.0015912485284423823	0.06083232781514069	-0.007343929278234819	0.0329253622861211	10374106
2021-12-22	-0.015523130886635154	0.009716791204133006	0.014101232540599865	-0.028320879586691345	-0.015523130886635154	6734957
2021-12-23	-0.023832498222616728	-0.014203177318170897	0.002046196387910616	-0.026480560267680187	-0.023832498222616728	4427304
2021-12-24	0.009124513171997858	0.00147969177508484	0.03514178878278144	0.00147969177508484	0.009124513171997858	4094753
2021-12-27	0.0021994258161987727	-0.0006108871266317702	0.021505401833108596	-0.01417394986187429	0.0021994258161987727	2812294
2021-12-28	-0.026456950492207455	-0.00048761279520660294	0.01048524788412269	-0.030602232282451843	-0.026456950492207455	2997041
2021-12-29	-0.015654352301924915	0.0023794991203381667	0.006261740920769966	-0.03606759013318952	-0.015654352301924915	4541378
2021-12-30	0.07048347507591544	0.0006361832222947547	0.07506364058686109	0.0006361832222947547	0.07048347507591544	6890654
2021-12-31	-0.0032088899834667945	0.0	0.00748749711775015	-0.02376990757986579	-0.0032088899834667945	3696585
