2020-09-30	-0.03559536343397739	-0.022270629750149457	0.01443091555323427	-0.04044523935192852	-0.03107903064189575	5886329
2020-10-09	0.08303034695404983	0.00772752885917814	0.10174155322995769	0.00772752885917814	0.08810220257123043	7011104
2020-10-12	0.06015665603405619	0.003502346917878286	0.0682698401975314	-0.0020635626916880676	0.06512141718771297	5781976
2020-10-13	0.05832674768768022	-0.009741516578076868	0.17409239439471064	-0.018359153178482565	0.06328289448984763	5770881
2020-10-14	0.13221949562271013	-0.014809341588941496	0.16503149542256523	-0.01536054277056308	0.137521689033429	4511248
2020-10-15	-0.04841201162926614	-0.017489848705336337	-0.0019998396224816585	-0.07028869769631231	-0.04395570416277964	3724828
2020-10-16	-0.00518471842599389	-0.005641903161146367	0.04119245639787334	-0.05561560236639047	-0.0005259698514077499	3189328
2020-10-19	0.00698002034630459	0.009825688097327642	0.05377179992761232	-0.015887482360659497	0.011695729590223672	2727417
2020-10-20	-0.00852590498930358	0.0051473049982494684	0.0051473049982494684	-0.038494184142284116	-0.003882795804351787	2300689
2020-10-21	0.036097978165621304	0.011215326743228785	0.06527634818058835	0.0020841632662508647	0.04095007403683653	2634246
2020-10-22	-0.008097163702880848	-0.011135158468758712	0.024794780369757456	-0.03535968155435968	-0.0034520380725739193	1622786
2020-10-23	-0.056666662101168254	0.004683045012400295	0.006460038165981541	-0.07036063963158364	-0.052248984636559095	2616143
2020-10-26	0.09372366904670408	-0.009565757703323236	0.14685681886044702	-0.009831412215185716	0.09884563114134251	3533229
2020-10-27	0.07696715460321366	-0.004127221738159205	0.08417445775869882	-0.015123514664284863	0.08201056649083095	2691867
2020-10-28	-0.036570041593321265	-0.009689534253495925	0.01573404378036826	-0.036978873871841365	-0.03205825361194954	2914457
2020-10-29	0.04827361881271127	-0.008298442984309718	0.06469596700716647	-0.008298442984309718	0.053182752277059375	2835079
2020-10-30	-0.02604613701578397	0.0008461933402418311	0.027237703908214176	-0.025139276560475547	-0.021485071340208058	1976616
2020-11-02	0.05788387062537228	0.006871705755220287	0.06304643789623038	-0.01799524317002509	0.0628379319757509	2405300
2020-11-03	0.07291621857144112	0.016702131425422245	0.13785921756036268	-0.0006566595580386614	0.0779406909414075	2962891
2020-11-04	0.007165334962475605	0.006207288464060247	0.029879051410303902	-0.03219281179885687	0.01188193513935448	2795608
2020-11-05	-0.004718697895344132	0.004683044593720657	0.02109347524067251	-0.020844269722953928	-5.77942546524124e-05	2100776
2020-11-06	-0.024434668592703494	-0.001161140984712775	0.00211818731577864	-0.06163634797074298	-0.019866089029760777	2939265
2020-11-09	0.03142042260236147	-0.002622144843679452	0.0779215439316695	-0.019241631052805103	0.036250636047426864	2841712
2020-11-10	-0.006904385729722183	-0.007715902992992197	0.010472997008859862	-0.0477714309355565	-0.0022537219374736167	2112876
2020-11-11	-0.034525684350985575	-0.009983952136868996	0.06701733123083405	-0.03444098517803758	-0.03000432396109021	3042140
2020-11-12	0.05001141428462192	0.012164860825710291	0.06339786060334456	-0.010641186791373745	0.05492863505144751	2604789
2020-11-13	0.02044861556920001	0.004972402961088665	0.02721664176449281	-0.017344255703759033	0.025227401929446534	1852677
2020-11-16	0.14482258379609	0.03057536317561854	0.17676749487138488	0.008245136380903123	0.1501838607073628	5392128
2020-11-17	-0.03559309306740381	-0.015426015797125702	-0.009249367749054225	-0.05508701656009893	-0.031076786789451374	2705031
2020-11-18	-0.08849655176239675	-0.0031824195819584716	0.019290098879680903	-0.1332021039843117	-0.08422798818750944	5368392
2020-11-19	-0.013163743104251655	-0.012064437052192515	0.008856574244583727	-0.05080693269339951	-0.008542372686652118	2971029
2020-11-20	0.03024870353996527	-0.003347309794937574	0.050812788667141055	-0.005006898772967883	0.03507337172568066	2112688
2020-11-23	-0.03453275190429687	-0.002297450193106397	0.025416497398894435	-0.051697606945271785	-0.030011397785107228	2924168
2020-11-24	-0.04664279109135342	-0.013257751744286811	-0.00484351675598743	-0.050933335313994216	-0.042178208133766965	3247720
2020-11-25	-0.00014989287609937474	0.004683011693693782	0.027509883484244265	-0.017673406954782093	0.004532397315648378	2034252
2020-11-26	0.009760308630679218	-0.002280857105315997	0.04097056586916709	-0.002280857105315997	0.014488995967547894	1598670
2020-11-27	-0.042689499826927525	0.008392137229523582	0.02224121764686904	-0.049445864264365584	-0.038206382778060315	2416716
2020-11-30	-0.016259649461029743	-0.005032775261794445	0.0029306792092609266	-0.04983460159617603	-0.01165276986706677	3183888
2020-12-01	0.04785171452781966	-0.00036400516637755906	0.0608736855758406	-0.00036400516637755906	0.052758817540013506	2609033
2020-12-02	-0.009212259839110512	0.005041910751373158	0.019793914524493268	-0.012127860142140652	-0.004572409289703766	1433937
2020-12-03	0.0794686447265445	0.0008701393732193888	0.0993748681553717	0.0008701393732193888	0.08452382265359216	2821521
2020-12-04	0.005572342617701559	0.001345186337078599	0.03491816762717981	-0.007061302406399751	0.01028146278155736	1688081
2020-12-07	0.04151742262592961	-0.002429931156576587	0.06571399781796007	-0.023154056116631815	0.046394846036876596	2501260
2020-12-08	0.0	0.0050371223841662845	0.04176422297924733	-0.008267587985864733	0.004682997427589605	1855656
2020-12-09	-0.045619382864029036	0.005020264349822687	0.006706495760922161	-0.0411499913616992	-0.0411499913616992	2026087
2020-12-10	0.021736825002668884	0.0002305109927066056	0.028323929698253092	-0.005246837155835478	0.026521666975836956	2127891
2020-12-11	0.03273782521868425	-0.0006950647041154794	0.054521183176816874	-0.008580602378225154	0.03757419286864884	2539152
2020-12-14	0.05248334404837815	0.009170645156178006	0.0631053653503388	-0.00703823859551201	0.05741217026355943	2528708
2020-12-15	-0.04038072638472003	-0.004687852621578978	0.0007215303776351515	-0.05050785096318142	-0.03588680404237186	2634658
2020-12-16	0.009917680542390226	0.006340998592690388	0.021875652377086413	-0.0085637085219778	0.014647153855943578	1552987
2020-12-17	-0.012663326296533389	0.006160503574555866	0.022741068314687224	-0.015016607174065577	-0.008039633161622347	1565521
2020-12-18	0.040976410569631166	0.004666280369603764	0.08558966901867725	-0.0007374351273680337	0.045851298536050716	2449744
2020-12-21	0.03209792289610709	0.010321209117212885	0.06376504682361668	-0.006178335891788893	0.03693130326366821	2326028
2020-12-22	-0.02341336880276924	-0.006459447454457667	0.009016311143304648	-0.032768105867583906	-0.018839966863954387	1887733
2020-12-23	0.018911682364119543	-0.0016398233553494561	0.02956244187995836	-0.006647387325460744	0.023683257700478005	1828938
2020-12-24	-0.046270102746976835	0.001867993749679933	0.017296173620423478	-0.05898937576052839	-0.04180375039916946	2552502
2020-12-25	-0.01149157882831638	-0.005264311570147875	0.009102268032716881	-0.0248328514049229	-0.00686237795423408	2270928
2020-12-28	0.022954920231062267	-0.010197012409441672	0.030384877109455116	-0.034777191073725275	0.027745414108044587	2044603
2020-12-29	-0.017656543575413502	-0.00015493566254164747	0.010101514920124255	-0.032311274364387695	-0.013056201140168025	1751504
2020-12-30	0.03717323068640494	-0.005084683077702945	0.050648878670907935	-0.00680843252450678	0.042030302823993865	1741320
2020-12-31	0.031933823318792146	0.014385542356368252	0.06712446630819524	0.014385542356368252	0.03676636264216707	2655147
2021-01-04	0.07822663735970338	0.013686510342370947	0.10128300532775202	0.0016000080794293485	0.08327597151963584	2645645
2021-01-05	0.020870441725585526	-0.005644619054154928	0.06158461017117311	-0.006953350308507073	0.02565119557536485	3343156
2021-01-06	-0.015256553301388701	-0.009223665122380749	0.0018682305683994113	-0.024579571683984138	-0.01064495024269282	1665135
2021-01-07	0.02676054775697251	0.014588368413701657	0.044304317766623295	0.004824520387641192	0.03156889925727423	1752521
2021-01-08	-0.0028943504125487365	-0.002207782278231223	0.01984286692896597	-0.028310233805791396	0.0017751285545893362	1534303
2021-01-11	-0.012092598183686456	0.004683033306520781	0.05090263426656648	-0.031087433714421922	-0.007466204401634474	2039239
2021-01-12	0.07533763182634243	-0.010874845656432694	0.08429089597715753	-0.017800316758456468	0.0803734919157087	2190301
2021-01-13	-0.01450398624510691	-0.0027330001913628316	0.016991129487073785	-0.02940484337230125	-0.009888903225593788	1508493
2021-01-14	-0.0341655476088666	0.003349624811132975	0.012604315931159068	-0.05081881110431466	-0.02964252300012713	1693947
2021-01-15	-0.021782413943371496	-0.005582562487023695	0.0028650171840282185	-0.041805843659340106	-0.017201362114924283	1717646
2021-01-18	-0.0027676953422123875	-0.012071183816681475	0.023980559981895872	-0.017171506572779698	0.0019023937692813663	1461456
2021-01-19	-0.030557940283510967	-0.007773936251031134	0.019073646571405412	-0.030277686686516952	-0.026017982840773952	1525482
2021-01-20	0.07324237000405207	0.004683062177088451	0.09127703513920761	0.004553009999463655	0.07826843514074001	2250829
2021-01-21	0.029142101378645254	0.0033766577922556885	0.0464191067660731	0.0006427366779752533	0.033961585283228006	1555889
2021-01-22	0.06806986224822138	0.007653580371004327	0.09113074372239102	0.006331905681295905	0.07307168402170293	2665969
2021-01-25	0.0073171044013739155	0.0071335002843137775	0.027815269487163716	-0.018583915953828172	0.012034408291933536	1813552
2021-01-26	-0.031476974046812566	-0.006263872088180013	-0.002614923351008102	-0.03168503539140293	-0.026941330002413503	1455055
2021-01-27	-0.0137125066434068	-0.0007171801653456839	0.013474022271663104	-0.050574544475330184	-0.009093680652876775	1671786
2021-01-28	-0.04187418245451311	-0.01826207080819423	0.0054087930789191085	-0.03973015197107995	-0.03738726598652336	1402810
2021-01-29	0.04829427039832627	0.02331505648830792	0.07646032116782152	0.023301770575810617	0.05320344616380566	2311394
2021-02-01	0.07895262977075815	0.012416211099327614	0.08593240528841367	-0.013192058140014196	0.08400542501452254	2175616
2021-02-02	0.004221895258139223	-0.0071488600482443095	0.020345478418038798	-0.01889861423563995	0.008924702450188702	1459071
2021-02-03	0.04357857880081091	-0.005461108339621288	0.09045809112785104	-0.005472805383300403	0.04846567694078277	2623449
2021-02-04	0.03671455760113805	0.010748560852654122	0.05364456866716802	-0.014623606692030769	0.041569529595729036	2346552
2021-02-05	-0.02691061347122379	-0.005050108653426354	0.001838876973574651	-0.0440369903618471	-0.022353579269384367	1760101
2021-02-08	0.0033185981272320485	0.010028749707710519	0.08568007799036186	0.00023754441394776445	0.008017161979764268	2611337
2021-02-09	0.2000000255213859	0.05652339972830208	0.20561967718473498	0.05652339972830208	0.20561967718473498	4990851
2021-02-10	0.11631752375780946	-0.01230168658174907	0.14277614212910028	-0.027947968993364374	0.12154525554903789	4710166
2021-02-18	0.014016432467390568	0.027025837659338435	0.1006199223143668	-0.0330566446728755	0.01876512999595771	4377808
2021-02-19	-0.07804190713379751	0.0013967106064745034	0.0013967106064745034	-0.1428435514481865	-0.07372437661493356	5411361
2021-02-22	-0.07431239779712125	-0.01721715631852869	0.029944300841587813	-0.0837667273334125	-0.06997737809023481	4810307
2021-02-23	0.02142712504920109	-0.006754388341852314	0.029076947958668234	-0.028253211105015684	0.026210508199749922	3320413
2021-02-24	-0.1378026391882025	-0.0028006560281423373	-0.0028006560281423373	-0.18312910715324457	-0.13376490967960955	9520432
2021-02-25	-0.03327210458532788	-0.012676518413681856	0.004552785653304756	-0.05967742473174442	-0.028744888874928386	5189094
2021-02-26	-0.06518175027717231	-0.02358802528703859	-0.011242580962725613	-0.07745907269636951	-0.060803950720604454	5631093
2021-03-01	0.05515987089441748	0.014479730240679937	0.06303063877975448	0.004935173137148123	0.060101244003248074	4771575
2021-03-02	-0.04366928709337492	0.0023960606088179984	0.020896839700954097	-0.05902267375588254	-0.03919073691007646	4514364
2021-03-03	0.029084356058072074	-0.012449524366805867	0.03543842532021976	-0.0362923602350979	0.03390361382526749	3566419
2021-03-04	-0.10932099641719732	-0.01727196283808444	-0.017075403821636213	-0.11301166602485453	-0.10514994841033379	6903495
2021-03-05	0.019379856054954646	-0.02515893051139722	0.04619431021989921	-0.025171907277376154	0.02415362367533336	4824556
2021-03-08	-0.12167302628705436	0.004683011531004163	0.013265475837238179	-0.11755980982492495	-0.11755980982492495	6760625
2021-03-09	-0.007215009711605285	0.007741975085301774	0.046697045358259595	-0.019774424185894444	-0.00256576469722589	5995080
2021-03-10	0.039912794483905514	0.04995219845258743	0.07141851072561488	0.02124274781357275	0.04478273196347732	5480967
2021-03-11	0.13364826501726587	-0.0029560690544829776	0.1613128269444993	-0.0029560690544829776	0.1389571855257167	8425530
2021-03-12	-0.01982541730510633	-0.00284824070682017	0.02247075262022939	-0.0610670446343969	-0.015235257790516443	5714366
2021-03-15	-0.05549690317148505	-0.008156708332297296	-0.008156708332297296	-0.10260953844260486	-0.05107373951597436	5693013
2021-03-16	0.05873859486749257	-0.012550459574670832	0.08137766744139706	-0.04388394346596097	0.05873859486749257	5272381
2021-03-17	-0.008189276503331093	-0.02411284316497486	0.006778846586276001	-0.05932669846232895	-0.008189276503331093	3873411
2021-03-18	0.036078006880733926	0.004128412844036662	0.09584864449541283	0.0030045825688073562	0.036078006880733926	6056289
2021-03-19	-0.021915798726952356	-0.04354373745604426	0.007238812831499056	-0.04354373745604426	-0.021915798726952356	3901178
2021-03-22	-0.006857839189624836	-0.004141835216811612	0.038589544625000666	-0.0356018863880328	-0.006857839189624836	3502173
2021-03-23	-0.095943430153421	-0.00410206939203468	-0.00410206939203468	-0.13172285683836432	-0.095943430153421	5971951
2021-03-24	-0.023821557131689763	-0.031762050967621365	-0.009730314805233809	-0.05180241335611561	-0.023821557131689763	3461394
2021-03-25	-0.044028374435119394	-0.018050329244673924	-0.013841149128469966	-0.07295029051000645	-0.044028374435119394	3809227
2021-03-26	0.041572078609224815	-0.0004322069011710822	0.071231750797458	-0.0004322069011710822	0.041572078609224815	4709254
2021-03-29	0.004720060216500093	-0.02484500661163409	0.04255816844376848	-0.029720664744632024	0.004720060216500093	5015034
2021-03-30	0.07379777420512865	-0.003613727021876266	0.09702897605091268	-0.018920567162225368	0.07379777420512865	6198513
2021-03-31	-0.00963944711538467	-0.016826923076923076	0.014399014423076869	-0.022620201923076958	-0.00963944711538467	3056169
2021-04-01	0.05439453516819672	0.0002670356141420574	0.06551135138016342	0.0002670356141420574	0.05439453516819672	4608369
2021-04-02	0.07734808117884091	-0.008356365216708505	0.09576428769471854	-0.008517454077128688	0.07734808117884091	5427528
2021-04-06	0.02547011324786321	0.014978653846153895	0.06837606837606838	0.013888888888888888	0.02547011324786321	6233562
2021-04-07	-0.012335415985246657	-0.02437908752098646	-0.0029588534787774795	-0.03733958266916446	-0.012335415985246657	4037197
2021-04-08	0.10759493670886076	-0.008333358649789062	0.12970459915611804	-0.01778479535864984	0.10759493670886076	6929257
2021-04-09	-0.02211425714285724	-0.013352399999999934	0.019028552380952447	-0.03238095238095238	-0.02211425714285724	5010747
2021-04-12	-0.006603196207468018	-0.0027075224671051475	0.057870157447452546	-0.04189799055597131	-0.006603196207468018	5537036
2021-04-13	-0.026666678431372565	0.0	0.015490243137254962	-0.03354899019607842	-0.026666678431372565	4450607
2021-04-14	0.047139392189436635	-0.008662344987860707	0.05358583062351932	-0.012590652851619494	0.047139392189436635	4494380
2021-04-15	-0.016660202385383627	-0.009234298020029936	0.004232420259309462	-0.035436674538745855	-0.016660202385383627	3104237
2021-04-16	-0.008764743257285365	-0.002269444703913496	0.02183349507473012	-0.03147870745357321	-0.008764743257285365	3643821
2021-04-19	0.041743958143575774	-0.01709233792213844	0.04977697233034398	-0.04050051087119166	0.041743958143575774	4395881
2021-04-20	0.05337144447195562	-0.010439381635207233	0.09132076349944401	-0.010439381635207233	0.05337144447195562	5412532
2021-04-21	0.09628049916473613	-0.00446055629557013	0.10687443098220925	-0.01030609051786353	0.09628049916473613	6776040
2021-04-22	0.00047575592728988844	-0.007743977822447816	0.017194106459383775	-0.023724010701645377	0.00047575592728988844	4205049
2021-04-23	-0.052525366727294756	-0.0029517678508055086	-0.0029517678508055086	-0.05706787255627166	-0.052525366727294756	6078666
2021-04-26	0.007321217532193786	0.005607750294831706	0.05093720854536545	-0.009986707167672085	0.007321217532193786	4902225
2021-04-27	0.00862546391752585	0.010309278350515464	0.030927835051546393	-0.05515459793814428	0.00862546391752585	5243046
2021-04-28	0.004395005131170695	-0.015365779177343976	0.015178311976480669	-0.028993934482847865	0.004395005131170695	3740479
2021-04-29	0.01441655418249203	0.0023236008408521664	0.04983040229974498	-0.005257761408049938	0.01441655418249203	4194633
2021-04-30	0.033606481870181594	-0.006855001111051658	0.06656077344500691	-0.013542846221414946	0.033606481870181594	5024693
2021-05-06	-0.08686510992820883	0.0029116596005500962	0.0061468585024873545	-0.11355550086919121	-0.08686510992820883	6466418
2021-05-07	-0.07525240035429576	-0.006146981399468533	0.0044286979627989375	-0.07550043401240039	-0.07525240035429576	5411290
2021-05-10	0.0034097696099853404	-0.00385044619553112	0.04379139520357847	-0.023025975134057203	0.0034097696099853404	5667515
2021-05-11	0.03759068814640761	-0.011072905942869141	0.046315407704820274	-0.03913707611616058	0.03759068814640761	4897714
2021-05-12	0.06165708774139513	-0.014977302525847926	0.06255864988424166	-0.022613071493736283	0.06165708774139513	4480854
2021-05-13	0.00450602426343149	-0.01733102253032929	0.03986135181975736	-0.02859618717504333	0.00450602426343149	4168639
2021-05-14	-0.006211138973546075	0.0006901725613598548	0.017080787456761438	-0.02232574799140422	-0.006211138973546075	3066174
2021-05-17	0.08975696527777781	-0.010416666666666666	0.1027082864583334	-0.015625	0.08975696527777781	5719041
2021-05-18	0.006037881037988604	0.008443504697591092	0.02437468170703171	-0.02023261391940202	0.006037881037988604	3364798
2021-05-19	-0.003943039540500134	-0.0068251232295860565	0.026144531602155664	-0.014220304584717278	-0.003943039540500134	3022655
2021-05-20	-0.0017965103338632477	-0.005961844197138315	0.013656640699522994	-0.0190619872813991	-0.0017965103338632477	2803806
2021-05-21	-0.034832043534744825	0.0036313711726262904	0.008966832377457348	-0.052351593899625695	-0.034832043534744825	3696015
2021-05-24	0.019801980198019802	0.0016171287128712128	0.022260709570957153	1.6518151815124847e-05	0.019801980198019802	2321256
2021-05-25	0.07734625889967635	0.0008090614886731392	0.09932039644012942	0.0008090614886731392	0.07734625889967635	4906172
2021-05-26	-0.013217164551826314	-0.00024027185774000995	0.010663917284420326	-0.023730832509417207	-0.013217164551826314	2786133
2021-05-27	0.01308976560121761	-0.0076103500761035	0.031811299847793045	-0.015768622526636304	0.01308976560121761	2888788
2021-05-28	-0.014423041385446159	0.0006760997839940055	0.030649075624365755	-0.03620789794018858	-0.014423041385446159	3431197
2021-05-31	0.03150912042682927	-0.007621951219512195	0.03635667073170727	-0.008140285060975555	0.03150912042682927	2810156
2021-06-01	0.004876805655497777	-0.0024679430770612474	0.018162530197530544	-0.0267486019104234	0.004876805655497777	2932326
2021-06-02	-0.08812151353077914	0.0059267749634196905	0.0059267749634196905	-0.08948921069339394	-0.08812151353077914	5486922
2021-06-03	0.024110978613550132	-0.016192207393446508	0.037722787602086146	-0.016192207393446508	0.024110978613550132	3687512
2021-06-04	0.01985824409448827	-0.014960629921259842	0.03138581574803145	-0.01573226771653549	0.01985824409448827	2508838
2021-06-07	-0.012970712611850897	-0.019471572847969677	-0.004925807312869102	-0.05498677572119282	-0.012970712611850897	3126890
2021-06-08	0.005897839317669481	-0.0049905381489777955	0.03721778004287927	-0.02129197842896151	0.005897839317669481	3532541
2021-06-09	-0.009300413988006214	-0.0035459393308014658	0.0030483406341828786	-0.03385790954175583	-0.009300413988006214	2641045
2021-06-10	0.011664039246467767	0.0	0.023547880690737835	-0.022762951334379906	0.011664039246467767	2988013
2021-06-11	0.014850343875909626	-0.001877662450760545	0.020421200352169204	-0.06852563269816637	0.014850343875909626	5264891
2021-06-15	-0.0047859403669724505	-0.006972474006116132	0.016819571865443424	-0.013761467889908258	-0.0047859403669724505	2319280
2021-06-16	-0.056647249501799536	0.0	0.0032725506112783443	-0.05988904128235327	-0.056647249501799536	2897500
2021-06-17	0.02545603420195437	-0.006498355048859991	0.03553747068403914	-0.006498355048859991	0.02545603420195437	2173735
2021-06-18	0.046646434837551966	6.349443273437893e-05	0.04980700530623545	-0.010530001663437217	0.046646434837551966	3208764
2021-06-21	0.048558421851289835	-0.0012595098634294356	0.06980273141122914	-0.015053084977238243	0.048558421851289835	3591599
2021-06-22	0.004341534008683068	-0.001447178002894356	0.01865414616497822	-0.011577424023154847	0.004341534008683068	2406323
2021-06-23	0.010086455331412104	0.001455345821325599	0.02835733861671465	-0.005763688760806916	0.010086455331412104	2546911
2021-06-24	-0.01546366191155487	0.0014408131241083675	0.007803097004279582	-0.037089871611982884	-0.01546366191155487	2565052
2021-06-25	0.09035593114583595	0.014257603142684665	0.11116267967050002	0.014025811954759548	0.09035593114583595	4377568
2021-06-28	0.02854406451538652	0.037859444589925885	0.05645029882394352	0.0039733029295352445	0.02854406451538652	3380858
2021-06-29	0.018863018087855257	0.015038779069767375	0.038733824289405624	-0.0103359173126615	0.018863018087855257	2968557
2021-06-30	0.0003550963841267137	0.0018007152462810568	0.014456028844718137	-0.018513792092735203	0.0003550963841267137	2189714
2021-07-01	0.039448325224062455	0.0014197279597674898	0.07042895833061463	-0.0061606137425170735	0.039448325224062455	3316887
2021-07-02	-0.03780487804878049	-0.012195121951219513	-0.007414654878048778	-0.054878048780487805	-0.03780487804878049	3131017
2021-07-05	0.031939178707224354	-0.0012674271229404308	0.06296577059569071	-0.010000019011406779	0.031939178707224354	2893030
2021-07-06	-0.06412431986060936	0.011016913372386423	0.014492738671195186	-0.10341440771189772	-0.06412431986060936	5319932
2021-07-07	0.028228730406287837	-0.011798042123886738	0.03839946768854531	-0.022296867705571873	0.028228730406287837	3236922
2021-07-08	-0.029993618379068283	0.004479910657306912	0.016681566049776685	-0.04020421186981493	-0.029993618379068283	2638230
2021-07-09	-0.029999984210526295	-0.013157894736842105	-0.007407901315789451	-0.055789505263157936	-0.029999984210526295	3645083
2021-07-12	0.04313617401297599	0.01736297855621845	0.05534452975565061	-0.009753122467393625	0.04313617401297599	2826344
2021-07-13	-0.009232738621586436	-0.005006470741222327	0.021456436931079324	-0.021430403120936223	-0.009232738621586436	2026319
2021-07-14	0.04474335861157553	-0.008518244908205954	0.056149058475420045	-0.022181419435156797	0.04474335861157553	3545857
2021-07-15	0.008279032503913729	-0.00878150490309562	0.01131925038404059	-0.01981183079953059	0.008279032503913729	2164514
2021-07-16	-0.03661942034123677	-0.00944456233577019	-0.005706617287980643	-0.046824012813665654	-0.03661942034123677	2263432
2021-07-19	0.005263917005486468	0.0019917200119200524	0.03336823799229621	-0.014239719825037366	0.005263917005486468	1718669
2021-07-20	-0.009314759420081217	-0.010627087324356192	0.007359146136953565	-0.014641181655544048	-0.009314759420081217	1234952
2021-07-21	0.03763535914299988	0.00627250704468687	0.04283002927638161	-0.0026233343907084974	0.03763535914299988	2289223
2021-07-22	-0.041789755944931097	0.013779737171464287	0.017521902377972465	-0.04380475594493116	-0.041789755944931097	2967239
2021-07-23	-0.04912420911020387	-0.011898989274545644	-0.007458054508001252	-0.08308405878483945	-0.04912420911020387	3585224
2021-07-26	-0.15054941758241755	-0.01787089285714281	-0.01787089285714281	-0.18956043956043955	-0.15054941758241755	7071633
2021-07-27	0.000161668816494046	-1.618531631894288e-05	0.030061392753115423	-0.027765270591257406	0.000161668816494046	4404298
2021-07-28	0.0825545642683912	0.0008084074373484236	0.08763138561034764	-0.0008084074373484236	0.0825545642683912	4262230
2021-07-29	0.019027406114545144	0.04396917690414363	0.04396917690414363	-0.006810439712080815	0.019027406114545144	2784674
2021-07-30	-0.04908396686062969	-0.02095850542503598	-0.005569380136058254	-0.07543598403229049	-0.04908396686062969	3153719
2021-08-02	-0.010033769547429147	-0.030532818638839707	0.009540546568457858	-0.10554704953853063	-0.010033769547429147	4309868
2021-08-03	0.013327101292114717	-0.012719886583588106	0.03689866486499143	-0.04094658024499291	0.013327101292114717	3478182
2021-08-04	0.004348119511449145	-0.016670213640496097	0.018652268198666333	-0.03201912159340999	0.004348119511449145	2216951
2021-08-05	-0.02696997651189424	-0.022655994362294173	0.0005506983415663979	-0.0469488624670751	-0.02696997651189424	2378595
2021-08-06	-0.015816114881665535	-0.009511662451692151	0.022104828230370917	-0.020595503633605284	-0.015816114881665535	1883533
2021-08-09	0.002555872204472795	-0.039936102236421724	0.022204511182108675	-0.04841852715654944	0.002555872204472795	2291494
2021-08-10	0.0498726086630699	-0.00025489803396665543	0.07468132057417418	-0.026179084812456985	0.0498726086630699	3694518
2021-08-11	-0.05448478174588749	-0.010472034828761866	0.03733491440880562	-0.059037824530417726	-0.05448478174588749	3832580
2021-08-12	-0.009630818619582664	-0.019261637239165328	0.010690165329053028	-0.020000035313001575	-0.009630818619582664	1940536
2021-08-13	-0.0001620356564018957	1.6223662884871404e-05	0.02593192868719611	-0.0065802236628848465	-0.0001620356564018957	1918103
2021-08-16	0.029664430682531443	0.0017830701202890041	0.04151399741232614	-0.00794297910417982	0.029664430682531443	2364789
2021-08-17	-0.034902365524514506	-0.011335031272008248	0.004880314769263527	-0.038413135294462226	-0.034902365524514506	2008545
2021-08-18	-0.044908124720918055	-0.0017128834646370286	0.012903075911147635	-0.05322741702103468	-0.044908124720918055	3313999
2021-08-19	0.019624235695986394	-0.0008539709649871904	0.04843720751494458	-0.007685738684884714	0.019624235695986394	2283499
2021-08-20	-0.09547898784701565	-0.011541255490732875	-0.011373688191991324	-0.11556305994343394	-0.09547898784701565	5583332
2021-08-23	0.040722958586695134	0.018555936564675822	0.043704582375684274	-0.014740941771902143	0.040722958586695134	3056766
2021-08-24	0.04638956711589625	0.04985946296521105	0.05610525485267289	-0.031993986689703706	0.04638956711589625	3850336
2021-08-25	0.006292002509147259	0.006853208200388592	0.035286115846328354	-0.009999158438891055	0.006292002509147259	2613225
2021-08-26	-0.01411064807773548	-0.00023661174482458554	-1.691592733412025e-05	-0.027832650612589754	-0.01411064807773548	1885425
2021-08-27	0.022454534557921048	-0.005673631922922352	0.04986281248421752	-0.009256125776230736	0.022454534557921048	2326898
2021-08-30	-0.046018461022632046	-0.0444425984911986	-0.02782896227996642	-0.0980720871751886	-0.046018461022632046	3440148
2021-08-31	0.0315614135466777	-0.008874418955264059	0.0315614135466777	-0.028187291693607803	0.0315614135466777	3137891
2021-09-01	-0.025638383917848326	0.013611335179786858	0.013611335179786858	-0.07088462767440701	-0.025638383917848326	2791184
2021-09-02	-0.06056369967759731	-0.020910590845455945	0.0018182704384888271	-0.06287156552350784	-0.06056369967759731	2667943
2021-09-03	-0.040608960611436956	-0.004783010062009532	-0.004708607472343781	-0.0520174414424885	-0.040608960611436956	2990307
2021-09-06	0.0930552298739088	-0.00354998448108632	0.09557714839961211	-0.014548981571290009	0.0930552298739088	3757321
2021-09-07	0.018137667535081586	3.5528068983906026e-05	0.022113018690041213	-0.023905392821723215	0.018137667535081586	2112499
2021-09-08	-0.03538494122126971	-1.744670460560313e-05	0.021230966127242994	-0.03597764285248963	-0.03538494122126971	2069825
2021-09-09	-0.011583214055642103	0.0011022696172066848	0.012848054369033118	-0.026635809466131984	-0.011583214055642103	1563692
2021-09-10	-0.007276280934450207	0.0017734323658428234	0.012834144313654854	-0.016399082832976794	-0.007276280934450207	1502356
2021-09-13	-0.01151012891344383	-0.00893181583793733	0.03348065009208097	-0.01841620626151013	-0.01151012891344383	1577013
2021-09-14	-0.006520726595249185	-0.004843923614345542	0.019096413600372612	-0.0099673516534699	-0.006520726595249185	1498623
2021-09-15	-0.008101278949835972	-0.0004500515705579641	0.02203469292076887	-0.030698537271448695	-0.008101278949835972	1579928
2021-09-16	0.01850902412334938	-0.014973594057465376	0.030382105784649716	-0.02913423932077893	0.01850902412334938	2540532
2021-09-17	0.03513894791177148	-0.0013364475771401962	0.060476720288507736	-0.03894413077179192	0.03513894791177148	3572219
2021-09-22	0.012283646920456278	-0.022810060885068772	0.041656917421741116	-0.029678198310272214	0.012283646920456278	2575117
2021-09-23	0.007794550930026626	-0.007971656333038087	0.027564212577502127	-0.020354278122232124	0.007794550930026626	2395863
2021-09-24	0.030462217030948698	-0.0026366671413605002	0.06345574701540173	-0.022271125796261303	0.030462217030948698	4004381
2021-09-27	-0.024990129300449557	-0.027685346286793377	0.04165608179916025	-0.04474349810632332	-0.024990129300449557	3943562
2021-09-28	-0.03476327794713652	-0.011459441906976228	0.01971720260472292	-0.03723018364373647	-0.03476327794713652	2707615
2021-09-29	0.06900365315459148	0.018669205903966677	0.08752782453533176	0.009733364966859379	0.06900365315459148	3330315
2021-09-30	0.005137456087038745	-0.001373491742969863	0.01563289793930948	-0.021669145056792034	0.005137456087038745	2204312
2021-10-08	0.010441797575755547	0.020563084362824884	0.028997490018716	-0.004740132604848461	0.010441797575755547	2015988
2021-10-11	-0.03335555926544233	-0.03180298497495824	-0.0015025442404007184	-0.04005006677796333	-0.03335555926544233	2311736
2021-10-12	0.060930480434856014	-0.0017443438311512602	0.08200058436666828	-0.015474459760476147	0.060930480434856014	4159702
2021-10-13	0.06054045698597678	-0.005371948664273757	0.07437734477051634	-0.019599508766391216	0.06054045698597678	3927881
2021-10-14	-0.017329472706096402	0.0009977513238536699	0.001028385716256365	-0.04027688898182462	-0.017329472706096402	2441595
2021-10-15	0.029678224998221335	0.005966897732579283	0.0437206958377877	-0.019228361089127982	0.029678224998221335	4031207
2021-10-18	-0.05339807548425836	-0.007888367574847701	-0.004854387047553657	-0.07463593917531666	-0.05339807548425836	3386162
2021-10-19	0.01179484775641034	0.0	0.03275641346153854	-0.00641025641025641	0.01179484775641034	1962927
2021-10-20	0.0011087383056116533	0.012781944044173018	0.029507737966637183	-0.026799264131381402	0.0011087383056116533	2198587
2021-10-21	-0.0011233458884388709	-0.00800556595261697	0.012166569667963784	-0.01749833565641968	-0.0011233458884388709	1659006
2021-10-22	-0.016393405232346076	0.00486260729659081	0.006335630240049301	-0.027464903237756685	-0.016393405232346076	1697287
2021-10-25	0.012157790660225418	-0.00322061191626409	0.01748789855072472	-0.017552373590982336	0.012157790660225418	1469131
2021-10-26	-0.005806958984461797	0.002816035373148472	0.005488842678969258	-0.012011754266392548	-0.005806958984461797	1351169
2021-10-27	3.193950909493266e-05	-0.005168892424302464	0.012369948316724584	-0.007841292705727325	3.193950909493266e-05	1426512
2021-10-28	-0.032996216413198005	-0.006096777353333491	0.004928658202309396	-0.03826085523016478	-0.032996216413198005	2169281
2021-10-29	0.035412914818724155	0.009432421170261574	0.047823969177374914	0.006288247684029385	0.035412914818724155	2277186
2021-11-01	-0.06076397358291891	-0.005913396082850028	-0.005913396082850028	-0.07943105489344311	-0.06076397358291891	3615372
2021-11-02	-0.012217521585765416	-0.013068324754080863	0.016709786136959802	-0.016471537427342652	-0.012217521585765416	2100010
2021-11-03	0.0023427820844100803	0.01808785529715762	0.020947412575366125	-0.012919896640826873	0.0023427820844100803	1483774
2021-11-04	-0.015948799091245382	-0.0021825834955811366	0.007115139564030938	-0.01763312354259948	-0.015948799091245382	1619916
2021-11-05	-0.014984834861954321	-0.0010129885479394892	0.008208480667253212	-0.029567907536668308	-0.014984834861954321	1769090
2021-11-08	0.017553234042553247	0.010461035460992961	0.030141843971631204	-0.003847487588652486	0.017553234042553247	1362443
2021-11-09	-0.008363909739094314	-0.0027880047623069022	0.008712318855034583	-0.01812166503760249	-0.008363909739094314	1282473
2021-11-10	-0.0036899948841325725	0.003338647127266845	0.014760190395790898	-0.015990118404081554	-0.0036899948841325725	993286
2021-11-11	0.004003562610229356	-0.00795416225749553	0.005255696649029903	-0.01216935449735455	0.004003562610229356	1016407
2021-11-12	-0.0073252478674356945	0.0028281570141352914	0.007412949657879382	-0.00750086927114139	-0.0073252478674356945	934325
2021-11-15	0.026367058277843622	0.0015926810090680847	0.026367058277843622	-0.016067875394848583	0.026367058277843622	1735202
2021-11-16	0.01318969655172419	0.0017586551724138708	0.018758629310344797	-0.0067931068965518095	0.01318969655172419	2605830
2021-11-17	-0.038373261429493384	-0.0011061413655281845	0.0	-0.040381247393601785	-0.038373261429493384	2237629
2021-11-18	-0.007255310872637464	-0.007874627833995767	-0.0028667422912791183	-0.02672089301238967	-0.007255310872637464	1697982
2021-11-19	0.008752180035650689	-0.0018003743315507408	0.015828885918003535	-0.0053475935828877	0.008752180035650689	990929
2021-11-22	0.015938966320354863	0.0019261491261967274	0.026612003178109654	-0.001607981911285448	0.015938966320354863	1477591
2021-11-23	-0.003356918274395832	-0.00013917694497458233	0.01055781934131941	-0.010209930028820079	-0.003356918274395832	1160212
2021-11-24	0.012181465968586309	-0.00492147818499133	0.012216404886561954	-0.02006980802792321	0.012181465968586309	1745121
2021-11-25	-0.009241672445314299	-0.004879402906286395	0.006586448035671904	-0.010534820529494723	-0.009241672445314299	1240980
2021-11-26	-0.0158713498996846	0.0006613153097813501	0.0054819272343629944	-0.023197969294472598	-0.0158713498996846	1545106
2021-11-29	-0.006171511936339583	-0.01168874447391698	0.014447361626878872	-0.015013244916003598	-0.006171511936339583	1369749
2021-11-30	0.004964285244670321	0.0053379832149253	0.006209836013419111	-0.01247310523881944	0.004964285244670321	1463499
2021-12-01	-0.0453434605951159	-0.01203963906599797	-0.01203963906599797	-0.05617914602363616	-0.0453434605951159	2408247
2021-12-02	-0.009996502123568798	-0.0022070179261225423	0.006843604269947003	-0.009996502123568798	-0.009996502123568798	1220273
2021-12-03	0.04136383944617099	-0.0047395430065089094	0.046646730160660906	-0.004889445595116677	0.04136383944617099	2077364
2021-12-06	-0.01111749468304759	0.00021586493293641166	0.0069979401399769044	-0.02117367038593146	-0.01111749468304759	1332829
2021-12-07	0.01195198809637288	0.013025237117877371	0.022375819049463626	-0.0009642150053291488	0.01195198809637288	1596162
2021-12-08	0.014075818790306054	-0.00014384740705601117	0.015657791516429213	-0.016754467551567905	0.014075818790306054	1909669
2021-12-09	0.052827600191211604	0.0033682398171206987	0.08491406849483722	-0.006984582817993124	0.052827600191211604	4869559
2021-12-10	0.022899436690374624	-0.008587364529219222	0.029095754001855264	-0.009934372388575674	0.022899436690374624	4860949
2021-12-13	0.004098748971193472	0.004098748971193472	0.018930041152263374	-0.008098737448559674	0.004098748971193472	2545097
2021-12-14	-0.009688639316851799	0.006688662218866899	0.006688662218866899	-0.011442777938044636	-0.009688639316851799	1410430
2021-12-15	-0.02516224932499301	0.0015229489043005408	0.016371927098525408	-0.032909555755094584	-0.02516224932499301	2067356
2021-12-16	0.017185156422487153	0.0036000458191818166	0.02990419924344358	-0.0006113045050662534	0.017185156422487153	1891040
2021-12-17	-0.04869780133555927	-0.007512520868113523	0.004974924874791244	-0.0518363739565943	-0.04869780133555927	2344688
2021-12-20	-0.031009324663217878	-0.009336129795352694	0.014337579201272582	-0.032869523263461264	-0.031009324663217878	1715554
2021-12-21	0.011047590007035748	0.014126429624408765	0.022891943672273304	-0.0030968579462749665	0.011047590007035748	1358916
2021-12-22	-0.005839590767033386	0.0033317539617427577	0.010246067956757263	-0.007630870783669362	-0.005839590767033386	1033355
2021-12-23	-0.009009009009009009	-0.021621621621621623	-0.0019279405405405988	-0.02702702702702703	-0.009009009009009009	1519411
2021-12-24	-0.0020363545454545767	0.008472678181818247	0.01963634181818179	-0.003454589090909146	-0.0020363545454545767	1303230
2021-12-27	-0.00818027612428701	0.004408947270724504	0.014210734457342795	-0.021644084119989	-0.00818027612428701	1178203
2021-12-28	0.006098581730967333	1.8385715616187176e-05	0.007880339245384615	-0.013574854050179355	0.006098581730967333	1412380
2021-12-29	-0.022292858464437557	-0.0016432490986992207	0.005641609384317609	-0.025013257836644105	-0.022292858464437557	1548242
2021-12-30	0.014042987861811474	-0.0028944687208216336	0.026890801120448237	-0.004575185807656424	0.014042987861811474	1277739
2021-12-31	-0.01272519381513778	-0.001970476152978724	0.008802563117286062	-0.015763687681349323	-0.01272519381513778	1175872
