2019-07-09	0.10036495843039883	0.11761684795351017	0.11761684795351017	0.11761684795351017	0.11761684795351017	214379
2019-07-10	0.09950245236628628	0.11674085497881988	0.11674085497881988	0.11674085497881988	0.11674085497881988	527342
2019-07-11	0.09954750992584334	0.11678662037542728	0.11678662037542728	0.11678662037542728	0.11678662037542728	1004154
2019-07-12	0.10013724893830948	0.11738552963447131	0.11738552963447131	0.11738552963447131	0.11738552963447131	2121280
2019-07-15	0.09975050027221966	0.11699284250742867	0.11699284250742867	0.11699284250742867	0.11699284250742867	2014361
2019-07-16	0.09977324576388967	0.11701594142967199	0.11701594142967199	0.11701594142967199	0.11701594142967199	1587759
2019-07-17	0.10000013612184878	0.11724625081162654	0.11724625081162654	0.11724625081162654	0.11724625081162654	1411908
2019-07-18	0.10028114393741441	0.11753168283232407	0.11753168283232407	0.11753168283232407	0.11753168283232407	9825960
2019-07-19	0.09965923733460409	0.11690007369291112	0.11690007369291112	0.11690007369291112	0.11690007369291112	18687019
2019-07-22	0.07358625009116317	0.06130912992555805	0.11638076750509029	0.03456004881549952	0.09041842407473935	281181135
2019-07-23	-0.016594397895772158	-0.023893432612848924	0.00761751513313266	-0.046610627499486856	-0.0011762377262109858	157790092
2019-07-24	-0.005869398669990509	0.005991011805639825	0.09392207802272536	2.9583587532323914e-05	0.009716904441957061	207366392
2019-07-25	0.05904059400166619	-0.003061127044642851	0.08613866685136275	-0.015803954744072223	0.07564457345183263	191360039
2019-07-26	-0.03205572796921174	-0.008386530222729428	-0.0006008427369693148	-0.03103580290857717	-0.01688000747992227	122187979
2019-07-29	0.00431959425516557	0.007634771150641375	0.03176535710707909	-0.004796136766311381	0.02006567906759413	85577447
2019-07-30	0.003584288890087832	0.019318784887550615	0.08339025136619671	0.012766021270416372	0.019318784887550615	162427501
2019-07-31	0.0007142394905590037	0.0018940949334194353	0.02728605244440397	-0.004635265569405156	0.016403784939696277	98817789
2019-08-01	-0.034975003510651234	0.004078880146837619	0.020028147557112342	-0.04159402198258525	-0.019845020968574403	122729421
2019-08-02	0.017011860824122288	-0.017376288012719433	0.03295688377867796	-0.018878770752761113	0.03295688377867796	105818400
2019-08-05	0.0254545234285961	0.009030229614948601	0.04448663592645488	0.005336853957499982	0.041531935400495955	127159822
2019-08-06	0.0524823322394741	-0.0023301533717495562	0.11724616037575196	-0.003050492611192321	0.0689834313330857	203745771
2019-08-07	0.006064571129851725	0.014993847754755646	0.04305503976955335	-0.006907570403135257	0.02183804092909652	143399323
2019-08-08	-0.01875413065787455	0.06670040923063217	0.10207574593345989	-0.010853064399656179	-0.0033698344879616107	170611794
2019-08-09	-0.04095568605847335	0.027464358010180157	0.0350906116796214	-0.036318854497874205	-0.025919417675908794	120190916
2019-08-12	0.03914598002084706	0.024353220701708703	0.061221261813767365	0.004834845995324729	0.05543803967854247	107323866
2019-08-13	-0.03493161215279976	-0.010061476364956828	-0.0065831259656770605	-0.028148898441211993	-0.019800857482940425	76306685
2019-08-14	-0.00922631038195629	0.04162904727849719	0.04307074838199694	0.004865669139256126	0.006307370242755874	73544931
2019-08-15	0.0	-0.028703026059352217	0.02804690949673066	-0.03525109554659253	0.015678333798610056	74161722
2019-08-16	0.05515759056944115	0.006220011205929532	0.10589618006725438	0.005492447929569512	0.07170070607833279	153215575
2019-08-19	0.08621854129421974	0.03360612766394054	0.11703937970393359	0.0053353796758007326	0.10324870197618735	188278526
2019-08-20	-0.054374977543985625	-0.00336557731350282	0.021391583504824216	-0.04081871803866417	-0.03954912004798065	139077880
2019-08-21	0.006609427965646562	0.012321863574457522	0.0291043878379598	-0.0037893597185046806	0.022391378132558915	80048378
2019-08-22	-0.016415042309371016	0.007008713959841719	0.017012111780634873	-0.014998761245903172	-0.0009940042967927331	56012002
2019-08-23	-0.0006675136077513976	0.014322353678067818	0.0441553640803639	0.004830032186428109	0.015000376641756352	64123943
2019-08-26	0.03540409139938221	-0.009425250890194269	0.05367300367638923	-0.014174581879076917	0.05163757610972529	93774122
2019-08-27	-0.0038709142206509377	0.018954786977508888	0.07465328015634363	0.003228153609367259	0.011746746683777235	119977086
2019-08-28	0.025906770857898945	-0.00010939592595893201	0.05777900746780128	-0.012608028476884412	0.041991261087684945	106534646
2019-08-29	-0.013888952119423845	0.00734257194500283	0.05415104329206979	-0.0016343828654555375	0.0015716724239937983	108043442
2019-08-30	0.024968001579308428	0.030633952372616916	0.05989478820439769	0.014377896341503084	0.0410378282325299	115199340
2019-09-02	0.06995632265811595	0.015043966629414525	0.11020433850092214	0.002355917046546889	0.08673138333236911	145516974
2019-09-03	0.0005836741063570862	0.0008551738760657056	0.030501359692666336	-0.014560724163823537	0.016271190500697915	105676724
2019-09-04	0.03383903926539317	0.006197179092431603	0.08738034371885282	0.001456556340523689	0.050047880289794455	129311932
2019-09-05	0.025959409090711063	0.04892285361140147	0.11713155923594386	0.02886160109885857	0.042044727907104194	156634352
2019-09-06	0.014301454665885472	0.025175860957772498	0.031879952409493026	-0.010579647281401178	0.030204027315377822	97288651
2019-09-09	0.01952266975776576	0.03826116316645977	0.049827943325812196	-0.0024981059307295104	0.03550709969592991	104572571
2019-09-10	0.03031924284848947	0.004873311407645981	0.06916364718444215	-0.0032304515943882444	0.046472959507495214	115825960
2019-09-11	-0.015487914398191825	0.029835878026106502	0.03612820702261067	-0.0037228778628744345	-5.23832023692201e-05	86382288
2019-09-12	-0.005768275459639695	0.01408059351833175	0.024732646773112096	-0.020006200591202564	0.009819644391141372	79518839
2019-09-16	-0.0026370675692918397	0.01085720579369532	0.015678356932321245	-0.011641999502231808	0.012999933680913964	52715571
2019-09-17	-0.07297716055758441	0.002787663767391121	0.017289735112054023	-0.07025958987542173	-0.05844302364059844	88216991
2019-09-18	-0.014261269639511747	0.019733996593045686	0.023789756806768043	-0.006338747638026667	0.001193436412603592	53866740
2019-09-19	0.028935133074421495	0.02155594853003501	0.048005961467001285	0.016853734457272136	0.04506713644920049	59541277
2019-09-20	-0.006749119407492841	0.008252071929445387	0.021961957992391333	-0.004886623625442393	0.008823319562266691	46556922
2019-09-23	-0.010192613085938683	0.003025467413291777	0.015103124125084608	-0.051036739486464734	0.005325926895551321	47538704
2019-09-24	-0.016018258503270228	0.016259394952043617	0.034271939044424396	-0.0005910457727531696	-0.0005910457727531696	49189140
2019-09-25	0.0	-0.0014465148534682807	0.03870820838128283	-0.007351680262583433	0.015678352635945057	47155319
2019-09-26	-0.07267443920385931	0.017449825492296973	0.027488506300984646	-0.08116545068716535	-0.05813553589076404	75508846
2019-09-27	-0.013166183885152312	0.011220793756106412	0.02140948004211209	-0.0066092958063439	0.002305748974881256	39155402
2019-09-30	-0.05146127335866646	0.01503307213923283	0.018904781251016217	-0.037235000869844034	-0.036589716017880136	42802081
2019-10-08	0.0060282178994098285	0.020440442503793548	0.042209838610541166	0.014317799848770796	0.021801029760465242	36176346
2019-10-09	0.031957283086244626	0.00621125824621573	0.048136727339808	-0.005960652135795045	0.048136727339808	40530365
2019-10-10	0.0025806094804339584	0.004538706390045699	0.03074976200361508	0.004538706390045699	0.01829951058716955	37156281
2019-10-11	0.02509666918908739	0.01567844117280662	0.07776946556882758	0.003260236293602455	0.041168440661699494	66685226
2019-10-14	0.003138656346235892	0.02587971257515567	0.05202083638844429	0.015040710018426247	0.018866240332566075	62174820
2019-10-15	-0.034417958769941005	0.004237692383816947	0.010593627145739817	-0.019914859711490093	-0.019279266235297816	35732424
2019-10-16	-0.022035019113578108	0.02357729667377539	0.030818036393011065	-0.011309903791633104	-0.006702160333937633	34759443
2019-10-17	0.010603035619549615	0.017024491915160086	0.029813019609659205	0.011639848675371012	0.02644761758479099	22804976
2019-10-18	-0.032786896164239084	0.017676399684680176	0.023004548374128766	-0.02028665972764091	-0.017622585382916674	35425493
2019-10-21	-0.052881379647899115	-0.00911108243493421	-0.008422486939753497	-0.060755744573488715	-0.038032093232524725	42428915
2019-10-22	0.009305707850765005	0.014951338318033807	0.025856975907410856	0.004772743234615089	0.025129933401452396	28091884
2019-10-23	-0.009219910061323996	0.027924094684847203	0.03152579088206116	0.002712221304349925	0.006313917501563877	26233130
2019-10-24	0.021474654498495543	0.020040635859743035	0.0542116336397915	0.014951338318033807	0.0374896560027465	41335569
2019-10-25	0.021023046431374728	0.014966557350165766	0.04628389853067576	-0.002827386502396748	0.037031047727343315	48680047
2019-10-28	0.010981525946295817	0.012192881021606573	0.04425959763799362	0.0003421379242461712	0.026832034259522432	45364991
2019-10-29	-0.05295317957310208	-0.0001808638340802088	0.0018877274821250984	-0.04017362928071701	-0.0381050379645117	41628507
2019-10-30	0.0050179607610321645	0.02295920911929192	0.041889415124346414	0.016406445502157675	0.020774954580247085	26306963
2019-10-31	-0.019258188254455355	0.019300568555280218	0.025820614836017608	-0.008228515741166639	-0.0038818182206750026	26769730
2019-11-01	0.019636348755417324	0.015678305798356013	0.04079326026900626	0.009030229614948601	0.03562253434857825	25842730
2019-11-04	0.01069896127693802	0.01640277020828575	0.041758505744486855	0.014229421448039997	0.026545064422766194	30982757
2019-11-05	0.008468621523765527	0.018545484076822643	0.039332126609002635	0.015678360968935674	0.02427973029259633	43454181
2019-11-06	-0.02449270278828221	0.009992242037071301	0.010703003643008704	-0.014884414170738436	-0.009198321323239085	28903345
2019-11-07	0.005021560578913388	0.00912092306950248	0.02515028069226719	0.005477887246146953	0.020778637704240425	17667356
2019-11-08	-0.009992868502567477	0.030177681363650816	0.03597741496738694	0.004078880146837619	0.0055288135477716506	26363445
2019-11-11	-0.03821198723071897	-0.0018964699355545679	0.007623226242609548	-0.02752642118445826	-0.02313271525607475	27227787
2019-11-12	0.019490289345754606	0.020246642341651862	0.03547420416764661	0.008064592880856007	0.03547420416764661	24773633
2019-11-13	-0.012499938387159544	0.00821011636537123	0.01493151714114036	-0.005232685186167033	0.0029823602064396534	18045315
2019-11-14	0.01638115872177615	0.018703378911297357	0.04744185582193521	0.006602967580502425	0.03231634165844162	29414261
2019-11-15	-0.013919406778362075	0.008981572990366919	0.02832782733973972	-0.0006915541843195468	0.0015407059329158627	26212000
2019-11-18	0.012630028145458183	0.015678345986678416	0.03907064073079944	0.013414575527569833	0.02850637858829322	27016171
2019-11-19	0.03301535820396468	0.01567833266006456	0.04921136638691917	0.010462082969220483	0.04921136638691917	40413072
2019-11-20	-0.010653369743864374	0.020006555742276312	0.038040617901793215	0.001251131096378743	0.004857943528282047	46175008
2019-11-21	0.015793251346047244	0.0018248670139465626	0.03244833456459121	-0.00473730460404871	0.03171920438481397	29261524
2019-11-22	0.03321548114872292	0.0264452492668454	0.05228582896866804	0.011371577774115443	0.04941465344624323	61989580
2019-11-25	0.03625172984899592	0.014288969537984371	0.05944567023659329	-0.006552584630604276	0.05249848551373041	69890458
2019-11-26	-0.03762374432150296	0.005622165360620508	0.010985483575877156	-0.023876084823290993	-0.02253525526947686	51648070
2019-11-27	0.0	0.004532377638969899	0.03239735344032831	-0.0031304907064036184	0.015678367959513263	37575032
2019-11-28	0.008230408240007632	0.010801997194275527	0.031004104650260423	0.0038357532439359542	0.024037860699920727	35107420
2019-11-29	0.0020408917656464056	0.014296537331190995	0.0529890482920539	0.008769035765353437	0.017751225809839514	61665268
2019-12-02	0.006788909840654328	0.04739673643864284	0.061187345213345255	0.01981551888923813	0.02257364064417866	56853788
2019-12-03	0.03101811646809696	0.0026655562465242953	0.04718281113451878	-7.396713119851202e-05	0.04718281113451878	63356924
2019-12-04	-0.005232105427548876	0.0017285796485154504	0.01434982833108955	-0.0009285253372896918	0.010364170852382015	39642268
2019-12-05	0.03155807990456771	0.027698168453552732	0.06308998322160876	0.02302377782380946	0.04773127115245233	75023497
2019-12-06	0.01274699062384472	0.007910315790536679	0.030567259305417056	0.002084244600996014	0.028625235575570205	54504393
2019-12-09	-0.005663829244327601	0.025266358302701016	0.03229742233735645	0.0054512974220816595	0.009925651574627496	44672407
2019-12-10	-0.003164609243173784	0.004750095894814814	0.018249617336779635	-0.00746375683839159	0.012464108147366124	43435606
2019-12-11	0.0012698236227820909	0.009229581866833541	0.049211840062196865	0.006650081338100361	0.016968083453032853	59292516
2019-12-12	-0.015218816211102477	0.005373434401379927	0.018898637554761778	0.00022097605723447812	0.00022097605723447812	40058225
2019-12-13	0.06503546404959559	0.039876789642670295	0.11050993007122904	0.026796578452196386	0.08173353085324253	104909242
2019-12-16	0.02962507774944092	0.013222056579179273	0.07155914548659001	-0.004586150065064288	0.045768038591847165	83396796
2019-12-17	0.04286562544618582	0.013889208628459587	0.11468178371500688	0.007328689402674901	0.059216020308320225	101677893
2019-12-18	0.0	0.012818821343038984	0.050563738647892986	0.001952950416882731	0.015678333299305895	86508572
2019-12-19	0.005067640116572036	0.015678333299305895	0.028259934274860295	0.0036685660880902754	0.020825351880214532	49338025
2019-12-20	-0.02128861632927276	0.018523297127200817	0.06347494088439556	-0.017893178300810664	-0.005944079201737208	82093046
2019-12-23	-0.07956499896775228	-0.00815844954575574	0.02730605063496759	-0.07152927964683467	-0.06513405239330643	68162901
2019-12-24	0.0167910967450728	0.025153010245276903	0.03968068536563444	0.012520257509845789	0.03273269978498326	44272334
2019-12-25	0.011009145702071845	0.007602554316117542	0.04798132841533802	0.0007693685822796287	0.026860188490022377	46200652
2019-12-26	0.049606825555303526	0.019979493496616884	0.0752795865175177	0.016907204662018924	0.06606290434736764	57526093
2019-12-27	-0.04495679122922262	0.003970219257729256	0.030313461162451184	-0.034081130160202096	-0.02998329253057869	69214806
2019-12-30	0.02413992210476518	-0.018647535708112145	0.06348939759302025	-0.020486422274555476	0.040196773121853366	57783864
2019-12-31	-0.011785401091833373	0.010291749291538884	0.024057693408037435	-0.0046711033320237525	0.0037081539885817014	34957572
2020-01-02	0.0011926498320859722	0.036876209524809564	0.04777782360544238	0.016889694971265704	0.016889694971265704	49675977
2020-01-03	-0.0011912291128845145	0.003579676150464345	0.02838182607341133	-4.984627204035432e-05	0.014468424897123976	31638798
2020-01-06	-0.01490757781431483	-6.862036663379699e-05	0.024763109836254165	-0.008547687187790351	0.0005370315895340814	38863525
2020-01-07	0.007869170793320956	0.02059687456347977	0.03227846653721076	0.005226439705596042	0.023670961535056344	35452238
2020-01-08	-0.04804799419068544	-0.03312295064766725	-0.03312295064766725	-0.03312295064766725	-0.03312295064766725	41137740
2020-01-09	0.008832813190669381	0.04002900546697695	0.04771868388078091	0.01952319636349988	0.024649648639369148	26469542
2020-01-10	0.005003184554981381	0.030923054710762555	0.03536936296132928	0.013772763597274851	0.02075991923610315	21974673
2020-01-13	0.10018670910057233	0.11743573275058128	0.11743573275058128	0.11743573275058128	0.11743573275058128	71292620
2020-01-14	0.028846124569837445	0.04497673849737168	0.04497673849737168	0.04497673849737168	0.04497673849737168	127242532
2020-01-15	0.0131939905347047	0.01567835417009368	0.0860332005636876	0.00841940913766526	0.02907922145550336	114725215
2020-01-16	0.06890945130883079	0.011269565999475015	0.10165006127136253	0.0074119170430499435	0.08566819953456253	110337911
2020-01-17	-0.040609190445096414	0.00021112703944464132	0.009491436465583805	-0.03278552869793895	-0.025567510255386408	89094905
2020-01-20	0.017989437267431723	0.0011686212563855544	0.03502462052724671	-0.01065403614192053	0.033949828605619084	61078402
2020-01-21	-0.033783710662590234	-0.002798183287181727	0.027819978931537103	-0.020218861790935398	-0.018635110955204814	59708688
2020-01-22	0.0419580026050318	0.005297480637096312	0.0861583103134781	0.002019336678497154	0.05829419593684979	72274467
2020-01-23	-0.06763043718894854	-0.022599759981110634	0.0030937026424258662	-0.07818148383312286	-0.053012430025296486	69567827
2020-02-03	-0.10022147525431184	-0.08611439969329437	-0.08611439969329437	-0.08611439969329437	-0.08611439969329437	5804000
2020-02-04	-0.03076917980501351	-0.08557693563767944	-0.0005724675903277392	-0.08557693563767944	-0.015573256069272177	80392249
2020-02-05	0.019047547804271103	0.016968083453032853	0.06339909297022896	-0.004957671041198665	0.035024522666651486	68739153
2020-02-06	0.04548296488992769	0.006186082661920345	0.07769496817098015	-0.0020405960013532673	0.061874432280069454	79923764
2020-02-07	0.004767514080128037	0.004783070058983847	0.04594291900013904	-0.001269840001612527	0.020520696745634743	63866347
2020-02-10	0.0077105410607863035	-0.00962316103327632	0.040377552833197446	-0.010225640240333867	0.023509821808686937	46735988
2020-02-11	0.026486309922633795	0.05872061825939862	0.10594763092865644	0.03361273755157303	0.04257988050504854	70564767
2020-02-12	0.032110050602208735	0.023831632227564088	0.06285138157867158	0.008107197384954785	0.04829177361184046	72932599
2020-02-13	-0.041111215249484155	0.0032645028844416517	0.021885271575729556	-0.030027174472709254	-0.026077370873856205	63711399
2020-02-14	0.027810051426516127	0.00802839050633756	0.060989722699788466	0.002143928808829248	0.04392438362561639	68054716
2020-02-17	0.06764371790937447	0.040869887828807315	0.10499382806524166	0.027129088477375694	0.08438265766487885	88889335
2020-02-18	-0.017951497980762773	0.002808130746438947	0.016750809593237517	-0.017033580020545246	-0.0025545329177380518	64552232
2020-02-19	-0.0112903031161178	0.01622453438926034	0.05335686358068256	-0.0007035484254445176	0.0042110245557731235	72795335
2020-02-20	0.10005442909512666	0.016230695413844757	0.11730146566424356	0.010707647274057867	0.11730146566424356	108438479
2020-02-21	0.042016800816037043	0.048312550586229304	0.11609143274057993	0.01567834837345623	0.05835390922948369	133999508
2020-02-24	0.1000948608891658	-0.005039942466735805	0.11734260189619634	-0.005039942466735805	0.11734260189619634	124541224
2020-02-25	0.0689953513114974	-0.006658671758110389	0.11685202249418807	-0.05133275265787789	0.08575540213658607	132432589
2020-02-26	-0.08430822127856243	-0.03348726929834822	0.02387253667801088	-0.07855568827977333	-0.0699516764120294	94115125
2020-02-27	0.030836888505725208	0.03849747440624885	0.08189875110046739	0.02015262378791999	0.04699879138754904	87359736
2020-02-28	-0.08119650217711102	-0.043352410725772554	0.0026569105979012938	-0.08588945737944197	-0.0667911871058495	86189650
2020-03-02	0.05488366727341247	0.05252625422221019	0.1092152306966906	0.02985055025437068	0.07142254821980162	76283795
2020-03-03	0.01675484215045618	0.043443807167456036	0.07300058580639594	0.011647923414624695	0.03269588766238705	78059088
2020-03-04	0.10017350658827776	0.010833491858738635	0.11742246544083763	0.010833491858738635	0.11742246544083763	106861807
2020-03-05	0.044934939735883486	0.04810640241680999	0.11616521968198097	0.0008655485263655465	0.06131782765735809	121180979
2020-03-06	-0.06789896180122114	-0.023017777781523897	-0.00577687672346363	-0.060947675820594086	-0.05328510846916384	91846607
2020-03-09	-0.010117324629819815	-0.0176157526095044	0.05390506781205275	-0.03405732997168837	0.005402414593609885	85378728
2020-03-10	0.0482421081663449	0.020246049961909925	0.0999722370163204	-0.012973194644094497	0.06467674809838501	92385314
2020-03-11	-0.05109210574320526	0.010132500466542632	0.010132500466542632	-0.03700705583493521	-0.03621475543721645	59782268
2020-03-12	-0.013152429865486755	-0.0064469904171809015	0.035298936109236984	-0.01479613397653788	0.0023196958992934592	46034660
2020-03-13	-0.017076213608702127	-0.043967915563246245	0.03344530189335807	-0.05665864925187953	-0.0016656109421509507	64510162
2020-03-16	-0.1000001162004868	0.019982093935354547	0.020412380034294592	-0.08588950375204926	-0.08588950375204926	57427821
2020-03-17	-0.01789066919534258	0.030980536176850468	0.051542812712047845	-0.03500982444160406	-0.002492763769161762	48765590
2020-03-18	-0.034995280455281	0.026390206095063234	0.048787764026464425	-0.03203812757212267	-0.019865568201925046	49575500
2020-03-19	0.0546449124122413	0.014669363369428633	0.08783040137966769	0.004073561759227555	0.07117998573610065	61823164
2020-03-20	0.008949594845769699	0.019027200229333685	0.028595579038791247	-0.00010941386461694802	0.024768246651670246	39121481
2020-03-23	-0.029411711710088342	-0.026523003027973335	0.03274860861077103	-0.028893914910812335	-0.014194507807114433	41322601
2020-03-24	0.047619042966269086	0.04889907118444012	0.06990641494390548	0.0029762451463376414	0.06404396289427745	52202154
2020-03-25	0.01239654467925878	0.03992767512546045	0.050187098386209314	0.023606032849218188	0.028269292594530065	49350231
2020-03-26	-0.01723346052882435	0.0023203070232390654	0.02258785929394361	-0.005049695234284757	-0.0018253192466180746	30955236
2020-03-27	0.005537579512450819	0.03161421846551954	0.05458064132095357	0.011928713160861661	0.021302810176187546	37804088
2020-03-30	-0.044056901853773735	-0.030001572693344903	0.0007624346486252937	-0.051443106955919055	-0.029069283434486337	36821182
2020-03-31	-0.03792605403204076	0.02786844902696491	0.03176927805553033	-0.023817535601525677	-0.02284227958402146	36407335
2020-04-01	-0.03692624310109101	0.008582786096924443	0.029869457964296804	-0.035510983517223205	-0.021826795824730818	41753456
2020-04-02	0.02176167373703405	0.00515327877052606	0.039360065744392055	-0.004845628191065626	0.03778123833515681	39582379
2020-04-03	-0.004563960288827511	0.009497829425151904	0.027524627884163714	0.0033172304694876575	0.01104292765907666	29290469
2020-04-07	0.046867120795166015	0.057071404112654454	0.08397684646262925	0.042583886092510334	0.06328028866586613	53283803
2020-04-08	-0.01849137701379867	-0.0021144398234509477	0.012712932902652643	-0.011010942538697778	-0.0031029840582475787	34205780
2020-04-09	0.0004957033836639208	0.02423880777394229	0.04538828168077894	0.011649835210349095	0.01618186533324264	31444010
2020-04-10	-0.050544998528826525	0.012155274576925768	0.016685059270219574	-0.03817566645967218	-0.03565916973878333	32480937
2020-04-13	-0.03183716747469465	0.0071966319768709585	0.0071966319768709585	-0.025669837445354855	-0.016658078106614526	23537059
2020-04-14	0.0598382350259863	0.028819200886219105	0.08904799296219816	0.028819200886219105	0.07645473193019349	43545264
2020-04-15	-0.027466814544472258	0.002246167984103774	0.02032792874670366	-0.012735810699876652	-0.012219188963802474	32867626
2020-04-16	0.013075210121084535	0.011959663976252605	0.0459573670136191	0.009303654847897884	0.028958568616180805	31500759
2020-04-17	-0.0010325101480002006	0.025641026985529218	0.03822558010726125	0.00938603163892985	0.014629595439651637	34975734
2020-04-20	0.020671808990752744	0.012004057674150238	0.037199125645336416	0.012004057674150238	0.03667422730239841	27710148
2020-04-21	-0.014683571462329355	0.006935771537278756	0.0074500390406175895	-0.021863208649691362	0.0007645100704634614	24949776
2020-04-22	-0.0025694156911031125	0.006283635537656272	0.014634536644249843	-0.005720889189335753	0.013068690493631706	20624402
2020-04-23	-0.02215356261884894	0.015678390487264035	0.016724942151856763	-0.00839224547078598	-0.006822470301480077	20929865
2020-04-24	-0.008956753236752544	0.010327062901478638	0.03761873818598221	0.0006948139448901577	0.006581146685958512	26246636
2020-04-27	-0.04040402076886796	0.00919882792550729	0.02269800895719246	-0.02967892143919411	-0.025359183509054944	30865800
2020-04-28	0.001662054942966014	0.034247492624937155	0.04099998120572998	-0.024836233821875744	0.017366468118897093	29415317
2020-04-29	-0.004424717364184317	0.02185787008316594	0.03309313776132021	0.006690050863127311	0.011184202875909034	18941428
2020-04-30	0.0799999006892337	0.03260620736302436	0.11724606505069618	0.027527815901764056	0.09693261205879847	61877391
2020-05-06	0.040637898273017496	-0.007310219788309453	0.0689701005495478	-0.012534902842055268	0.05695338177276317	64522877
2020-05-07	0.017795307224626147	0.014172202314491551	0.04881461600806482	0.006139155565121649	0.033752703559538466	60483714
2020-05-08	0.03448284877318227	0.03984946847068368	0.09608416269303255	0.008772422679077406	0.0507017380728698	75376266
2020-05-11	0.013145452238395278	0.015678258290045013	0.0538258479829035	0.009002486122997137	0.029029945677423268	52646988
2020-05-12	0.008341176444563607	0.022267548609365476	0.03262210273384564	-0.003618554307471769	0.02415022476473378	41300545
2020-05-13	-0.006433920442985003	0.00120863847440647	0.022212967849721776	-0.002992236735934846	0.009143624982828882	34068121
2020-05-14	-0.010638314864617393	0.002994137158673117	0.018497091035130277	-0.008750524868946005	0.004873236104443978	30856187
2020-05-15	0.007480122333452377	0.026124872126138187	0.037046097648716324	0.010930057508574564	0.023275749417753615	35979479
2020-05-18	0.011600979688977242	0.008137351391639671	0.04631375667814444	-0.00081749149964368	0.027461163144532806	48324859
2020-05-19	-0.005045871388657887	0.035712368837721005	0.03990553632289395	0.008689733933272955	0.010553410517433004	38402717
2020-05-20	-0.017980597312521655	0.00256677698803468	0.029258185810228984	-0.0035206904777135245	-0.0025842434713516473	38165230
2020-05-21	-0.03427237163793197	0.01996985676599348	0.022354173510375396	-0.021992391758852894	-0.019131326108220638	35441668
2020-05-22	-0.036460780050871756	0.004815510440847968	0.024566183864746627	-0.022835382975926757	-0.021354131845817907	32919780
2020-05-25	-0.00857725455598598	0.015165788470493583	0.02387751022301722	-0.015068832702258169	0.006966620414528855	26372525
2020-05-26	0.01933851582566432	0.02549916068269305	0.03893816178034939	0.015678352188251872	0.035320020865599856	27246918
2020-05-27	-0.03295062089735444	0.013649945042830883	0.013649945042830883	-0.020831444465876835	-0.017788871979510793	25893062
2020-05-28	0.02529689189328786	0.025116670605456966	0.07126008448744606	0.023019297520806385	0.04137182325897033	41996187
2020-05-29	-0.0186304851996345	0.003404261020927324	0.009541238685620115	-0.007335590532528463	-0.0032442379947955403	22273492
2020-06-01	0.10005129983377047	0.05424180940621325	0.11729834146866139	0.043298122803380544	0.11729834146866139	72428261
2020-06-02	-0.00419782136046409	0.01899446422138014	0.032258967660545604	0.0005190192166438694	0.011414775040746901	63214416
2020-06-03	-0.0243559207367422	0.02329005306408298	0.03137742214920117	-0.011438013669842194	-0.009059423276390276	49889563
2020-06-04	-0.011521878701673392	0.024455223626970404	0.02786844902696491	-0.0004125614301336651	0.003975871227002326	34356972
2020-06-05	0.048081593653169226	0.02209107907320211	0.06994003847147048	0.006305937229693892	0.06451382967729383	58726880
2020-06-08	-0.022242744971109375	0.016619708406169553	0.016619708406169553	-0.011619727938446331	-0.006913155214343628	40455351
2020-06-09	0.028909863314729216	0.02097327591493596	0.06910968911867708	0.015196954466900232	0.04504148251680652	67364393
2020-06-10	-0.01243661015858067	-0.0020994741677098916	0.008660775388825686	-0.008649172982336912	0.0030468013007419704	35457129
2020-06-11	-0.014925355457814366	0.009046074798741555	0.04220726233706933	-0.0013759504515718256	0.0005190192166438694	47248224
2020-06-12	-0.01420458849037346	-0.018947065701932587	0.019525646479017902	-0.023756196804027685	0.0012510829453806478	32438522
2020-06-15	-0.014889493753602349	0.028849997914493195	0.045436484367358414	0.0005554033772525921	0.0005554033772525921	38465945
2020-06-16	0.019015023769398676	0.032020311982117244	0.03895326993209311	0.016173550953601033	0.03499157967496397	26318019
2020-06-17	-0.011552588888993177	0.005959067964875399	0.014220567157751137	-0.008620096854900809	-0.0003585976620248986	21114625
2020-06-18	0.005833726694604606	0.00788326961462531	0.032465788385713734	0.0005085139832988547	0.017224675912676395	26311751
2020-06-19	0.04011596655110322	0.0127911817557978	0.0738910388163482	0.004481601195562863	0.05189513915443562	66000141
2020-06-22	-0.0055761971722567945	0.0052155132346802325	0.05925945454813749	-0.008412888226326949	0.005685506727800969	76046365
2020-06-23	-0.008411292774669954	-0.0004896891650530671	0.013687809310634718	-0.01655751446974291	0.0028183355275303024	41891958
2020-06-24	-0.042412784901004426	0.010848294778436973	0.017044018275146785	-0.036810750126677685	-0.031568207528070144	54748217
2020-06-29	-0.05757877770536267	-0.008085373340390776	-0.008085373340390776	-0.06880473292089001	-0.04690591567829827	41190044
2020-06-30	0.013054911088958862	0.012909259173588643	0.04723621529782385	0.0049877067248514035	0.024527613554098986	33533852
2020-07-01	-0.002061851585679206	0.006111790598619861	0.021229585443344492	-0.0017076793649797998	0.009239703696413243	28773372
2020-07-02	0.06973137101486555	0.000354903980033402	0.10639774758731638	-0.0100926145808596	0.08184590397240675	75229428
2020-07-03	0.08981175390983762	0.01523154896101631	0.1119202144262687	0.014743222121127665	0.10215367762849738	127708390
2020-07-06	0.09171461497896194	0.012669072607073197	0.10542239031931398	0.012669072607073197	0.10407809452961102	118981571
2020-07-07	-0.058035764124892045	-0.0038614222248491105	-0.0038614222248491105	-0.06419618553214411	-0.047368133744430385	111613529
2020-07-08	0.053425319602204535	-3.965125717194226e-06	0.10587787621940688	-0.005232745907946826	0.06535524999202612	100458012
2020-07-09	-0.029447877020250653	-0.019697340459678324	0.0030522569958035175	-0.03665616212434965	-0.018456492432560086	92577656
2020-07-10	0.02359885903119942	-0.009131756496153474	0.08761107846099625	-0.01936007384845118	0.03519099464845917	101487671
2020-07-13	0.05146157048879997	0.011741152468981554	0.10750270630360566	-0.000333083520692777	0.06336918144724787	99974547
2020-07-14	0.037196438236091325	-0.007682148145695911	0.06874141621265287	-0.022729227412809416	0.04894257560108093	104493214
2020-07-15	-0.0637976879868386	0.014379100537796494	0.022778212938903593	-0.07610179723772015	-0.05319530752885766	74540075
2020-07-16	-0.06572572125919574	0.0031690763589873492	0.0366080455709536	-0.06697124130387991	-0.05514522360822206	54542663
2020-07-17	-0.03668542629851354	0.02572867983655736	0.035767726490276874	-0.051091851078861474	-0.025775994299916574	44080744
2020-07-20	0.034050158180365504	0.032620755567531544	0.06705645870724673	0.01766828081429231	0.04576068419209925	39838270
2020-07-21	-0.016031164932370095	0.007381269666720176	0.02096487933246245	-0.007078748558160901	-0.004887880524143241	27660333
2020-07-22	0.0	0.013106164797771581	0.04828659922838277	0.0073170312453519305	0.011324834701152864	41080746
2020-07-23	-0.01276967995464134	-0.002480083891424968	0.019785985664570013	-0.030980652923098408	-0.0015894411091850295	34308364
2020-07-24	-0.07002671304987967	0.011324853601480382	0.02124860277487333	-0.07438064246644177	-0.05949495104411839	36293278
2020-07-27	-0.0014388944944254607	0.02199585361682249	0.025391140173885766	-0.017293023527440672	0.009869656967358535	23025952
2020-07-28	0.014409193205159973	0.018611000212417225	0.03415499510197219	0.010839051342320143	0.025897299427493962	20423138
2020-07-29	0.025094695586663492	0.014197957363175397	0.04771719985402843	0.007015300167400134	0.03670376661533268	32198679
2020-07-30	-0.024480368198863574	0.00898925342362679	0.009923549444817669	-0.015301228603238444	-0.013432683273321838	24431604
2020-07-31	0.013257597614039489	0.015634450494570015	0.04292882556977887	0.011803674451649699	0.024732591481206437	26481941
2020-08-03	0.025233642033156162	0.029755587357153956	0.036844312965912375	0.012742598637962833	0.036844312965912375	29291130
2020-08-04	0.0027347256643042526	0.01870006036143579	0.02423141730909696	0.001644900979818946	0.014090557825863615	32477590
2020-08-05	-0.011363613901358932	0.006268191493259278	0.007187623700545231	-0.013498612623182263	-0.0001674662032469819	23282190
2020-08-06	0.022988459783888894	0.013649676982846434	0.046198109096887804	-0.012853961949914285	0.03457368566247794	32265590
2020-08-07	-0.033258361963675584	-0.005492698620684588	0.004506963664983279	-0.04094584012076257	-0.022310190568606763	28685331
2020-08-10	0.05997198475104589	0.01179498118658435	0.08608104393169612	0.006623166691671538	0.07197604829271106	66425492
2020-08-11	-0.041227991540178255	-0.004199748561556568	0.01886546819043773	-0.03702354120481532	-0.030369998992667083	42439684
2020-08-12	-0.010978935158208695	0.0006841478438495424	0.01178753240021575	-0.021059752782427082	0.00022160320341077633	23711006
2020-08-13	0.01387605956974542	0.017405873233847756	0.04547224215064362	0.007582690890250762	0.025358011093606646	24447216
2020-08-14	0.008211662162149627	0.002097345549202014	0.021936336365154612	-0.0039004287980275707	0.019629482332727755	19353258
2020-08-17	0.03257916568356143	0.027341326795934484	0.06898411368865225	0.020477039631669126	0.04427296361738357	50912362
2020-08-18	-0.0175284931468118	0.004234047513920173	0.010438450091938745	-0.011277114042298647	-0.006402147164073616	26663180
2020-08-19	-0.010704751783350955	0.011324853601480382	0.024406173682638893	-0.002207548037930579	0.00049889620342698	23078036
2020-08-20	-0.0076645476416318074	0.0008377855414010755	0.012236848638726231	-0.005089772865460396	0.0035735150885067802	14409950
2020-08-21	0.007723746665924683	0.024190467989776098	0.03843443419176792	0.006730020050514768	0.01913609514926596	18183341
2020-08-24	-0.011722203738008061	0.013604690614152865	0.015884548829870202	-0.00736958548492546	-0.0005301476265302692	15278197
2020-08-25	-0.024178921444238204	0.01824536991327151	0.026088673623523177	-0.014511911210111028	-0.013127891064816178	21611896
2020-08-26	-0.043010716592484774	0.006596921023941097	0.00896088706857753	-0.033118502834428395	-0.03217299206500016	27868554
2020-08-27	0.006350744655244344	0.01379512326997736	0.02318206574688636	-0.012389643559120554	0.017747540904558257	17106749
2020-08-28	0.017961129777528208	0.008870153741018422	0.0329260377862394	0.003960907875177081	0.029489398762452705	18381176
2020-08-31	-0.007629981052487782	0.017594449162138884	0.03640306694286074	0.0031262334112814147	0.0036085056620692338	20559787
2020-09-01	0.005286056006213202	0.013268865134497307	0.01861459951799505	0.002577250573420356	0.016670727031831364	10047331
2020-09-02	-0.005258260546469304	0.015192206340426402	0.02002645494204755	-0.0031778900032477524	0.006007085654860398	13493468
2020-09-03	-0.013454995578308444	0.015212737620660992	0.02541837191069032	-0.00374044435217298	-0.002282454941002781	16130969
2020-09-04	-0.011203095314191627	-0.008379513720717859	0.008861826520691686	-0.013305498336363322	-5.172387294240167e-06	10907020
2020-09-07	-0.041379377342736445	0.008833897616063312	0.018299549437344714	-0.032017647867648893	-0.030523128949397814	17432372
2020-09-08	-0.03597115385364932	-0.006344634690055728	0.0019704725345511763	-0.07078681961959933	-0.02505367791484124	34366116
2020-09-09	-0.042110951931072595	-0.0037695570197723892	0.0021603860932051253	-0.03234104720099954	-0.03126298354306017	20924174
2020-09-10	-0.009460193361723882	0.029334106975328074	0.03214797647783161	-0.006684199300233014	0.0017575217643089381	14094005
2020-09-11	0.01573036350767006	0.006779569918742879	0.03007413238833922	0.005075203370052605	0.027233388903174775	10456014
2020-09-14	0.0049779222967994705	0.014121630499589614	0.01803727011866687	0.0029344643018259383	0.016359130862475143	9354954
2020-09-15	-0.0011008245776092066	0.011324834419909243	0.014664377076221476	0.0029759777791283667	0.010211653534471635	8563150
2020-09-16	-0.002203741133354724	0.011882148716141181	0.02246902141746652	0.0074245181050567564	0.009096185304596136	10319879
2020-09-17	-0.0066261600638492435	0.011324883549659697	0.017467551048170406	-0.009337247735604156	0.004623614049407061	10378590
2020-09-18	0.05280706441020379	0.007389698136126851	0.0793461613617931	0.0068275387063633	0.06473001618794295	24838407
2020-09-21	-0.008447659586556133	0.03588713507738628	0.04069279704424013	0.0022475013094093534	0.0027815171464149174	20658210
2020-09-22	-0.002662509069881633	-0.0032150219750428912	0.04094292950958496	-0.0075231148028115785	0.008632233301320664	15787516
2020-09-23	-0.012279795208058645	0.015104485574176566	0.019424079359577087	-0.003253788013775215	-0.0010939371261526776	9734439
2020-09-24	-0.013513487657872572	0.007498290997540815	0.019524857683349706	-0.0023416271999392208	-0.0023416271999392208	9214899
2020-09-25	0.013150714840458665	0.016312255013469966	0.035153376425933414	0.011879049975243364	0.024624514460144943	10643295
2020-09-28	0.002704268480115958	0.008590135463930525	0.021170108890535628	0.008590135463930525	0.01405971290844338	6674243
2020-09-29	0.0	0.016779536110676205	0.02168893417606762	0.010779336464039791	0.011324819077054328	7619511
2020-09-30	-0.013484439290239923	0.020052540885285557	0.020052540885285557	-0.0050397138616406125	-0.0023122462483069588	7627591
2020-10-09	0.016949118803741503	0.027913008147883295	0.0312306402344283	0.02072474999983418	0.02846594682897423	7870527
2020-10-12	0.030645210050003042	0.01784950354822805	0.048298103341743635	0.01784950354822805	0.042317095370546336	16974796
2020-10-13	-0.010433052775540694	-0.0029191783167736318	0.0018288255960036295	-0.010832518171402338	0.0007736608597875836	11013901
2020-10-14	-0.012651530805799348	-0.0014699130569776975	0.011858037916634452	-0.006268028719282013	-0.0014699130569776975	8437691
2020-10-15	0.0010678575786733698	0.014564644340846176	0.027523425697047355	0.0102449425656011	0.012404793453223638	8053171
2020-10-16	0.0031998857391707823	0.011324842555599988	0.022112361480184674	0.009706668870186166	0.01456102811445304	7408127
2020-10-19	-0.012227408003166596	0.02100270853362011	0.02100270853362011	-0.001578709980551486	-0.0010410571587856003	8407023
2020-10-20	-0.008611447206367546	0.007514665978951377	0.007514665978951377	-0.01480197438038791	0.0026158912659256894	9379219
2020-10-21	-0.011943461120433834	0.013520952213417852	0.013520952213417852	-0.00130291804008105	-0.0007538817415343509	5907434
2020-10-22	0.008241685729490557	0.008546416779056149	0.027439297313760224	0.008546416779056149	0.01965987591711753	6815944
2020-10-23	-0.02506812526716058	0.0113248542975741	0.014631638562307241	-0.014027213511785042	-0.014027213511785042	7533118
2020-10-26	-0.026271664695553597	0.007367747510453433	0.007367747510453433	-0.022593189572194878	-0.015244323140735115	9334110
2020-10-27	-0.005740574852844233	-0.0014472627755236277	0.012486030422184487	-0.00609169384142647	0.005519325767942149	5636920
2020-10-28	0.034642140752954936	0.01424449970918571	0.050446603300037286	0.01132491212655073	0.04635926243116573	12712657
2020-10-29	0.0	-0.00673456538880811	0.017532771551433044	-0.010120641116719368	0.011324806149577211	10803937
2020-10-30	-0.03515629144484693	-0.005605798232123137	0.014146526516913841	-0.02874448088675135	-0.024229525131082886	8568300
2020-11-02	0.005205252150951672	0.013079606415063472	0.03413668830359824	0.008400254884277852	0.016589061571258543	6784155
2020-11-03	0.019562736389198882	0.012488698967732833	0.04332887198226729	0.012488698967732833	0.031109122598823546	7986029
2020-11-04	0.0073364430242267124	0.020456443115542785	0.03529529602655464	0.010754116212188707	0.018744324852167978	9595377
2020-11-05	0.002240835131055198	0.031154752750633466	0.031154752750633466	0.009625092548966799	0.013591015492476023	9461190
2020-11-06	-0.009502553100632109	0.012455463406970867	0.023196196966285536	-0.006199494880259856	0.0017146733174797106	10684438
2020-11-09	0.04401803034773708	0.016461367331808776	0.0718218173371449	0.01303707373254791	0.05584145712969782	22013311
2020-11-10	-0.01459451200429013	0.018431478772973207	0.018431478772973207	-0.01054155903117252	-0.003434951444103648	11819292
2020-11-11	-0.022490410998421285	0.0046677939360451545	0.012989116746718326	-0.011975073588721996	-0.011420259560431583	8181567
2020-11-12	-0.00729515947123022	0.015297451807561585	0.018702699493900646	-2.5538506364038446e-05	0.003947118039146646	5082134
2020-11-13	0.002826392799824488	0.006179600657606984	0.01990023157566517	0.006179600657606984	0.01418330202647414	5024104
2020-11-16	0.001691147304203328	0.02272659122053678	0.02500686093302074	0.008474549216462521	0.013035145649598314	5820685
2020-11-17	-0.009566723280749156	0.011324846361999374	0.013032147097284334	-0.006886911629615296	0.0016498196944958272	7007274
2020-11-18	0.0056818645429151824	0.011899558889965288	0.030287226610440105	0.011899558889965288	0.01707110659743542	6791592
2020-11-19	0.0	0.005611138743197489	0.014753058186317473	-0.0029593535977310327	0.011324895532143931	7844631
2020-11-20	-0.0028249102449206848	0.011324895532143931	0.013610318255927298	0.005611138743197489	0.00846798856917232	7924556
2020-11-23	0.0118981084156327	0.006740981760970502	0.03825541242172825	0.0027300615149108425	0.02335770865064969	19890764
2020-11-24	-0.02015679045146319	0.005096035085835728	0.007361096860453682	-0.009060247098471818	-0.009060247098471818	14998383
2020-11-25	-0.019428589921367933	0.01768177191042445	0.019993313698221233	-0.008901681024107983	-0.008323781129661308	14532499
2020-11-26	-0.03671333101758034	0.0018952321691820928	0.00602068312517286	-0.044663487554870034	-0.025804165314599368	18589218
2020-11-27	0.007259513917984026	0.011324942049187716	0.01866662228991852	0.0015359534866419423	0.01866662228991852	11120241
2020-11-30	0.01501498583051819	0.014361967575405378	0.04412468220709594	0.014361967575405378	0.026509953623616498	25305235
2020-12-01	0.023668713412777577	-0.00064335824025149	0.049025262298189765	-0.006029112274540303	0.0352615489715843	28723274
2020-12-02	0.019653198586670688	0.011909373134091163	0.04990712764217391	0.001971498878130939	0.03120054080742542	34750521
2020-12-03	0.001133727241679701	0.002725130567826089	0.025657609098529405	-0.0018613766045823947	0.012471458309194423	23854549
2020-12-04	-0.018686203066020923	0.006170914364833592	0.0067435785164355454	-0.017308315850851207	-0.0075730252736161555	14606001
2020-12-07	-0.012694781418164484	0.014826149883003147	0.0200783277764936	-0.006765838743940492	-0.0015136608504500405	11340261
2020-12-08	-0.0280538906688706	-0.0034519217595136895	0.001276657216207439	-0.024730586257496447	-0.017046704529186555	20130668
2020-12-09	-0.020444879597294387	0.00950055568140544	0.02652821508443182	-0.011784094588985723	-0.00935150231622596	15662316
2020-12-10	0.03253529517524169	0.005737483659871094	0.05043686253630603	0.005737483659871094	0.04422860684755709	17280644
2020-12-11	0.04696798254941539	0.020343743425561826	0.0726537098035198	0.005312161169346583	0.05882471425413085	53718083
2020-12-14	-0.03520731066633509	0.010176189888773718	0.015344800297528096	-0.03232127347209558	-0.024281212836255596	27972941
2020-12-15	-0.012948826726308845	0.002991354750244585	0.010134260363222304	-0.015461245664071277	-0.001770622008213659	15165368
2020-12-16	-0.0232558882836418	0.013133955795636204	0.016149295911057602	-0.014606558149158476	-0.012194394606894494	13729261
2020-12-17	0.03846158832963157	0.012559754145552335	0.053926524589303665	0.008855267240141856	0.05022203768389319	20909189
2020-12-18	-0.01822453802340745	0.010730329359557759	0.013108577824540809	-0.011267978440051899	-0.007106028762650339	11717104
2020-12-21	-0.0017964641540150464	0.011324900337570463	0.024042098243486115	-0.0001812512123029437	0.009508088570012722	11857978
2020-12-22	-0.047990430087904636	0.011931571100204978	0.013144978975119594	-0.03781566440951735	-0.03720899080574026	18661698
2020-12-23	0.10018903555543156	0.021521083671301896	0.11264853317101158	0.01897199681423095	0.11264853317101158	59718518
2020-12-24	-0.02061845936753035	0.0008989554913349927	0.02870164472363818	-0.016477819402737882	-0.009527132614064595	47082423
2020-12-25	0.006432676461101211	-0.0016864285057810956	0.03025020412793232	-0.0235688363862134	0.017830366405941975	34376202
2020-12-28	-0.021499145486285492	-0.0010154971290654803	0.021902323878885174	-0.018644576651228845	-0.010417704214909578	26212919
2020-12-29	0.07482194916182552	0.02273541289922111	0.11221718935269447	0.017931018992730093	0.08699412134361618	77796108
2020-12-30	0.0044198247379662915	-0.005437519234727728	0.015794770567832614	-0.026669697288688333	0.015794770567832614	52981341
2020-12-31	0.022552266944823592	0.01911287225781733	0.06417184646174534	0.011324891792964984	0.03413254886860392	66376786
2021-01-04	-0.02151684805232647	0.004796639376671497	0.008060841391835452	-0.02566817620097406	-0.01043568680982109	40828458
2021-01-05	-0.012644395245294501	0.0013171685196781073	0.0235563060770279	-0.01703011996513564	-0.0014627792728346169	32872833
2021-01-06	0.012249419065376976	0.005693939196513632	0.023713034203784036	-0.0005002003785936796	0.023713034203784036	28296203
2021-01-07	-0.017601670277044568	0.009656038836210853	0.010212323155128962	-0.03985326554749299	-0.0064761507839798055	27798766
2021-01-08	0.004479217558501115	0.007927234897568481	0.053227394512481464	-0.012457698197576961	0.01585486617103813	26148700
2021-01-11	-0.02173914391519269	0.008506177903994768	0.013579770390922147	-0.013479088885365009	-0.010660514083375275	17886521
2021-01-12	0.03190888464177269	0.002681076999337428	0.053391441967181916	-0.0013526974483610728	0.04359513259419999	31038050
2021-01-13	-0.03865271205934772	0.003506689263159188	0.008532599505763218	-0.031116192120221486	-0.027765585291818867	22239032
2021-01-14	-0.0028719070217778494	0.011905750796309489	0.037464851959118084	0.006096877370383406	0.008420484829488076	17460429
2021-01-15	-0.06278795232465484	-0.01022987716946958	-0.01022987716946958	-0.07314640057482398	-0.05217422610637251	35643492
2021-01-18	-0.006146331051046196	0.006973727746270502	0.019405439236629334	-0.007944462791670336	0.005108899540018264	18363594
2021-01-19	0.01607912675571504	0.02633522397499073	0.050727040612103584	0.022582627178007297	0.027586089573985208	22432734
2021-01-20	-0.011564189029482813	-0.005294590378342651	0.017480285628180946	-0.005294590378342651	-0.00037030617229494685	14590893
2021-01-21	0.0073891478367612996	0.01817495222361954	0.03685706143873165	0.012570319459085866	0.01879775147115394	18983555
2021-01-22	-0.01039111567182638	0.009470352603728686	0.011324922110677043	-0.004747539686464483	0.000816045200534017	14714690
2021-01-25	-0.008029818776721747	0.010075455822316835	0.021319338447426096	-0.0030424072403107075	0.003204131752068776	12809571
2021-01-26	-0.023661162565259106	0.012584383606258737	0.019511329799111507	-0.015752865934961037	-0.012604282652603334	14400423
2021-01-27	-0.015306156343209358	0.001005197551794101	0.022289457551284572	-0.010604398811564318	-0.004154623054142987	11096173
2021-01-28	-0.0025906684844313414	0.0008448230712023706	0.02049491776500875	-0.0024301927110986147	0.008704860948724968	9932972
2021-01-29	-0.026623389842752154	0.0185486174729355	0.02117543531296892	-0.033987739327731636	-0.015600014447498159	13095820
2021-02-01	-0.009339541433319241	0.020770211267049782	0.022794210364076275	-0.010264441554023828	0.0018795530281353694	9616685
2021-02-02	0.009427590808289641	0.012686917181483157	0.026988480907650766	0.007238702428657419	0.020859239310721825	9197279
2021-02-03	-0.02468307378805807	0.011324882147592577	0.017396879438672175	-0.014987106113752431	-0.013637773382401436	9318337
2021-02-04	-0.03967174139137407	0.003715684907982957	0.01478353532736803	-0.034330050908653126	-0.02879612569896071	11965962
2021-02-05	-0.031338970389141824	0.01636711208901331	0.024290597725426685	-0.023970632969090598	-0.02036904858890282	11161468
2021-02-08	0.0	0.016530178713739116	0.027684496695235917	0.0038886183347094485	0.011324830322373936	8169548
2021-02-09	0.029411705653610776	0.012068451521140371	0.047018647863163635	-0.0020603512554221684	0.04106967827303202	11447954
2021-02-10	0.014285758660173661	0.005545888975164484	0.03877513530624038	0.005545888975164484	0.025772386741906253	9762988
2021-02-18	0.009859135268828652	0.03269086192510096	0.03767626608611871	0.01488584706432336	0.021295652414203288	10064959
2021-02-19	0.029986134834852206	0.014851101102865999	0.04376624713845844	0.005682884067190296	0.041650504745610134	10109362
2021-02-22	-0.014218117215897573	0.02022608483926235	0.04008283414150297	-0.005793103901604798	-0.003054241928881883	16356848
2021-02-23	-0.008928484604662177	0.011324893956750378	0.01896539796329172	-0.001872340236366646	0.002295207403565052	8901784
2021-02-24	0.0027719270531347423	0.008521410194672658	0.024640932386804232	0.00221377107601245	0.014128200522370635	7907188
2021-02-25	0.0027644044952866618	0.01621726193887537	0.026700933829579065	0.007131412966932264	0.014120527560734683	7679365
2021-02-26	-0.004135140596104536	-0.0012209081195024745	0.016900694384958736	-0.002614877542922539	0.007142908421018036	7582479
2021-03-01	-0.0034602008316240375	0.010625000174969675	0.01692390945583859	0.002226454467144497	0.007825484939027991	8168322
2021-03-02	-0.0013888861576873517	0.0162410346752398	0.02466874194276074	0.005004091651878467	0.009920254224599065	7703303
2021-03-03	0.006258680304033181	0.006401869277188228	0.021874155178025424	0.005698583554422913	0.01765444084143353	7448431
2021-03-04	-0.026952262390372194	0.0036368556700309917	0.009927058804453182	-0.02012613394889731	-0.015932665192615807	8946707
2021-03-05	0.02911925961828805	0.014916179272265592	0.0472383505866689	0.0113248269039985	0.04077391632378824	11789028
2021-03-08	-0.006901227967565028	0.019002299036693805	0.03016944751928772	0.0015536295326408268	0.004345416653289367	9519782
2021-03-09	-0.03961090068980222	0.012027596586965053	0.015541581297336385	-0.0463045496052003	-0.028734626053343267	11004904
2021-03-10	-0.014471751435375178	0.013520213288559844	0.02303339940606985	-0.0047743753989592875	-0.003310808303957788	7226498
2021-03-11	0.013215832535300053	0.017265067273520944	0.028403005966296746	0.012067362550225691	0.024690359735371568	5944001
2021-03-12	-0.001449345779078099	0.01132485975012806	0.023783209471687602	-0.010660463287918252	0.009859171547591545	9193813
2021-03-15	-0.018142200505075427	0.0032519454060674657	0.0032519454060674657	-0.009224486980108935	-0.007022763617842558	5303849
2021-03-16	0.0007390968636968835	0.018052112009651306	0.01954704903169201	0.003102741789245319	0.012072363921488884	4254915
2021-03-17	0.014771094750984762	0.019540978003459487	0.03447930735149547	0.012818729796843282	0.026263226210075694	7077579
2021-03-18	-0.009461481293544769	0.011324851011755505	0.015741116736697706	0.0017562752743807593	0.0017562752743807593	5411221
2021-03-19	-0.013960296320427	0.006123382827569242	0.009095682333706886	-0.004279665443912182	-0.002793515690843426	6492263
2021-03-22	0.017883720548177353	0.01584645104094876	0.030918356842743196	0.011324879300410373	0.02941116626256378	7302314
2021-03-23	0.007320704160513601	0.01132491411511952	0.02465130390580189	0.0017002992662932873	0.018728463998831935	8767293
2021-03-24	0.012354700143283364	0.006915007186212743	0.05615829585882314	0.004710083812812324	0.023819419715616345	16995102
2021-03-25	0.0394830496735446	0.006242770806356102	0.10715744984104843	0.003338751265789479	0.05125507368513978	27801943
2021-03-26	-0.0034529620783899403	-0.0026436926432820288	0.009229596730012227	-0.018009125949898053	0.007832739156683522	16693319
2021-03-29	-0.01732505219746586	-0.0012904728787988319	0.0043163174488991445	-0.010401507161308091	-0.006196414415534577	8979485
2021-03-30	-0.014104415509871746	0.01061163614101261	0.014890866780988705	-0.004365671098903531	-0.0029392608855782084	8277840
2021-03-31	0.010014358932512521	0.01928237746131552	0.046771895093345374	0.014218518950152114	0.021452602537528353	12200163
2021-04-01	-0.013456063665906313	-0.0029998816778594914	0.002013768342438649	-0.013027181718455773	-0.002283645960674061	9960193
2021-04-02	0.0	0.010598800117206163	0.014228824542914572	0.0018867414955061675	0.01132480500234782	6096071
2021-04-06	0.0	0.015680834313197882	0.02221487827947291	0.009146790346922853	0.01132480500234782	5851044
2021-04-07	0.017228967130273973	0.01277681477263113	0.03455696132688132	0.009146790346922853	0.028748922245747942	9708307
2021-04-08	-0.0014114297835094126	0.007756297691781241	0.0348772178846196	0.004187755561144698	0.009897422970163295	13410080
2021-04-09	-0.009187260766285458	0.009895402567321422	0.010610119766590567	-0.00011063822244684154	0.002033513375360589	6340076
2021-04-12	-0.0313837462645182	0.0041113744178390066	0.013488851334097617	-0.026185089465457854	-0.02041433444006797	9930242
2021-04-13	0.008100056516525166	0.012814260067317926	0.021006140111980147	0.005367096390352381	0.019516707376586933	5937397
2021-04-14	0.008765579316314857	0.004676325053569208	0.023144639852348055	0.00393759246161807	0.020189709484543503	5146472
2021-04-15	-0.012309896007829913	0.008395607437521723	0.008395607437521723	-0.004053721049361257	-0.0011244672877416635	4876375
2021-04-16	0.004398818173507361	0.011324836276963368	0.020222122226614014	0.011324836276963368	0.015773479251788625	4480622
2021-04-19	0.020437915469040266	0.014277618414143696	0.03347064467234436	0.010586651826028127	0.03199425803709818	8672557
2021-04-20	-0.00786836803631738	0.006261027004038265	0.022899419255003703	0.0019205768516124713	0.003367393569087693	7065776
2021-04-21	-0.00360489557068148	0.009137433216648099	0.017158034203196563	0.005491705495489637	0.007679142128184766	4829491
2021-04-22	0.0007235875717687654	0.01717913102606372	0.0237651829535706	0.009861295551056096	0.012056646193558345	6192561
2021-04-23	-0.011569029942016652	0.009862355249101461	0.010593609669991455	-0.001837715485138681	-0.00037520664335869547	5614060
2021-04-26	-0.013899095230475141	0.01132484072003663	0.02242204087424335	-0.006430679526694095	-0.0027316128086251447	7828340
2021-04-27	0.003709191577794278	0.012075129135234671	0.0240789853740514	0.004572718985974248	0.015076093194938788	6214607
2021-04-28	-0.0044345811821811685	0.012819832432509304	0.014314769454549875	0.0038502103002656047	0.006840084344346882	4738154
2021-04-29	-0.03192280415239343	-0.03147059852564298	0.00531850277066982	-0.03897857838203332	-0.02095942672669656	15106305
2021-04-30	-0.03297547374250777	0.01442712360972883	0.018304903134230905	-0.024350671635291386	-0.022024003920590222	11009581
2021-05-06	-0.0015859595701011762	0.020146939655421317	0.02977096738801957	0.006512900367573712	0.009720909611773082	5215297
2021-05-07	-0.023034188161201737	0.015341211277966848	0.015341211277966848	-0.015183287162351837	-0.011970182063370855	7893352
2021-05-10	0.008130065257586862	0.011324865173128975	0.02119144922359846	0.004747142472815935	0.01954701854852024	5079422
2021-05-11	0.020296311665534632	0.010509296685529568	0.02763657290053847	-9.330287614271832e-05	0.020296311665534632	6119927
2021-05-12	-0.003996802557953552	-0.0015987210231814208	-0.0007993605115907104	-0.01278976818545165	-0.003996802557953552	3981590
2021-05-13	-0.001605136436597219	-0.0008025682182986808	0.012841091492776754	-0.008025682182985668	-0.001605136436597219	4629600
2021-05-14	0.057877813504823204	-0.0008038585209003044	0.06591639871382639	-0.0016077170418006088	0.057877813504823204	21052739
2021-05-17	-0.021276595744680802	-0.01139817629179334	-0.0007598784194528714	-0.027355623100303907	-0.021276595744680802	11437579
2021-05-18	0.004658385093167602	0.0007763975155279337	0.018633540372670686	-0.00465838509316774	0.004658385093167602	6254241
2021-05-19	-0.0054095826893354165	-0.003863987635239485	0.012364760432766627	-0.007727975270479108	-0.0054095826893354165	6984654
2021-05-20	0.019425019425019428	0.0007770007770008985	0.03185703185703187	-0.0023310023310022816	0.019425019425019428	11843274
2021-05-21	-0.019817073170731694	0.003048780487804949	0.003048780487804949	-0.020579268292682897	-0.019817073170731694	7499791
2021-05-24	0.013219284603421456	0.0	0.028771384136858553	-0.0007776049766718341	0.013219284603421456	9353776
2021-05-25	0.027628549501151282	-0.0023023791250958835	0.04374520337682274	-0.005372217958557061	0.027628549501151282	21063456
2021-05-26	-0.0029873039581778133	0.006721433905899915	0.03211351755041073	-0.005974607916355494	-0.0029873039581778133	18342366
2021-05-27	0.011235955056179803	-0.0029962546816478764	0.01348314606741571	-0.006741573033707855	0.011235955056179803	12122365
2021-05-28	0.00148148148148145	-0.007407407407407381	0.014814814814814762	-0.014814814814814762	0.00148148148148145	14603478
2021-05-31	-0.008875739644970357	-0.0051775147928994295	-0.0014792899408283709	-0.019970414201183402	-0.008875739644970357	10685330
2021-06-01	-0.011940298507462697	-0.0022388059701493384	-0.0022388059701493384	-0.016417910447761242	-0.011940298507462697	9962257
2021-06-02	-0.0143504531722054	0.003021148036253712	0.015861027190332257	-0.015861027190332392	-0.0143504531722054	9193164
2021-06-03	-0.0007662835249043343	0.005363984674329387	0.016858237547892632	-0.0045977011494253255	-0.0007662835249043343	8310279
2021-06-04	-0.0007668711656441555	-0.007668711656441691	0.026840490797546124	-0.01610429447852754	-0.0007668711656441555	11909464
2021-06-07	0.004604758250191903	0.0	0.01151189562547969	-0.0061396776669224926	0.004604758250191903	7340936
2021-06-08	0.0	-0.0030557677616500495	0.012223071046600469	-0.006875477463712747	0.0	7508492
2021-06-09	-0.01757066462948819	0.0	0.005347593582887722	-0.021390374331550752	-0.01757066462948819	9149287
2021-06-10	-0.009331259720062149	-0.0031104199066873364	0.008553654743390452	-0.010886469673405817	-0.009331259720062149	8248843
2021-06-11	-0.00941915227629521	0.000784929356357911	0.006279434850863428	-0.021978021978021928	-0.00941915227629521	11331960
2021-06-15	-0.02060221870047542	-0.003169572107765384	-0.003169572107765384	-0.027733755942947677	-0.02060221870047542	8901538
2021-06-16	0.008090614886731507	-0.004854368932038731	0.01375404530744336	-0.004854368932038731	0.008090614886731507	6914165
2021-06-17	0.00481540930979123	0.004012841091492691	0.01605136436597105	-0.002407704654895757	0.00481540930979123	6639986
2021-06-18	0.0007987220447284176	-0.005591054313099065	0.009584664536741293	-0.006389776357827482	0.0007987220447284176	7159766
2021-06-21	0.0526735833998404	0.015163607342378396	0.09976057462090983	0.007182761372705496	0.0526735833998404	25449310
2021-06-22	-0.013646702047005285	-0.009097801364670146	0.0053070507960576415	-0.020470053070507928	-0.013646702047005285	15409643
2021-06-23	-0.0007686395080706985	-0.0023059185242120953	0.01537279016141438	-0.013835511145272846	-0.0007686395080706985	11647200
2021-06-24	0.020769230769230738	0.0015384615384615057	0.036923076923076954	0.0015384615384615057	0.020769230769230738	18522071
2021-06-25	0.03617181612660139	-0.0015071590052750244	0.06103993971363983	-0.005275056518462719	0.03617181612660139	34934825
2021-06-28	-0.013818181818181782	-0.00945454545454551	0.0021818181818181355	-0.02254545454545458	-0.013818181818181782	19987898
2021-06-29	0.0014749262536872842	-0.0051622418879056255	0.011799410029498535	-0.011061946902654893	0.0014749262536872842	15138599
2021-06-30	-0.0014727540500736062	-0.005154639175257753	0.0044182621502209495	-0.024300441826215026	-0.0014727540500736062	12511537
2021-07-01	-0.04867256637168142	0.009587020648967479	0.0176991150442478	-0.04867256637168142	-0.04867256637168142	14885660
2021-07-02	-0.022480620155038832	-0.0007751937984495958	0.007751937984496096	-0.023255813953488427	-0.022480620155038832	11257381
2021-07-05	0.0007930214115780957	-0.005551149881046811	0.007137192704203003	-0.007930214115781098	0.0007930214115780957	5792701
2021-07-06	-0.000792393026941346	0.004754358161648218	0.00633914421553091	-0.009508716323296293	-0.000792393026941346	6875075
2021-07-07	0.04678826328310864	0.0023790642347344283	0.08326724821570189	0.0015860428231563323	0.04678826328310864	21992208
2021-07-08	0.01060606060606065	0.009848484848484908	0.026515151515151623	-0.0068181818181818074	0.01060606060606065	18869827
2021-07-09	-0.0029985007496251236	-0.007496251874062942	0.0014992503748125618	-0.014992503748125883	-0.0029985007496251236	12034744
2021-07-12	0.008270676691729281	0.005263157894736729	0.018796992481203006	-0.007518796992481309	0.008270676691729281	17849487
2021-07-13	0.005965697240865032	0.01118568232662195	0.029828486204325155	0.0007457121551081124	0.005965697240865032	19896642
2021-07-14	-0.018532246108228317	-0.002965159377316599	0.0007412898443291168	-0.02297998517420315	-0.018532246108228317	14106702
2021-07-15	0.01661631419939582	-0.000755287009063428	0.018126888217522674	-0.003776435045317274	0.01661631419939582	15276639
2021-07-16	-0.01783060921248144	0.0037147102526002176	0.007429420505200567	-0.020059435364041703	-0.01783060921248144	14488089
2021-07-19	-0.024205748865355543	-0.008320726172466052	-0.00302571860816951	-0.037821482602118	-0.024205748865355543	11565538
2021-07-20	-0.003100775193798521	-0.0069767441860465	0.013953488372093	-0.011627906976744214	-0.003100775193798521	7972897
2021-07-21	0.10031104199066881	0.004665629860031143	0.10031104199066881	-0.0007776049766718341	0.10031104199066881	78562061
2021-07-22	-0.019081272084805624	-0.036042402826855106	-0.007067137809187254	-0.0395759717314488	-0.019081272084805624	72926154
2021-07-23	0.021613832853025858	-0.011527377521613843	0.04899135446685877	-0.02521613832853036	0.021613832853025858	73973834
2021-07-26	-0.05782792665726377	-0.010578279266572663	-0.010578279266572663	-0.06064880112834975	-0.05782792665726377	57961169
2021-07-27	0.0	0.0	0.0	0.0	0.0	0
2021-07-28	0.0	0.0	0.0	0.0	0.0	0
2021-07-29	0.0	0.0	0.0	0.0	0.0	0
2021-07-30	0.0	0.0	0.0	0.0	0.0	0
2021-08-02	-0.10415703592814363	-0.10415703592814363	-0.10415703592814363	-0.10415703592814363	-0.10415703592814363	0
2021-08-03	0.0	0.0	0.0	0.0	0.0	0
2021-08-04	0.04608261278683919	0.0009640336410810199	0.08785907495883756	-0.022430785175238162	0.04608261278683919	46016037
2021-08-05	-0.0359424920127795	-0.018370607028754028	-0.005591054313099065	-0.051118210862619716	-0.0359424920127795	29120821
2021-08-06	0.004971002485501284	-0.003314001657000905	0.00911350455675223	-0.014913007456503704	0.004971002485501284	17579612
2021-08-09	0.029678483099752632	-0.001648804616653038	0.058532563891178814	-0.006595218466611712	0.029678483099752632	32168819
2021-08-10	0.100080064051241	0.0016012810248198217	0.100080064051241	-0.009607686148919214	0.100080064051241	64867061
2021-08-11	-0.014556040756914197	0.016739446870451268	0.0480349344978166	-0.02037845705967972	-0.014556040756914197	68431040
2021-08-12	-0.020679468242245154	0.0014771048744461855	0.00812407680945356	-0.025110782865583447	-0.020679468242245154	32934430
2021-08-13	-0.00904977375565605	-0.010558069381598836	0.012820512820512815	-0.01885369532428356	-0.00904977375565605	27329847
2021-08-16	0.017503805175037947	0.0	0.0380517503805175	-0.002283105022831137	0.017503805175037947	34248166
2021-08-17	-0.008227374719521275	-0.008975317875841379	0.06955871353777124	-0.018698578908002993	-0.008227374719521275	47453184
2021-08-18	0.07843137254901968	0.013574660633484142	0.07843137254901968	-0.0007541478129713264	0.07843137254901968	69681976
2021-08-19	-0.04825174825174834	-0.02097902097902103	-0.004895104895104915	-0.050349650349650395	-0.04825174825174834	53922667
2021-08-20	-0.00734753857457749	-0.01469507714915498	0.010286554004408565	-0.020573108008817	-0.00734753857457749	26324704
2021-08-23	-0.028127313101406294	-0.0022205773501109815	0.002960769800148107	-0.037009622501850484	-0.028127313101406294	31327351
2021-08-24	0.002284843869002236	-0.00990099009900996	0.02056359482102053	-0.012947448591012942	0.002284843869002236	26117494
2021-08-25	-0.03875379939209725	-0.021276595744680802	-0.013677811550151953	-0.04255319148936174	-0.03875379939209725	38999866
2021-08-26	0.0031620553359683118	-0.0023715415019763745	0.018972332015810292	-0.012648221343873528	0.0031620553359683118	25168297
2021-08-27	-0.024428684003151988	0.001576044129235725	0.007092198581560273	-0.03309692671394798	-0.024428684003151988	27082155
2021-08-30	0.00969305331179315	0.002423263327948252	0.014539579967689798	-0.014539579967689942	0.00969305331179315	23788367
2021-08-31	0.015999999999999945	-0.008799999999999954	0.022399999999999948	-0.01519999999999996	0.015999999999999945	26585843
2021-09-01	0.01574803149606308	-0.004724409448818797	0.047244094488189094	-0.01968503937007874	0.01574803149606308	46171179
2021-09-02	0.003100775193798383	0.0	0.012403100775193809	-0.010852713178294617	0.003100775193798383	35068068
2021-09-03	-0.014683153013910318	0.034775888717156186	0.0417310664605874	-0.014683153013910318	-0.014683153013910318	36354447
2021-09-06	0.007843137254901933	-0.004705882352941215	0.0196078431372549	-0.01019607843137261	0.007843137254901933	25688942
2021-09-07	0.005447470817120645	-0.007003891050583647	0.008560311284046787	-0.015564202334630295	0.005447470817120645	27561046
2021-09-08	0.008513931888544848	-0.0015479876160990381	0.02167182662538695	-0.005417956656346771	0.008513931888544848	31008403
2021-09-09	-0.015349194167306162	-0.009209516500383671	-0.003069838833461178	-0.019186492709132773	-0.015349194167306162	19694775
2021-09-10	0.0046765393608729925	0.0	0.027279812938425536	0.0	0.0046765393608729925	28959821
2021-09-13	-0.027928626842513668	-0.003878975950349163	0.005430566330488773	-0.0325833979829325	-0.027928626842513668	27274793
2021-09-14	-0.0183559457302473	0.001596169193934665	0.006384676775738235	-0.024740622505985535	-0.0183559457302473	18751893
2021-09-15	0.006504065040650412	0.0	0.009756097560975546	-0.0016260162601627113	0.006504065040650412	11884021
2021-09-16	-0.012924071082390964	-0.0024232633279483956	0.006462035541195482	-0.016155088852988775	-0.012924071082390964	13114646
2021-09-17	-0.003273322422258668	0.007364975450081821	0.010638297872340344	-0.01145662847790512	-0.003273322422258668	12315764
2021-09-22	0.014778325123152686	0.013136288998357976	0.02627257799671595	0.008210180623973698	0.014778325123152686	14800780
2021-09-23	0.0	-0.01051779935275073	0.007281553398058241	-0.01051779935275073	0.0	13383151
2021-09-24	-0.01051779935275073	-0.005663430420711997	0.000809061488673122	-0.015372168284789604	-0.01051779935275073	9578882
2021-09-27	-0.028618152085036763	-0.001635322976287782	0.006541291905151273	-0.03352412101390025	-0.028618152085036763	13816550
2021-09-28	0.0050505050505049425	0.003367003367003295	0.015151515151515126	0.0	0.0050505050505049425	7340377
2021-09-29	-0.01591289782244552	0.002512562814070447	0.002512562814070447	-0.01675041876046895	-0.01591289782244552	8864545
2021-09-30	0.004255319148936231	0.0	0.00851063829787231	-0.002553191489361648	0.004255319148936231	6570763
2021-10-08	0.00847457627118641	0.005084745762711756	0.01271186440677954	0.0033898305084745037	0.00847457627118641	6417660
2021-10-11	0.002521008403361291	-0.0016806722689075271	0.006722689075630258	-0.0033613445378152034	0.002521008403361291	5950482
2021-10-12	-0.011735121542330309	-0.0033528918692371456	0.0	-0.019279128248114036	-0.011735121542330309	7206594
2021-10-13	0.01781170483460567	0.003392705682782097	0.029686174724342786	0.0	0.01781170483460567	11839229
2021-10-14	0.011666666666666714	-0.004166666666666726	0.019166666666666703	-0.008333333333333304	0.011666666666666714	13021670
2021-10-15	-0.014003294892915973	-0.007413509060955507	-0.004942339373970386	-0.01894563426688636	-0.014003294892915973	8179178
2021-10-18	-0.009189640768588237	-0.006683375104427742	0.0016708437761068983	-0.01754385964912288	-0.009189640768588237	6603441
2021-10-19	0.003372681281618965	-0.004215851602023519	0.007588532883642484	-0.005059021922428223	0.003372681281618965	5540709
2021-10-20	-0.005882352941176494	-0.0033613445378152034	0.004201680672268818	-0.008403361344537785	-0.005882352941176494	5487692
2021-10-21	-0.005071851225697421	0.0	0.005917159763313634	-0.010143702451394693	-0.005071851225697421	6941491
2021-10-22	-0.001699235344095121	-0.001699235344095121	0.0059473237043330745	-0.0059473237043330745	-0.001699235344095121	6827324
2021-10-25	-0.028936170212765944	0.007659574468085095	0.00851063829787231	-0.05617021276595746	-0.028936170212765944	20611938
2021-10-26	-0.01665205959684483	0.0	0.0008764241893076062	-0.019281332164767802	-0.01665205959684483	8737763
2021-10-27	-0.018716577540107027	-0.0017825311942960204	-0.0008912655971479311	-0.022281639928698752	-0.018716577540107027	9157498
2021-10-28	0.0009082652134423058	-0.0018165304268846117	0.01362397820163491	-0.0036330608537692233	0.0009082652134423058	5981958
2021-10-29	0.017241379310344945	0.007259528130671513	0.03176043557168781	0.003629764065335837	0.017241379310344945	8974986
2021-11-01	0.004460303300624347	-0.0017841213202498972	0.011596788581623461	-0.005352363960749375	0.004460303300624347	5949125
2021-11-02	-0.01598579040852573	0.003552397868561361	0.005328596802841963	-0.022202486678507993	-0.01598579040852573	7743858
2021-11-03	0.014440433212996403	0.0	0.02256317689530686	-0.0027075812274367653	0.014440433212996403	6416106
2021-11-04	0.0026690391459074166	-0.0008896797153024721	0.005338078291814991	-0.005338078291814991	0.0026690391459074166	5622208
2021-11-05	-0.007098491570541266	-0.0017746228926352773	0.0008873114463176387	-0.010647737355811822	-0.007098491570541266	4941320
2021-11-08	0.0062555853440572195	0.0044682752457552025	0.013404825737265447	-0.0017873100983020174	0.0062555853440572195	6853152
2021-11-09	0.0008880994671403008	0.0017761989342806016	0.0026642984014209024	-0.006216696269982263	0.0008880994671403008	5660055
2021-11-10	-0.0017746228926352773	0.0008873114463176387	0.004436557231588351	-0.007985803016858905	-0.0017746228926352773	5707646
2021-11-11	0.012444444444444496	-0.004444444444444508	0.016888888888888846	-0.005333333333333377	0.012444444444444496	11947196
2021-11-12	-0.006145741878841113	0.0008779631255487082	0.0008779631255487082	-0.009657594381036102	-0.006145741878841113	6265391
2021-11-15	0.001766784452296782	0.007067137809187285	0.01413427561837457	-0.001766784452296782	0.001766784452296782	6110759
2021-11-16	-0.007936507936507924	-0.002645502645502589	0.0017636684303350594	-0.011463844797178043	-0.007936507936507924	5976499
2021-11-17	-0.00088888888888887	0.00177777777777774	0.00355555555555548	-0.00177777777777774	-0.00088888888888887	4128089
2021-11-18	-0.013345195729537398	-0.0017793594306049442	0.0017793594306049442	-0.013345195729537398	-0.013345195729537398	7035887
2021-11-19	0.014427412082957633	-0.002705139765554496	0.019837691614066785	-0.0063119927862939846	0.014427412082957633	8271087
2021-11-22	0.0071111111111111175	0.00355555555555548	0.016888888888888846	-0.0026666666666666098	0.0071111111111111175	8956982
2021-11-23	0.004413062665489913	0.0	0.014121800529567533	-0.0035304501323919616	0.004413062665489913	10060903
2021-11-24	-0.005272407732864718	0.0008787346221440937	0.005272407732864562	-0.0070298769771529055	-0.005272407732864718	6267796
2021-11-25	-0.003533568904593721	0.001766784452296782	0.007067137809187285	-0.005300353356890503	-0.003533568904593721	6957942
2021-11-26	0.0	0.0	0.005319148936170257	-0.0017730496453900331	0.0	4893368
2021-11-29	-0.00975177304964534	-0.011524822695035374	-0.0035460992907800663	-0.015957446808510613	-0.00975177304964534	5402260
2021-11-30	0.0008952551477170803	0.002685765443151241	0.007162041181736801	-0.002685765443151241	0.0008952551477170803	5237916
2021-12-01	0.01341681574239717	0.0	0.015205724508050083	-0.0017889087656529135	0.01341681574239717	7747766
2021-12-02	0.004413062665489913	0.0	0.007943512797881717	-0.0035304501323919616	0.004413062665489913	8755366
2021-12-03	0.0008787346221440937	0.0008787346221440937	0.004393673110720468	-0.008787346221441249	0.0008787346221440937	8712785
2021-12-06	0.0	0.005267778753292249	0.021071115013169463	-0.0026338893766462805	0.0	17897808
2021-12-07	-0.003511852502194989	0.00790166812993853	0.014047410008779643	-0.009657594381036102	-0.003511852502194989	10812130
2021-12-08	0.01674008810572683	0.0017621145374448965	0.01938325991189433	-0.006167400881057294	0.01674008810572683	13036660
2021-12-09	0.01819757365684583	0.0	0.03379549393414217	-0.005199306759098676	0.01819757365684583	27756383
2021-12-10	-0.011063829787234108	-0.010212765957446742	-0.002553191489361648	-0.01702127659574462	-0.011063829787234108	16655462
2021-12-13	-0.007745266781411348	0.013769363166953541	0.019793459552495736	-0.008605851979345925	-0.007745266781411348	18598606
2021-12-14	-0.006938421509106685	-0.011274934952298267	0.0017346053772767868	-0.013009540329574899	-0.006938421509106685	9348741
2021-12-15	0.007860262008733613	0.0026200873362446407	0.014847161572052396	0.0008733624454149838	0.007860262008733613	8917852
2021-12-16	0.006932409012131722	0.0034662045060659384	0.009532062391681214	-0.002599653379549338	0.006932409012131722	9061353
2021-12-17	-0.007745266781411348	0.005163511187607616	0.006024096385542193	-0.01032702237521508	-0.007745266781411348	10460747
2021-12-20	-0.012142237640936583	-0.0034692107545532653	0.0017346053772767868	-0.013009540329574899	-0.012142237640936583	8251211
2021-12-21	0.014047410008779643	0.003511852502194833	0.014925373134328351	-0.006145741878841113	0.014047410008779643	9781217
2021-12-22	-0.004329004329004391	-0.0017316017316018485	0.0017316017316016945	-0.007792207792207779	-0.004329004329004391	6457207
2021-12-23	-0.004347826086956583	0.0	0.004347826086956583	-0.007826086956521728	-0.004347826086956583	5600600
2021-12-24	-0.018340611353711712	0.0	0.0034934497816594694	-0.018340611353711712	-0.018340611353711712	7753010
2021-12-27	0.0035587188612098883	0.0	0.011565836298932295	-0.0026690391459074166	0.0035587188612098883	4296193
2021-12-28	0.10017730496453908	0.0026595744680852074	0.10017730496453908	0.0008865248226950166	0.10017730496453908	54120076
2021-12-29	-0.040290088638195005	0.020145044319097503	0.020145044319097503	-0.04593070104754233	-0.040290088638195005	60362139
2021-12-30	0.000839630562552459	-0.010915197313182265	0.0235096557514693	-0.010915197313182265	0.000839630562552459	36757051
2021-12-31	0.0	0.0	0.011744966442953067	-0.007550335570469787	0.0	23924330
